phi1,phi2,phi3,phi4,theta1,theta2,theta3,theta4,deltaphi12,deltaphi23,deltaphi34,deltatheta12,deltatheta23,deltatheta34,deltatheta14,cluster1,cluster2,cluster3,cluster4,NCPPF
564,555,548,548,14,19,15,16,9,7,0,-5,4,-1,-2,2,2,1,1,4
719,712,710,707,17,16,18,16,7,2,3,1,-2,2,1,2,1,2,1,4
714,710,717,712,13,14,15,13,4,-7,5,-1,-1,2,0,2,2,1,1,4
839,832,834,834,21,19,20,21,7,-2,0,2,-1,-1,0,1,2,1,1,4
1017,1014,1014,1017,20,19,20,21,3,0,-3,1,-1,-1,-1,1,2,2,1,4
267,253,253,253,14,14,15,13,14,0,0,0,-1,2,1,3,1,1,3,4
771,766,764,766,13,14,15,13,5,2,-2,-1,-1,2,0,2,2,3,2,4
447,445,447,445,17,19,18,18,2,-2,2,-2,1,0,-1,2,1,2,1,4
1040,1040,1038,1036,13,14,12,13,0,2,2,-1,2,-1,0,1,1,2,1,4
958,951,951,953,13,14,12,13,7,0,-2,-1,2,-1,0,2,3,1,2,4
890,881,876,874,14,14,13,13,9,5,2,0,1,0,1,1,3,1,2,4
787,785,785,792,18,19,18,19,2,0,-7,-1,1,-1,-1,3,2,2,3,4
431,426,424,417,20,19,20,21,5,2,7,1,-1,-1,-1,1,1,2,1,4
824,820,817,820,18,19,18,19,4,3,-3,-1,1,-1,-1,1,1,2,1,4
468,466,464,459,13,14,12,13,2,2,5,-1,2,-1,0,1,2,1,1,4
764,761,757,759,17,16,18,16,3,4,-2,1,-2,2,1,1,2,2,1,4
604,597,597,597,14,17,15,16,7,0,0,-3,2,-1,-2,1,2,2,2,4
895,893,895,890,18,19,18,19,2,-2,5,-1,1,-1,-1,1,2,3,1,4
693,689,684,689,13,14,15,13,4,5,-5,-1,-1,2,0,1,3,3,1,4
1024,1021,1017,1019,20,19,20,21,3,4,-2,1,-1,-1,-1,2,3,1,2,4
951,944,939,944,13,14,12,13,7,5,-5,-1,2,-1,0,3,2,2,2,4
220,208,203,199,18,17,18,16,12,5,4,1,-1,2,2,3,2,2,2,4
314,309,314,314,14,17,15,16,5,-5,0,-3,2,-1,-2,1,1,3,1,4
588,586,578,578,18,19,18,19,2,8,0,-1,1,-1,-1,2,1,2,2,4
527,522,517,522,14,14,15,13,5,5,-5,0,-1,2,1,2,2,2,2,4
452,447,443,445,13,16,15,16,5,4,-2,-3,1,-1,-3,2,2,2,3,4
260,257,257,257,21,19,20,18,3,0,0,2,-1,2,3,2,3,1,3,4
895,890,893,890,14,17,15,16,5,-3,3,-3,2,-1,-2,1,1,2,3,4
304,302,302,300,18,17,18,19,2,0,2,1,-1,-1,-1,1,2,2,1,4
974,984,974,974,20,19,20,21,-10,10,0,1,-1,-1,-1,1,1,1,1,4
351,344,342,339,13,14,12,13,7,2,3,-1,2,-1,0,3,2,1,2,4
339,332,325,332,13,14,15,13,7,7,-7,-1,-1,2,0,2,1,2,1,4
862,848,850,850,18,19,18,18,14,-2,0,-1,1,0,0,1,1,2,2,4
515,510,506,503,18,17,18,19,5,4,3,1,-1,-1,-1,1,3,3,2,4
248,239,236,236,14,14,13,13,9,3,0,0,1,0,1,3,1,2,2,4
478,475,473,473,13,14,12,13,3,2,0,-1,2,-1,0,1,2,3,1,4
543,539,536,543,18,19,20,18,4,3,-7,-1,-1,2,0,3,1,2,1,4
489,475,475,478,14,14,15,16,14,0,-3,0,-1,-1,-2,2,2,2,1,4
974,967,967,965,13,14,15,13,7,0,2,-1,-1,2,0,3,2,2,1,4
806,799,801,803,21,19,21,19,7,-2,-2,2,-2,2,2,3,2,1,2,4
581,571,562,564,18,17,18,18,10,9,-2,1,-1,0,0,1,3,3,2,4
501,496,496,499,18,17,18,16,5,0,-3,1,-1,2,2,3,3,3,2,4
274,271,269,267,18,17,18,18,3,2,2,1,-1,0,0,2,3,2,3,4
445,443,440,438,20,19,20,21,2,3,2,1,-1,-1,-1,1,2,1,2,4
928,916,911,909,14,14,15,13,12,5,2,0,-1,2,1,1,2,2,1,4
185,1078,1073,1071,18,19,20,18,-893,5,2,-1,-1,2,0,2,1,3,2,4
740,747,740,740,17,19,18,18,-7,7,0,-2,1,0,-1,1,2,3,1,4
520,513,513,515,21,19,20,21,7,0,-2,2,-1,-1,0,1,2,2,1,4
564,555,553,550,18,19,18,16,9,2,3,-1,1,2,2,2,2,1,2,4
667,667,663,660,13,14,15,13,0,4,3,-1,-1,2,0,2,2,2,3,4
806,796,792,794,14,14,15,16,10,4,-2,0,-1,-1,-2,1,1,3,2,4
473,471,471,471,13,16,15,16,2,0,0,-3,1,-1,-3,1,2,2,2,4
562,557,557,553,21,19,20,21,5,0,4,2,-1,-1,0,1,1,1,1,4
705,698,693,691,13,14,12,13,7,5,2,-1,2,-1,0,2,1,3,2,4
325,321,323,318,14,14,15,13,4,-2,5,0,-1,2,1,2,2,3,1,4
187,189,182,187,14,14,13,13,-2,7,-5,0,1,0,1,1,2,1,1,4
794,787,785,782,18,17,18,16,7,2,3,1,-1,2,2,2,1,2,1,4
293,295,286,290,14,17,15,16,-2,9,-4,-3,2,-1,-2,2,1,1,3,4
1007,1007,1005,1005,17,16,18,16,0,2,0,1,-2,2,1,3,3,2,2,4
911,911,904,904,14,14,13,13,0,7,0,0,1,0,1,2,2,1,1,4
436,431,428,426,13,14,12,13,5,3,2,-1,2,-1,0,1,1,2,3,4
956,949,937,942,17,16,15,16,7,12,-5,1,1,-1,1,3,2,3,3,4
243,243,241,239,14,14,13,13,0,2,2,0,1,0,1,3,1,2,1,4
325,321,318,318,18,17,18,19,4,3,0,1,-1,-1,-1,2,2,1,1,4
693,689,689,686,17,16,15,16,4,0,3,1,1,-1,1,1,1,1,2,4
295,286,281,288,14,17,15,16,9,5,-7,-3,2,-1,-2,1,1,1,2,4
517,515,515,515,14,17,15,16,2,0,0,-3,2,-1,-2,2,1,1,3,4
677,670,660,665,13,16,15,16,7,10,-5,-3,1,-1,-3,2,1,3,1,4
679,677,674,674,13,16,15,16,2,3,0,-3,1,-1,-3,3,2,1,1,4
803,806,794,803,18,19,18,19,-3,12,-9,-1,1,-1,-1,2,1,2,2,4
543,536,539,539,14,14,15,13,7,-3,0,0,-1,2,1,1,2,1,3,4
991,967,963,965,17,16,15,16,24,4,-2,1,1,-1,1,2,2,2,1,4
782,775,773,775,14,14,15,13,7,2,-2,0,-1,2,1,1,2,1,2,4
424,419,414,417,17,16,18,16,5,5,-3,1,-2,2,1,2,2,2,1,4
524,515,510,515,14,14,13,13,9,5,-5,0,1,0,1,3,3,1,1,4
328,328,323,328,14,14,13,13,0,5,-5,0,1,0,1,1,1,1,1,4
740,731,736,733,13,16,15,16,9,-5,3,-3,1,-1,-3,1,3,1,2,4
386,384,370,382,13,14,12,13,2,14,-12,-1,2,-1,0,2,1,1,2,4
1024,1024,1026,1026,20,19,20,21,0,-2,0,1,-1,-1,-1,2,2,1,1,4
886,881,876,878,14,14,15,13,5,5,-2,0,-1,2,1,3,1,1,2,4
539,529,529,524,14,14,15,13,10,0,5,0,-1,2,1,1,1,1,1,4
255,241,236,236,14,17,15,16,14,5,0,-3,2,-1,-2,2,2,2,2,4
623,618,616,618,14,14,15,13,5,2,-2,0,-1,2,1,3,1,2,1,4
508,466,464,468,18,19,18,18,42,2,-4,-1,1,0,0,2,2,3,1,4
440,436,433,433,17,19,18,18,4,3,0,-2,1,0,-1,1,3,2,2,4
550,548,548,548,18,19,20,18,2,0,0,-1,-1,2,0,2,1,1,1,4
827,824,824,824,18,19,18,19,3,0,0,-1,1,-1,-1,2,1,1,1,4
867,857,864,860,21,19,20,18,10,-7,4,2,-1,2,3,1,1,2,2,4
243,243,243,243,18,19,20,18,0,0,0,-1,-1,2,0,1,1,1,3,4
738,736,736,736,13,14,12,13,2,0,0,-1,2,-1,0,2,3,3,1,4
864,862,862,862,21,19,20,18,2,0,0,2,-1,2,3,2,3,1,1,4
705,700,698,696,13,14,12,13,5,2,2,-1,2,-1,0,2,2,3,2,4
440,438,436,436,17,19,18,18,2,2,0,-2,1,0,-1,3,2,3,1,4
196,194,187,187,14,17,15,16,2,7,0,-3,2,-1,-2,3,2,1,1,4
468,466,459,459,20,19,20,21,2,7,0,1,-1,-1,-1,1,2,1,1,4
241,236,234,234,14,14,15,13,5,2,0,0,-1,2,1,2,2,1,1,4
1071,1064,1059,1054,13,14,15,13,7,5,5,-1,-1,2,0,2,3,1,3,4
750,745,745,745,13,16,15,16,5,0,0,-3,1,-1,-3,1,1,1,1,4
611,611,609,609,18,17,18,19,0,2,0,1,-1,-1,-1,2,2,1,1,4
314,307,307,307,18,17,18,16,7,0,0,1,-1,2,2,3,2,2,2,4
351,349,344,346,17,16,18,18,2,5,-2,1,-2,0,-1,1,2,2,1,4
461,459,457,459,20,19,18,18,2,2,-2,1,1,0,2,2,1,2,1,4
768,766,764,764,17,16,15,16,2,2,0,1,1,-1,1,3,2,3,1,4
208,203,206,201,21,19,20,21,5,-3,5,2,-1,-1,0,2,2,1,1,4
876,867,862,857,14,17,15,16,9,5,5,-3,2,-1,-2,3,1,3,3,4
611,614,604,611,18,17,18,16,-3,10,-7,1,-1,2,2,2,1,3,2,4
288,276,274,276,18,17,18,18,12,2,-2,1,-1,0,0,2,1,2,1,4
267,257,253,260,14,14,15,13,10,4,-7,0,-1,2,1,3,1,1,2,4
984,982,972,972,13,14,12,13,2,10,0,-1,2,-1,0,1,2,2,2,4
972,970,965,965,20,19,20,18,2,5,0,1,-1,2,2,2,1,1,3,4
806,808,801,803,21,19,21,21,-2,7,-2,2,-2,0,0,1,2,1,2,4
201,194,187,192,14,17,15,16,7,7,-5,-3,2,-1,-2,1,2,3,3,4
459,457,457,457,20,19,20,21,2,0,0,1,-1,-1,-1,1,2,2,2,4
304,297,300,297,21,19,20,19,7,-3,3,2,-1,1,2,3,2,1,2,4
271,264,262,260,18,17,18,16,7,2,2,1,-1,2,2,1,2,1,2,4
768,766,764,764,13,14,12,13,2,2,0,-1,2,-1,0,3,2,1,1,4
557,550,543,548,18,17,18,16,7,7,-5,1,-1,2,2,1,2,1,1,4
407,403,403,398,17,16,18,18,4,0,5,1,-2,0,-1,3,3,1,1,4
1047,1043,1040,1045,20,19,20,18,4,3,-5,1,-1,2,2,2,2,1,1,4
344,332,328,325,13,14,15,13,12,4,3,-1,-1,2,0,2,1,1,2,4
618,614,607,609,14,14,15,13,4,7,-2,0,-1,2,1,1,3,2,1,4
1054,1054,1045,1045,13,14,12,13,0,9,0,-1,2,-1,0,3,1,1,1,4
489,487,487,482,14,14,13,13,2,0,5,0,1,0,1,2,3,3,1,4
318,307,307,304,18,19,18,19,11,0,3,-1,1,-1,-1,1,2,2,1,4
440,431,436,436,17,16,18,18,9,-5,0,1,-2,0,-1,1,1,1,1,4
656,651,651,653,13,14,12,13,5,0,-2,-1,2,-1,0,1,3,3,2,4
581,581,574,576,18,19,18,18,0,7,-2,-1,1,0,0,1,1,2,1,4
674,667,663,665,20,19,18,18,7,4,-2,1,1,0,2,1,2,2,1,4
555,550,550,543,14,14,15,16,5,0,7,0,-1,-1,-2,2,2,2,1,4
290,281,278,286,18,17,18,19,9,3,-8,1,-1,-1,-1,3,1,2,1,4
335,323,323,325,17,19,18,19,12,0,-2,-2,1,-1,-2,2,1,1,2,4
736,733,731,754,20,19,20,21,3,2,-23,1,-1,-1,-1,1,2,1,1,4
1054,1043,1043,1045,13,14,12,13,11,0,-2,-1,2,-1,0,1,2,2,1,4
567,557,557,557,21,19,20,21,10,0,0,2,-1,-1,0,3,1,1,1,4
283,278,271,267,14,14,15,13,5,7,4,0,-1,2,1,2,2,1,1,4
632,628,628,628,20,19,21,21,4,0,0,1,-2,0,-1,1,1,1,1,4
590,581,581,583,21,19,20,21,9,0,-2,2,-1,-1,0,1,3,1,2,4
637,632,632,635,13,14,15,13,5,0,-3,-1,-1,2,0,3,1,1,2,4
590,578,576,578,14,14,15,13,12,2,-2,0,-1,2,1,3,2,3,2,4
822,824,817,815,18,19,18,19,-2,7,2,-1,1,-1,-1,2,1,2,1,4
328,318,311,316,14,14,13,13,10,7,-5,0,1,0,1,1,3,2,2,4
332,325,325,318,13,14,15,13,7,0,7,-1,-1,2,0,1,2,2,3,4
834,832,832,829,14,14,15,13,2,0,3,0,-1,2,1,3,2,2,3,4
625,623,623,623,18,19,18,19,2,0,0,-1,1,-1,-1,2,1,1,1,4
436,436,436,436,20,19,20,18,0,0,0,1,-1,2,2,1,3,1,1,4
450,450,440,445,17,16,15,16,0,10,-5,1,1,-1,1,1,1,1,3,4
250,250,234,234,18,17,18,18,0,16,0,1,-1,0,0,2,2,1,1,4
215,201,194,196,14,14,13,13,14,7,-2,0,1,0,1,1,3,2,1,4
590,593,588,588,14,14,13,13,-3,5,0,0,1,0,1,1,2,2,2,4
377,372,374,403,17,16,15,16,5,-2,-29,1,1,-1,1,2,2,1,1,4
255,248,243,246,14,14,13,13,7,5,-3,0,1,0,1,2,1,3,2,4
496,487,468,478,14,14,15,13,9,19,-10,0,-1,2,1,1,1,1,1,4
1045,1038,1031,1033,13,14,12,13,7,7,-2,-1,2,-1,0,3,2,3,2,4
869,862,857,862,21,19,20,21,7,5,-5,2,-1,-1,0,2,1,3,3,4
260,248,248,248,21,19,20,21,12,0,0,2,-1,-1,0,2,1,1,1,4
482,473,468,471,14,14,15,13,9,5,-3,0,-1,2,1,1,3,3,2,4
1045,1043,1040,1040,20,19,20,18,2,3,0,1,-1,2,2,1,2,1,3,4
665,665,660,660,17,16,15,16,0,5,0,1,1,-1,1,3,3,3,1,4
262,260,262,267,21,19,20,18,2,-2,-5,2,-1,2,3,1,2,1,1,4
515,503,494,487,14,14,15,13,12,9,7,0,-1,2,1,1,2,2,3,4
1036,1031,1036,1045,20,19,20,18,5,-5,-9,1,-1,2,2,1,3,1,1,4
215,206,203,201,14,14,13,13,9,3,2,0,1,0,1,3,3,2,1,4
279,276,271,269,18,17,18,16,3,5,2,1,-1,2,2,2,1,3,2,4
307,304,304,309,14,14,15,13,3,0,-5,0,-1,2,1,2,3,1,3,4
478,478,478,478,17,16,15,16,0,0,0,1,1,-1,1,1,1,1,1,4
1019,1014,1000,1031,13,16,15,16,5,14,-31,-3,1,-1,-3,2,2,2,1,4
325,325,323,323,14,17,15,16,0,2,0,-3,2,-1,-2,2,2,1,1,4
562,560,560,562,18,19,18,18,2,0,-2,-1,1,0,0,1,2,2,1,4
569,569,555,567,14,14,15,13,0,14,-12,0,-1,2,1,2,2,2,1,4
367,363,365,365,20,19,20,21,4,-2,0,1,-1,-1,-1,2,2,3,1,4
834,827,824,829,14,17,15,16,7,3,-5,-3,2,-1,-2,1,2,1,1,4
829,820,815,817,18,19,18,19,9,5,-2,-1,1,-1,-1,1,3,1,2,4
499,494,494,494,18,17,18,16,5,0,0,1,-1,2,2,2,2,2,2,4
590,583,578,581,14,14,13,13,7,5,-3,0,1,0,1,1,2,2,1,4
196,194,192,201,18,19,18,19,2,2,-9,-1,1,-1,-1,1,2,3,3,4
672,665,656,660,13,14,15,16,7,9,-4,-1,-1,-1,-3,2,3,1,1,4
768,761,757,759,20,19,20,21,7,4,-2,1,-1,-1,-1,1,2,2,1,4
1052,1052,1033,1040,13,16,15,16,0,19,-7,-3,1,-1,-3,2,2,2,1,4
466,461,468,468,17,19,18,18,5,-7,0,-2,1,0,-1,2,2,3,1,4
187,182,196,1075,14,14,13,13,5,-14,-879,0,1,0,1,3,1,3,2,4
534,532,532,534,14,14,13,13,2,0,-2,0,1,0,1,3,2,2,3,4
1045,1038,1040,1038,17,16,18,18,7,-2,2,1,-2,0,-1,3,2,1,2,4
485,475,478,478,14,14,15,13,10,-3,0,0,-1,2,1,2,2,1,1,4
300,283,278,283,14,14,15,13,17,5,-5,0,-1,2,1,3,2,2,2,4
1036,1031,1036,1036,17,16,18,18,5,-5,0,1,-2,0,-1,1,1,1,3,4
534,524,517,515,14,14,13,13,10,7,2,0,1,0,1,1,3,2,1,4
454,454,454,454,20,19,20,18,0,0,0,1,-1,2,2,1,1,1,1,4
529,524,532,524,14,17,15,16,5,-8,8,-3,2,-1,-2,3,3,2,1,4
522,506,492,496,14,17,15,16,16,14,-4,-3,2,-1,-2,2,1,1,1,4
419,419,417,421,17,19,18,18,0,2,-4,-2,1,0,-1,2,2,1,3,4
431,412,414,426,13,14,12,13,19,-2,-12,-1,2,-1,0,3,1,2,1,4
243,239,239,234,18,17,18,18,4,0,5,1,-1,0,0,1,1,1,3,4
445,440,440,443,13,16,15,16,5,0,-3,-3,1,-1,-3,3,1,3,2,4
693,689,684,686,17,16,15,16,4,5,-2,1,1,-1,1,1,3,1,2,4
602,600,597,600,14,14,13,13,2,3,-3,0,1,0,1,2,1,2,1,4
564,557,548,553,14,17,15,16,7,9,-5,-3,2,-1,-2,2,1,3,1,4
1031,1033,1031,1033,13,14,12,13,-2,2,-2,-1,2,-1,0,1,2,1,2,4
384,384,386,384,17,16,15,16,0,-2,2,1,1,-1,1,3,1,2,1,4
712,710,705,710,20,19,23,21,2,5,-5,1,-4,2,-1,3,2,2,2,4
257,253,257,253,18,17,18,16,4,-4,4,1,-1,2,2,1,1,1,1,4
206,199,194,192,14,17,15,16,7,5,2,-3,2,-1,-2,1,2,2,1,4
447,445,445,445,17,16,18,18,2,0,0,1,-2,0,-1,2,3,3,1,4
935,932,928,928,17,16,18,19,3,4,0,1,-2,-1,-2,2,1,1,1,4
281,269,267,267,18,17,18,16,12,2,0,1,-1,2,2,1,2,1,1,4
482,475,473,471,21,19,20,18,7,2,2,2,-1,2,3,1,2,1,2,4
1040,1036,1036,1036,17,19,18,18,4,0,0,-2,1,0,-1,1,1,1,1,4
206,201,201,196,14,17,15,16,5,0,5,-3,2,-1,-2,3,1,3,1,4
750,745,740,754,17,19,18,18,5,5,-14,-2,1,0,-1,1,1,1,1,4
543,541,539,541,21,19,20,18,2,2,-2,2,-1,2,3,1,2,1,2,4
965,956,951,953,13,14,12,13,9,5,-2,-1,2,-1,0,1,3,1,2,4
707,707,700,703,13,14,12,13,0,7,-3,-1,2,-1,0,3,3,2,1,4
724,719,712,712,20,19,20,21,5,7,0,1,-1,-1,-1,2,2,1,3,4
778,771,778,778,17,16,15,16,7,-7,0,1,1,-1,1,1,2,1,1,4
503,494,487,482,14,14,15,16,9,7,5,0,-1,-1,-2,2,2,1,1,4
431,428,417,421,13,14,15,13,3,11,-4,-1,-1,2,0,3,2,1,1,4
377,374,370,374,20,19,20,21,3,4,-4,1,-1,-1,-1,2,1,1,1,4
297,288,286,286,18,17,18,19,9,2,0,1,-1,-1,-1,2,2,1,1,4
337,335,332,332,20,19,18,18,2,3,0,1,1,0,2,1,2,1,1,4
386,386,386,384,20,19,18,18,0,0,2,1,1,0,2,2,2,2,1,4
344,337,332,332,17,19,18,18,7,5,0,-2,1,0,-1,2,1,1,1,4
358,360,360,360,13,14,15,13,-2,0,0,-1,-1,2,0,2,3,3,1,4
848,841,841,836,14,17,15,16,7,0,5,-3,2,-1,-2,1,2,2,2,4
946,942,939,939,13,14,12,13,4,3,0,-1,2,-1,0,1,3,2,2,4
810,810,806,803,14,14,15,16,0,4,3,0,-1,-1,-2,1,1,1,2,4
904,895,890,890,14,14,15,16,9,5,0,0,-1,-1,-2,3,1,1,1,4
276,262,253,260,14,14,15,13,14,9,-7,0,-1,2,1,3,3,3,2,4
1050,1050,1045,1045,13,16,15,16,0,5,0,-3,1,-1,-3,1,1,1,3,4
869,867,864,864,18,17,18,16,2,3,0,1,-1,2,2,2,3,2,2,4
970,970,965,965,13,14,15,13,0,5,0,-1,-1,2,0,3,1,1,3,4
717,707,700,700,13,14,15,13,10,7,0,-1,-1,2,0,1,3,2,2,4
201,189,1078,1073,14,14,13,13,12,-889,5,0,1,0,1,1,2,1,1,4
473,475,471,468,17,16,15,16,-2,4,3,1,1,-1,1,1,2,2,1,4
970,972,970,970,17,19,18,18,-2,2,0,-2,1,0,-1,3,2,1,1,4
628,623,623,623,21,19,21,21,5,0,0,2,-2,0,0,1,3,1,1,4
236,213,215,208,14,14,13,13,23,-2,7,0,1,0,1,2,2,1,2,4
764,761,759,761,20,19,20,18,3,2,-2,1,-1,2,2,3,2,3,2,4
346,349,346,346,13,14,15,13,-3,3,0,-1,-1,2,0,1,2,1,3,4
236,236,224,227,14,14,15,13,0,12,-3,0,-1,2,1,2,2,1,2,4
201,196,196,196,21,19,21,19,5,0,0,2,-2,2,2,1,1,1,3,4
279,271,276,278,21,19,20,21,8,-5,-2,2,-1,-1,0,2,1,1,2,4
1045,1040,1036,1045,13,14,15,13,5,4,-9,-1,-1,2,0,3,3,3,3,4
253,250,246,246,18,17,18,18,3,4,0,1,-1,0,0,3,2,2,2,4
1017,1005,1007,1010,13,14,15,13,12,-2,-3,-1,-1,2,0,3,2,1,2,4
977,970,972,970,13,14,12,13,7,-2,2,-1,2,-1,0,2,1,2,3,4
1045,1040,1040,1040,17,19,18,18,5,0,0,-2,1,0,-1,3,1,1,1,4
337,335,332,337,17,19,18,18,2,3,-5,-2,1,0,-1,1,2,1,1,4
588,578,578,581,18,19,18,19,10,0,-3,-1,1,-1,-1,2,2,2,1,4
879,871,867,871,18,19,18,18,8,4,-4,-1,1,0,0,2,1,1,1,4
752,750,750,750,13,14,15,13,2,0,0,-1,-1,2,0,2,3,1,3,4
909,902,909,909,21,19,21,19,7,-7,0,2,-2,2,2,1,2,1,1,4
447,443,440,443,13,14,12,13,4,3,-3,-1,2,-1,0,2,2,1,2,4
269,262,262,262,21,19,20,21,7,0,0,2,-1,-1,0,2,3,1,1,4
543,539,539,539,18,19,20,18,4,0,0,-1,-1,2,0,3,1,1,1,4
224,208,208,206,18,17,18,16,16,0,2,1,-1,2,2,1,2,2,3,4
729,728,724,726,17,16,15,16,1,4,-2,1,1,-1,1,2,2,2,1,4
782,778,778,778,14,16,15,16,4,0,0,-2,1,-1,-2,1,1,1,1,4
485,487,482,487,18,19,18,19,-2,5,-5,-1,1,-1,-1,2,1,1,1,4
801,796,834,796,18,17,18,19,5,-38,38,1,-1,-1,-1,1,3,1,1,4
562,557,553,553,21,19,20,21,5,4,0,2,-1,-1,0,1,1,1,1,4
391,389,389,396,17,16,18,16,2,0,-7,1,-2,2,1,2,1,1,2,4
810,801,803,801,14,14,13,13,9,-2,2,0,1,0,1,1,3,2,3,4
229,215,210,210,14,17,15,16,14,5,0,-3,2,-1,-2,3,1,1,3,4
714,705,707,707,17,19,18,18,9,-2,0,-2,1,0,-1,2,2,1,1,4
318,314,314,311,14,14,13,13,4,0,3,0,1,0,1,3,3,1,2,4
224,220,224,220,21,19,20,21,4,-4,4,2,-1,-1,0,1,3,1,1,4
644,646,639,637,17,16,18,16,-2,7,2,1,-2,2,1,2,1,2,1,4
346,337,335,337,17,16,15,16,9,2,-2,1,1,-1,1,3,1,2,1,4
703,696,684,689,13,16,15,16,7,12,-5,-3,1,-1,-3,1,2,1,1,4
515,510,506,510,18,19,18,19,5,4,-4,-1,1,-1,-1,1,1,1,1,4
325,323,318,323,18,17,18,19,2,5,-5,1,-1,-1,-1,2,1,1,1,4
1036,1031,1021,1026,17,16,18,16,5,10,-5,1,-2,2,1,3,3,3,1,4
222,220,215,217,14,14,15,13,2,5,-2,0,-1,2,1,2,3,1,2,4
595,595,593,595,14,14,13,13,0,2,-2,0,1,0,1,1,1,2,3,4
529,524,524,527,21,19,20,21,5,0,-3,2,-1,-1,0,3,1,1,2,4
848,839,841,843,21,19,20,18,9,-2,-2,2,-1,2,3,3,1,2,1,4
374,370,370,370,13,14,15,16,4,0,0,-1,-1,-1,-3,3,3,1,1,4
337,339,339,337,13,16,15,16,-2,0,2,-3,1,-1,-3,3,2,2,1,4
328,321,318,321,14,14,15,13,7,3,-3,0,-1,2,1,1,2,1,2,4
337,335,325,323,17,16,18,19,2,10,2,1,-2,-1,-2,1,2,2,3,4
609,609,604,604,21,19,20,19,0,5,0,2,-1,1,2,1,3,1,1,4
595,593,590,593,14,14,13,13,2,3,-3,0,1,0,1,1,2,1,2,4
328,321,318,318,21,19,21,21,7,3,0,2,-2,0,0,1,2,1,3,4
194,187,187,187,18,17,18,19,7,0,0,1,-1,-1,-1,2,3,1,1,4
651,651,639,646,20,19,20,21,0,12,-7,1,-1,-1,-1,1,1,2,1,4
276,269,264,269,14,17,15,16,7,5,-5,-3,2,-1,-2,1,2,2,2,4
515,510,513,508,18,17,18,19,5,-3,5,1,-1,-1,-1,1,1,2,2,4
679,677,674,674,20,19,18,18,2,3,0,1,1,0,2,1,2,1,1,4
820,815,808,810,18,17,18,16,5,7,-2,1,-1,2,2,1,3,2,1,4
405,403,405,405,17,16,18,16,2,-2,0,1,-2,2,1,2,1,2,2,4
974,970,963,960,17,19,18,18,4,7,3,-2,1,0,-1,3,3,2,1,4
440,436,433,440,13,14,12,13,4,3,-7,-1,2,-1,0,1,3,2,1,4
300,295,300,297,21,19,20,21,5,-5,3,2,-1,-1,0,1,3,1,2,4
935,935,932,932,20,19,20,18,0,3,0,1,-1,2,2,2,2,1,1,4
1024,1012,1007,1007,13,16,15,16,12,5,0,-3,1,-1,-3,2,1,1,3,4
686,682,674,674,17,16,15,16,4,8,0,1,1,-1,1,2,2,3,1,4
421,417,414,412,13,14,12,13,4,3,2,-1,2,-1,0,1,1,2,1,4
911,902,895,893,14,14,13,13,9,7,2,0,1,0,1,2,2,1,2,4
283,278,276,267,21,19,20,18,5,2,9,2,-1,2,3,2,2,1,1,4
1038,1033,1033,1036,17,16,15,16,5,0,-3,1,1,-1,1,2,2,2,1,4
831,832,827,829,14,17,15,16,-1,5,-2,-3,2,-1,-2,2,2,2,1,4
857,855,850,862,14,14,15,16,2,5,-12,0,-1,-1,-2,3,2,2,1,4
785,782,782,782,14,17,15,16,3,0,0,-3,2,-1,-2,2,1,1,1,4
677,677,674,674,17,16,18,18,0,3,0,1,-2,0,-1,2,2,1,3,4
754,752,754,750,13,14,12,13,2,-2,4,-1,2,-1,0,3,2,1,1,4
323,314,318,311,18,19,18,19,9,-4,7,-1,1,-1,-1,1,3,1,2,4
895,893,890,890,18,17,18,19,2,3,0,1,-1,-1,-1,1,2,1,1,4
520,515,506,503,14,17,15,16,5,9,3,-3,2,-1,-2,1,1,1,2,4
757,752,750,750,13,14,15,13,5,2,0,-1,-1,2,0,2,2,3,1,4
182,1078,1078,182,18,19,18,19,-896,0,896,-1,1,-1,-1,1,1,1,1,4
187,187,182,182,14,14,15,13,0,5,0,0,-1,2,1,3,1,1,1,4
346,339,339,339,17,16,15,16,7,0,0,1,1,-1,1,3,2,2,2,4
250,243,234,234,14,17,15,16,7,9,0,-3,2,-1,-2,2,3,1,1,4
904,902,895,900,14,14,15,13,2,7,-5,0,-1,2,1,1,2,1,1,4
909,897,895,890,21,19,20,19,12,2,5,2,-1,1,2,3,2,1,3,4
609,602,600,600,14,14,15,13,7,2,0,0,-1,2,1,1,2,1,1,4
1073,1068,1071,1066,17,16,18,16,5,-3,5,1,-2,2,1,3,1,2,2,4
222,215,208,206,14,17,15,16,7,7,2,-3,2,-1,-2,2,1,2,3,4
337,337,335,335,13,14,15,13,0,2,0,-1,-1,2,0,3,3,2,2,4
464,464,452,450,20,19,18,18,0,12,2,1,1,0,2,1,3,2,1,4
836,834,834,829,18,17,18,19,2,0,5,1,-1,-1,-1,2,3,1,1,4
360,360,353,356,13,14,12,13,0,7,-3,-1,2,-1,0,3,3,2,1,4
637,632,628,625,13,14,13,13,5,4,3,-1,1,0,0,3,1,1,2,4
946,942,937,935,17,16,18,16,4,5,2,1,-2,2,1,1,3,1,2,4
796,787,792,792,14,17,15,16,9,-5,0,-3,2,-1,-2,1,3,1,3,4
600,590,588,590,14,14,15,16,10,2,-2,0,-1,-1,-2,3,1,2,1,4
548,543,543,541,18,17,18,18,5,0,2,1,-1,0,0,1,3,1,2,4
475,475,468,473,17,16,18,16,0,7,-5,1,-2,2,1,2,2,3,1,4
743,740,736,738,17,19,18,18,3,4,-2,-2,1,0,-1,2,3,1,2,4
904,900,900,900,18,17,18,16,4,0,0,1,-1,2,2,1,3,3,1,4
600,593,595,597,14,14,13,13,7,-2,-2,0,1,0,1,1,2,1,2,4
752,757,750,750,20,19,18,18,-5,7,0,1,1,0,2,2,2,1,1,4
360,346,337,339,13,14,12,13,14,9,-2,-1,2,-1,0,3,3,3,2,4
698,691,684,682,13,14,12,13,7,7,2,-1,2,-1,0,1,2,1,2,4
478,464,464,464,13,14,12,13,14,0,0,-1,2,-1,0,1,1,1,1,4
658,658,660,665,20,19,20,21,0,-2,-5,1,-1,-1,-1,2,2,1,1,4
309,278,276,276,14,14,13,13,31,2,0,0,1,0,1,1,2,1,3,4
325,311,304,304,21,19,20,19,14,7,0,2,-1,1,2,2,2,1,1,4
231,229,227,229,14,14,15,16,2,2,-2,0,-1,-1,-2,2,3,2,1,4
196,192,187,192,14,14,15,13,4,5,-5,0,-1,2,1,1,3,1,1,4
389,374,379,374,13,14,15,13,15,-5,5,-1,-1,2,0,1,3,1,1,4
785,773,771,773,14,16,15,16,12,2,-2,-2,1,-1,-2,2,3,2,1,4
956,951,953,946,17,19,18,18,5,-2,7,-2,1,0,-1,3,1,2,1,4
492,482,478,475,21,19,20,21,10,4,3,2,-1,-1,0,1,1,1,2,4
464,454,452,454,17,16,18,16,10,2,-2,1,-2,2,1,1,1,2,3,4
482,482,489,482,21,19,21,19,0,-7,7,2,-2,2,2,1,1,2,1,4
239,222,220,217,14,14,15,16,17,2,3,0,-1,-1,-2,3,2,1,2,4
693,691,693,689,13,14,15,13,2,-2,4,-1,-1,2,0,1,2,1,1,4
879,876,874,871,14,14,13,13,3,2,3,0,1,0,1,2,1,2,1,4
862,848,843,848,14,14,13,13,14,5,-5,0,1,0,1,1,3,3,1,4
1045,1038,1038,1036,20,19,20,18,7,0,2,1,-1,2,2,3,2,2,1,4
621,616,604,602,14,17,15,16,5,12,2,-3,2,-1,-2,2,2,1,2,4
827,829,820,824,18,19,20,19,-2,9,-4,-1,-1,1,-1,2,3,1,3,4
260,255,250,253,14,14,15,13,5,5,-3,0,-1,2,1,2,2,2,1,4
958,951,949,956,17,16,15,16,7,2,-7,1,1,-1,1,2,3,2,1,4
759,759,754,754,13,16,15,16,0,5,0,-3,1,-1,-3,3,3,1,1,4
515,510,506,506,18,19,18,19,5,4,0,-1,1,-1,-1,1,1,1,1,4
534,532,532,532,18,19,18,19,2,0,0,-1,1,-1,-1,3,2,2,2,4
853,846,843,843,18,17,18,18,7,3,0,1,-1,0,0,1,2,3,1,4
206,208,206,206,18,17,18,16,-2,2,0,1,-1,2,2,1,2,1,3,4
187,182,1078,182,18,19,18,19,5,-896,896,-1,1,-1,-1,1,1,1,1,4
363,360,360,363,17,16,15,16,3,0,-3,1,1,-1,1,2,1,3,2,4
389,389,389,389,20,19,20,21,0,0,0,1,-1,-1,-1,1,3,3,1,4
972,970,967,965,13,14,12,13,2,3,2,-1,2,-1,0,2,3,2,1,4
693,693,691,689,13,14,12,13,0,2,2,-1,2,-1,0,3,3,2,1,4
410,407,405,405,20,19,23,21,3,2,0,1,-4,2,-1,2,3,2,2,4
993,984,984,989,13,14,15,13,9,0,-5,-1,-1,2,0,1,1,1,1,4
869,867,867,862,18,19,18,18,2,0,5,-1,1,0,0,2,3,1,1,4
839,829,824,824,18,19,18,19,10,5,0,-1,1,-1,-1,1,3,1,1,4
1057,1052,1057,1057,13,14,12,13,5,-5,0,-1,2,-1,0,2,2,2,2,4
1012,1010,1012,1012,17,16,18,18,2,-2,0,1,-2,0,-1,3,2,3,1,4
567,562,557,557,14,14,13,13,5,5,0,0,1,0,1,1,1,1,1,4
332,325,323,325,13,14,15,13,7,2,-2,-1,-1,2,0,1,2,1,2,4
304,300,297,300,14,14,15,16,4,3,-3,0,-1,-1,-2,1,3,2,1,4
646,644,644,644,20,19,20,18,2,0,0,1,-1,2,2,3,2,2,2,4
231,222,224,220,18,19,18,19,9,-2,4,-1,1,-1,-1,2,2,1,1,4
471,468,466,464,17,16,18,16,3,2,2,1,-2,2,1,2,1,2,1,4
405,403,400,398,13,14,15,13,2,3,2,-1,-1,2,0,2,3,2,1,4
253,253,248,248,18,17,18,18,0,5,0,1,-1,0,0,1,1,3,1,4
316,311,304,300,21,19,20,21,5,7,4,2,-1,-1,0,2,2,1,1,4
281,267,269,271,18,19,18,18,14,-2,-2,-1,1,0,0,3,1,2,1,4
579,581,576,578,14,14,13,13,-2,5,-2,0,1,0,1,2,3,1,2,4
1064,1064,1061,1066,20,19,20,18,0,3,-5,1,-1,2,2,1,1,2,2,4
403,398,398,398,17,16,18,18,5,0,0,1,-2,0,-1,3,1,1,1,4
831,822,824,827,18,17,18,19,9,-2,-3,1,-1,-1,-1,2,2,1,2,4
867,867,864,862,14,17,15,16,0,3,2,-3,2,-1,-2,3,1,2,1,4
213,213,213,210,14,17,15,16,0,0,3,-3,2,-1,-2,2,2,2,1,4
1078,1078,1073,1075,20,19,20,18,0,5,-2,1,-1,2,2,1,1,1,2,4
1045,1045,1043,1045,13,14,12,13,0,2,-2,-1,2,-1,0,1,1,2,3,4
808,815,810,806,14,17,15,16,-7,5,4,-3,2,-1,-2,2,1,3,3,4
567,557,667,553,14,14,15,13,10,-110,114,0,-1,2,1,1,3,2,1,4
1050,1036,1033,1036,17,16,18,18,14,3,-3,1,-2,0,-1,3,1,2,3,4
637,635,632,635,17,16,15,16,2,3,-3,1,1,-1,1,1,2,1,2,4
1052,1047,1043,1047,13,14,12,13,5,4,-4,-1,2,-1,0,2,2,2,2,4
623,609,607,611,18,17,18,16,14,2,-4,1,-1,2,2,1,1,2,2,4
1078,1075,1073,1075,20,19,20,18,3,2,-2,1,-1,2,2,1,2,1,2,4
337,335,335,332,13,14,13,13,2,0,3,-1,1,0,0,3,2,2,1,4
986,982,979,979,20,19,20,18,4,3,0,1,-1,2,2,2,2,1,1,4
792,789,787,792,14,14,13,13,3,2,-5,0,1,0,1,3,2,1,1,4
1059,1054,1050,1054,13,16,15,16,5,4,-4,-3,1,-1,-3,3,3,1,1,4
548,536,529,532,14,14,15,16,12,7,-3,0,-1,-1,-2,1,2,1,2,4
286,281,276,283,14,17,15,16,5,5,-7,-3,2,-1,-2,1,1,1,2,4
1029,1026,1021,1021,13,14,12,13,3,5,0,-1,2,-1,0,2,3,1,1,4
848,850,846,839,14,14,15,13,-2,4,7,0,-1,2,1,3,2,2,1,4
921,921,921,923,14,17,15,16,0,0,-2,-3,2,-1,-2,2,2,2,3,4
1012,1010,1007,1007,13,14,15,16,2,3,0,-1,-1,-1,-3,1,2,1,3,4
506,501,492,496,14,14,15,13,5,9,-4,0,-1,2,1,1,3,3,3,4
255,248,248,248,18,17,18,16,7,0,0,1,-1,2,2,2,1,3,1,4
951,951,951,946,17,16,18,18,0,0,5,1,-2,0,-1,3,1,1,1,4
806,796,794,796,18,19,18,19,10,2,-2,-1,1,-1,-1,1,3,2,1,4
302,297,293,295,18,17,18,16,5,4,-2,1,-1,2,2,2,2,2,1,4
241,236,232,234,14,17,15,16,5,4,-2,-3,2,-1,-2,2,2,2,1,4
403,398,398,398,13,14,15,13,5,0,0,-1,-1,2,0,1,1,1,1,4
248,241,243,241,14,14,13,13,7,-2,2,0,1,0,1,3,2,1,2,4
710,705,705,705,17,19,18,21,5,0,0,-2,1,-3,-4,2,2,2,2,4
370,367,367,367,20,19,20,21,3,0,0,1,-1,-1,-1,1,2,2,2,4
429,428,426,426,20,19,20,21,1,2,0,1,-1,-1,-1,2,2,1,1,4
1029,1026,1019,1021,17,16,15,16,3,7,-2,1,1,-1,1,2,3,2,1,4
810,803,799,801,14,14,13,13,7,4,-2,0,1,0,1,1,2,2,3,4
651,651,651,651,20,19,20,18,0,0,0,1,-1,2,2,1,3,1,1,4
492,489,487,492,14,17,15,16,3,2,-5,-3,2,-1,-2,3,2,1,1,4
836,829,834,829,14,14,15,16,7,-5,5,0,-1,-1,-2,2,3,1,1,4
916,914,911,909,14,17,15,16,2,3,2,-3,2,-1,-2,2,3,2,1,4
318,318,311,314,14,14,15,13,0,7,-3,0,-1,2,1,1,3,2,1,4
782,775,775,773,21,19,20,21,7,0,2,2,-1,-1,0,1,2,2,1,4
848,839,841,836,18,19,18,18,9,-2,5,-1,1,0,0,3,3,2,2,4
349,346,346,346,20,19,20,18,3,0,0,1,-1,2,2,2,1,1,1,4
799,799,799,799,14,14,13,13,0,0,0,0,1,0,1,2,2,2,2,4
602,602,595,600,14,14,15,13,0,7,-5,0,-1,2,1,2,2,1,1,4
389,384,384,386,13,14,12,13,5,0,-2,-1,2,-1,0,3,1,3,2,4
881,876,876,886,14,14,13,13,5,0,-10,0,1,0,1,3,3,3,1,4
684,677,672,674,17,16,15,16,7,5,-2,1,1,-1,1,3,2,2,1,4
771,768,764,764,13,14,15,13,3,4,0,-1,-1,2,0,2,1,1,3,4
904,895,893,893,14,17,15,16,9,2,0,-3,2,-1,-2,1,3,2,2,4
1031,1021,1019,1017,13,14,15,13,10,2,2,-1,-1,2,0,3,3,2,1,4
1036,1033,1031,1026,17,16,18,18,3,2,5,1,-2,0,-1,3,2,1,1,4
932,925,928,925,13,14,13,13,7,-3,3,-1,1,0,0,1,2,1,2,4
616,607,609,609,21,19,21,19,9,-2,0,2,-2,2,2,2,2,3,1,4
286,274,276,274,18,19,18,18,12,-2,2,-1,1,0,0,3,2,1,2,4
909,909,904,904,18,17,18,16,0,5,0,1,-1,2,2,1,1,3,1,4
611,597,590,593,14,17,15,16,14,7,-3,-3,2,-1,-2,2,2,3,2,4
286,286,276,276,18,17,18,16,0,10,0,1,-1,2,2,1,3,1,1,4
1021,1021,1017,1017,20,19,20,21,0,4,0,1,-1,-1,-1,1,1,1,1,4
335,325,328,323,13,14,15,13,10,-3,5,-1,-1,2,0,2,2,1,3,4
391,386,379,386,13,16,15,16,5,7,-7,-3,1,-1,-3,2,2,3,2,4
625,623,618,618,14,17,15,16,2,5,0,-3,2,-1,-2,2,3,1,1,4
1057,1054,1052,1054,17,16,18,18,3,2,-2,1,-2,0,-1,2,1,2,1,4
201,196,192,196,21,19,21,21,5,4,-4,2,-2,0,0,1,1,3,1,4
515,515,506,513,14,14,13,13,0,9,-7,0,1,0,1,3,1,1,2,4
623,625,621,621,18,17,18,19,-2,4,0,1,-1,-1,-1,1,2,2,2,4
1010,1007,1005,1007,17,19,18,18,3,2,-2,-2,1,0,-1,2,1,2,3,4
616,616,609,609,18,17,18,19,0,7,0,1,-1,-1,-1,2,2,1,3,4
679,674,670,667,13,14,15,16,5,4,3,-1,-1,-1,-3,1,3,3,2,4
951,942,935,937,20,19,20,18,9,7,-2,1,-1,2,2,1,1,2,1,4
921,914,911,914,14,17,15,16,7,3,-3,-3,2,-1,-2,2,1,2,3,4
700,700,700,698,20,19,20,18,0,0,2,1,-1,2,2,2,2,2,1,4
761,757,754,754,17,16,18,16,4,3,0,1,-2,2,1,2,2,1,1,4
600,597,597,597,18,19,18,19,3,0,0,-1,1,-1,-1,3,2,2,2,4
471,464,461,459,17,16,18,16,7,3,2,1,-2,2,1,2,3,2,1,4
323,318,314,314,18,19,18,19,5,4,0,-1,1,-1,-1,3,3,1,1,4
335,332,328,325,20,19,18,19,3,4,3,1,1,-1,1,2,1,1,2,4
810,808,806,806,18,19,18,19,2,2,0,-1,1,-1,-1,1,2,1,1,4
646,649,632,642,13,14,15,13,-3,17,-10,-1,-1,2,0,3,2,1,1,4
588,590,581,581,18,19,18,19,-2,9,0,-1,1,-1,-1,2,1,1,1,4
564,560,550,546,14,17,15,16,4,10,4,-3,2,-1,-2,2,2,2,2,4
407,412,407,405,13,14,15,16,-5,5,2,-1,-1,-1,-3,3,1,1,2,4
600,593,593,593,14,17,15,16,7,0,0,-3,2,-1,-2,3,2,2,2,4
325,318,316,314,18,19,18,19,7,2,2,-1,1,-1,-1,2,1,2,1,4
834,827,822,827,18,17,18,19,7,5,-5,1,-1,-1,-1,3,2,2,2,4
224,222,215,215,14,14,15,16,2,7,0,0,-1,-1,-2,1,2,3,3,4
618,618,611,614,14,17,15,16,0,7,-3,-3,2,-1,-2,3,1,2,3,4
201,196,192,196,21,19,21,19,5,4,-4,2,-2,2,2,1,3,1,1,4
721,721,721,721,13,14,15,16,0,0,0,-1,-1,-1,-3,1,3,1,1,4
860,857,853,853,21,19,20,21,3,4,0,2,-1,-1,0,2,3,1,1,4
346,342,342,342,20,19,20,18,4,0,0,1,-1,2,2,1,3,1,1,4
536,529,522,524,18,17,18,19,7,7,-2,1,-1,-1,-1,2,3,2,1,4
796,794,794,794,21,19,21,19,2,0,0,2,-2,2,2,1,2,2,2,4
717,714,707,707,13,14,15,13,3,7,0,-1,-1,2,0,1,2,1,3,4
618,618,618,618,14,14,15,13,0,0,0,0,-1,2,1,1,3,1,1,4
236,236,234,234,14,17,15,16,0,2,0,-3,2,-1,-2,2,2,3,1,4
391,389,389,389,20,19,20,21,2,0,0,1,-1,-1,-1,2,1,1,1,4
989,982,970,970,13,14,12,13,7,12,0,-1,2,-1,0,3,2,3,1,4
293,288,290,290,14,17,15,16,5,-2,0,-3,2,-1,-2,2,2,1,3,4
951,949,946,951,20,19,20,18,2,3,-5,1,-1,2,2,3,2,1,1,4
946,939,939,937,20,19,18,18,7,0,2,1,1,0,2,3,2,2,1,4
307,297,297,297,14,17,15,16,10,0,0,-3,2,-1,-2,2,2,2,2,4
806,801,801,799,14,14,15,13,5,0,2,0,-1,2,1,3,3,3,2,4
555,550,543,541,18,19,18,18,5,7,2,-1,1,0,0,2,2,1,2,4
616,604,593,595,14,14,13,13,12,11,-2,0,1,0,1,2,3,2,1,4
970,972,965,970,20,19,20,18,-2,7,-5,1,-1,2,2,1,2,3,1,4
365,363,365,365,20,19,20,21,2,-2,0,1,-1,-1,-1,1,2,1,1,4
384,377,372,372,13,14,15,13,7,5,0,-1,-1,2,0,1,2,2,2,4
963,960,953,956,20,19,18,18,3,7,-3,1,1,0,2,2,3,2,1,4
1010,1007,1010,1012,20,19,20,18,3,-3,-2,1,-1,2,2,2,3,2,1,4
445,440,440,440,20,19,20,21,5,0,0,1,-1,-1,-1,1,3,1,1,4
424,419,421,414,13,14,12,13,5,-2,7,-1,2,-1,0,2,2,1,2,4
843,846,843,841,14,17,15,16,-3,3,2,-3,2,-1,-2,1,2,1,2,4
492,492,482,482,14,14,15,16,0,10,0,0,-1,-1,-2,1,3,1,1,4
318,311,307,309,18,19,18,19,7,4,-2,-1,1,-1,-1,1,2,2,1,4
557,546,550,546,14,17,15,16,11,-4,4,-3,2,-1,-2,1,2,2,2,4
646,635,628,625,13,14,13,13,11,7,3,-1,1,0,0,1,2,1,2,4
384,389,384,382,13,14,12,13,-5,5,2,-1,2,-1,0,3,1,3,2,4
248,243,239,243,14,14,15,13,5,4,-4,0,-1,2,1,1,1,1,1,4
904,900,900,897,14,14,15,13,4,0,3,0,-1,2,1,1,3,1,2,4
436,431,419,421,17,16,18,18,5,12,-2,1,-2,0,-1,1,3,2,1,4
290,286,278,281,14,17,15,16,4,8,-3,-3,2,-1,-2,3,1,2,1,4
389,386,382,384,20,19,20,21,3,4,-2,1,-1,-1,-1,3,2,2,1,4
717,714,712,712,17,16,18,16,3,2,0,1,-2,2,1,3,2,1,1,4
853,853,848,848,18,17,18,16,0,5,0,1,-1,2,2,1,1,3,3,4
524,522,520,524,14,14,13,13,2,2,-4,0,1,0,1,1,2,1,3,4
628,621,616,609,21,19,21,19,7,5,7,2,-2,2,2,1,2,2,1,4
1075,1073,1071,1071,13,16,15,16,2,2,0,-3,1,-1,-3,2,1,2,2,4
300,293,290,290,14,17,15,16,7,3,0,-3,2,-1,-2,3,2,3,1,4
487,475,478,478,14,14,13,13,12,-3,0,0,1,0,1,1,2,1,1,4
726,731,721,721,20,19,20,21,-5,10,0,1,-1,-1,-1,3,1,1,3,4
639,635,635,642,13,14,13,13,4,0,-7,-1,1,0,0,2,2,2,1,4
520,506,499,503,14,14,13,13,14,7,-4,0,1,0,1,1,3,2,2,4
560,548,548,548,21,19,20,21,12,0,0,2,-1,-1,0,2,3,1,1,4
750,750,745,745,20,19,18,18,0,5,0,1,1,0,2,3,1,1,1,4
473,471,468,466,17,19,18,18,2,3,2,-2,1,0,-1,1,2,1,2,4
557,546,557,567,14,17,15,16,11,-11,-10,-3,2,-1,-2,1,2,1,1,4
367,367,370,367,13,14,12,13,0,-3,3,-1,2,-1,0,2,2,1,2,4
602,600,586,597,14,14,13,13,2,14,-11,0,1,0,1,2,3,1,2,4
260,253,243,246,14,14,15,13,7,10,-3,0,-1,2,1,2,3,1,2,4
660,660,658,660,17,16,15,16,0,2,-2,1,1,-1,1,3,1,2,1,4
696,696,693,693,20,19,20,18,0,3,0,1,-1,2,2,2,2,1,1,4
614,607,604,609,18,17,18,19,7,3,-5,1,-1,-1,-1,1,2,3,1,4
581,567,562,562,18,19,18,18,14,5,0,-1,1,0,0,3,1,3,1,4
700,698,693,698,17,16,18,16,2,5,-5,1,-2,2,1,2,1,1,1,4
766,757,759,754,20,19,20,21,9,-2,5,1,-1,-1,-1,2,2,1,1,4
724,726,724,721,13,16,15,16,-2,2,3,-3,1,-1,-3,2,1,2,1,4
316,311,316,314,14,17,15,16,5,-5,2,-3,2,-1,-2,2,2,2,1,4
621,616,614,616,21,19,21,19,5,2,-2,2,-2,2,2,2,2,1,2,4
717,710,710,710,13,14,15,13,7,0,0,-1,-1,2,0,1,2,2,2,4
440,438,436,431,13,14,12,13,2,2,5,-1,2,-1,0,3,2,1,1,4
719,717,719,717,17,16,15,16,2,-2,2,1,1,-1,1,2,3,2,1,4
698,693,689,689,13,14,12,13,5,4,0,-1,2,-1,0,3,1,1,1,4
304,304,297,300,14,14,15,16,0,7,-3,0,-1,-1,-2,1,1,2,1,4
839,839,832,834,14,17,15,16,0,7,-2,-3,2,-1,-2,1,1,2,3,4
421,417,421,421,20,19,20,18,4,-4,0,1,-1,2,2,3,1,1,1,4
222,215,206,206,14,14,15,13,7,9,0,0,-1,2,1,2,1,1,1,4
224,222,213,215,18,19,18,19,2,9,-2,-1,1,-1,-1,1,2,2,1,4
220,215,210,208,21,19,20,21,5,5,2,2,-1,-1,0,3,3,1,2,4
771,764,768,766,17,16,18,18,7,-4,2,1,-2,0,-1,2,3,3,2,4
1010,1007,1007,1007,20,19,20,18,3,0,0,1,-1,2,2,2,1,1,1,4
789,787,782,782,21,19,21,19,2,5,0,2,-2,2,2,2,1,1,1,4
925,918,914,914,18,19,18,19,7,4,0,-1,1,-1,-1,2,3,3,1,4
792,789,785,787,14,14,13,13,3,4,-2,0,1,0,1,1,2,2,1,4
414,417,414,417,20,19,20,18,-3,3,-3,1,-1,2,2,2,1,2,1,4
515,510,508,508,14,17,15,16,5,2,0,-3,2,-1,-2,1,3,2,2,4
482,478,468,478,18,16,18,18,4,10,-10,2,-2,0,0,1,1,1,1,4
586,571,571,576,14,14,13,13,15,0,-5,0,1,0,1,3,3,1,1,4
843,839,836,839,18,17,18,18,4,3,-3,1,-1,0,0,1,1,2,1,4
461,454,447,445,13,14,15,13,7,7,2,-1,-1,2,0,2,1,2,1,4
536,529,529,529,18,19,18,19,7,0,0,-1,1,-1,-1,2,1,1,3,4
724,721,721,721,17,16,18,16,3,0,0,1,-2,2,1,2,1,1,1,4
210,201,208,213,18,17,18,19,9,-7,-5,1,-1,-1,-1,1,1,2,2,4
614,604,604,607,21,19,20,19,10,0,-3,2,-1,1,2,1,1,1,2,4
785,782,778,778,18,19,18,18,3,4,0,-1,1,0,0,2,1,1,1,4
250,248,248,243,14,14,15,13,2,0,5,0,-1,2,1,2,1,3,3,4
421,417,414,414,20,19,18,18,4,3,0,1,1,0,2,3,3,2,2,4
595,590,590,595,18,19,18,19,5,0,-5,-1,1,-1,-1,3,3,1,1,4
574,567,567,567,18,19,18,18,7,0,0,-1,1,0,0,2,1,3,1,4
412,412,407,407,17,16,15,16,0,5,0,1,1,-1,1,3,1,3,1,4
1066,1073,1064,1059,13,14,12,13,-7,9,5,-1,2,-1,0,2,1,1,3,4
925,918,918,923,14,17,15,16,7,0,-5,-3,2,-1,-2,2,1,3,1,4
801,789,787,785,18,19,21,19,12,2,2,-1,-2,2,-1,1,2,1,2,4
1038,1033,1024,1021,17,16,18,16,5,9,3,1,-2,2,1,2,2,2,1,4
991,991,986,984,13,14,15,13,0,5,2,-1,-1,2,0,2,2,2,1,4
1043,1040,1040,1040,20,19,20,21,3,0,0,1,-1,-1,-1,2,3,3,1,4
759,757,754,752,13,14,12,13,2,3,2,-1,2,-1,0,3,2,1,2,4
389,386,384,382,17,16,18,16,3,2,2,1,-2,2,1,1,2,1,2,4
942,935,935,937,13,14,15,13,7,0,-2,-1,-1,2,0,3,2,2,1,4
328,316,311,316,14,14,13,13,12,5,-5,0,1,0,1,1,2,2,2,4
803,789,794,792,18,17,18,16,14,-5,2,1,-1,2,2,2,2,2,1,4
998,998,993,996,20,19,20,18,0,5,-3,1,-1,2,2,3,1,1,2,4
998,996,998,1003,20,19,20,18,2,-2,-5,1,-1,2,2,3,2,1,1,4
276,274,274,276,21,19,20,18,2,0,-2,2,-1,2,3,1,2,2,1,4
846,839,841,843,18,17,18,18,7,-2,-2,1,-1,0,0,2,3,2,1,4
1033,1028,1031,1031,13,16,15,16,5,-3,0,-3,1,-1,-3,2,2,1,1,4
515,510,513,508,14,17,15,16,5,-3,5,-3,2,-1,-2,1,1,2,2,4
478,473,464,464,17,16,15,16,5,9,0,1,1,-1,1,1,1,3,1,4
318,309,307,311,21,19,20,19,9,2,-4,2,-1,1,2,1,3,2,2,4
335,323,316,318,17,17,15,16,12,7,-2,0,2,-1,1,2,1,2,1,4
529,524,524,520,14,14,13,13,5,0,4,0,1,0,1,3,1,1,3,4
843,839,834,832,14,14,15,13,4,5,2,0,-1,2,1,3,3,3,2,4
325,323,318,323,21,19,21,21,2,5,-5,2,-2,0,0,2,1,3,1,4
782,775,773,778,14,14,15,13,7,2,-5,0,-1,2,1,1,2,1,1,4
236,234,229,234,18,17,18,18,2,5,-5,1,-1,0,0,2,3,1,1,4
309,304,304,304,18,17,18,19,5,0,0,1,-1,-1,-1,1,1,1,1,4
1026,1024,1031,1026,13,14,12,13,2,-7,5,-1,2,-1,0,1,2,1,1,4
182,1073,1078,1078,14,14,15,13,-891,-5,0,0,-1,2,1,1,3,1,1,4
951,949,946,946,13,14,12,13,2,3,0,-1,2,-1,0,1,2,1,3,4
206,206,199,201,18,19,18,19,0,7,-2,-1,1,-1,-1,3,1,2,1,4
1026,1017,1005,1003,13,14,15,13,9,12,2,-1,-1,2,0,3,3,2,1,4
768,764,764,759,13,14,15,13,4,0,5,-1,-1,2,0,3,3,3,3,4
649,639,635,632,13,14,13,13,10,4,3,-1,1,0,0,2,2,2,1,4
351,337,335,332,13,14,13,13,14,2,3,-1,1,0,0,1,1,2,1,4
325,325,323,325,18,19,18,19,0,2,-2,-1,1,-1,-1,2,2,3,2,4
492,482,485,482,14,17,15,16,10,-3,3,-3,2,-1,-2,1,1,2,1,4
492,482,482,482,21,19,21,19,10,0,0,2,-2,2,2,1,1,1,1,4
309,295,290,293,14,14,15,16,14,5,-3,0,-1,-1,-2,1,1,1,2,4
787,785,782,782,18,17,18,19,2,3,0,1,-1,-1,-1,1,2,1,1,4
782,775,773,773,14,14,15,13,7,2,0,0,-1,2,1,1,2,3,1,4
215,210,210,213,18,19,20,19,5,0,-3,-1,-1,1,-1,1,1,1,2,4
206,201,196,196,18,17,18,19,5,5,0,1,-1,-1,-1,1,3,3,1,4
827,822,827,824,18,17,18,16,5,-5,3,1,-1,2,2,2,2,2,3,4
590,583,581,581,14,14,13,13,7,2,0,0,1,0,1,1,2,1,1,4
843,843,839,839,14,14,15,13,0,4,0,0,-1,2,1,1,3,1,3,4
431,428,426,426,17,19,18,18,3,2,0,-2,1,0,-1,1,2,3,1,4
1068,1068,1061,1061,13,14,12,13,0,7,0,-1,2,-1,0,1,3,2,2,4
475,473,459,464,20,19,18,18,2,14,-5,1,1,0,2,2,1,1,1,4
370,370,365,363,17,16,18,18,0,5,2,1,-2,0,-1,3,3,3,2,4
925,928,923,928,18,17,18,16,-3,5,-5,1,-1,2,2,2,1,1,1,4
215,208,206,206,18,19,18,19,7,2,0,-1,1,-1,-1,1,2,3,1,4
600,583,586,586,14,17,15,16,17,-3,0,-3,2,-1,-2,1,2,1,1,4
921,923,918,918,18,19,18,19,-2,5,0,-1,1,-1,-1,2,1,3,1,4
768,766,764,764,17,16,15,16,2,2,0,1,1,-1,1,1,2,3,1,4
588,586,581,581,14,14,13,13,2,5,0,0,1,0,1,2,1,1,1,4
703,693,698,698,17,16,18,18,10,-5,0,1,-2,0,-1,1,1,3,1,4
981,979,977,982,13,14,15,13,2,2,-5,-1,-1,2,0,2,1,2,2,4
431,426,421,424,13,14,12,13,5,5,-3,-1,2,-1,0,1,1,1,2,4
827,820,820,817,21,19,20,21,7,0,3,2,-1,-1,0,2,1,1,2,4
515,513,510,513,14,14,15,13,2,3,-3,0,-1,2,1,3,2,1,2,4
314,309,314,311,18,17,18,19,5,-5,3,1,-1,-1,-1,1,1,1,2,4
384,379,377,374,13,14,12,13,5,2,3,-1,2,-1,0,1,3,2,1,4
731,721,717,721,13,14,15,13,10,4,-4,-1,-1,2,0,1,3,1,1,4
855,848,848,843,18,17,18,18,7,0,5,1,-1,0,0,2,3,3,1,4
407,405,407,407,13,14,15,13,2,-2,0,-1,-1,2,0,1,2,1,3,4
370,365,363,363,20,19,18,18,5,2,0,1,1,0,2,1,1,2,2,4
300,293,293,286,14,14,15,13,7,0,7,0,-1,2,1,1,2,2,1,4
632,625,616,614,13,14,13,13,7,9,2,-1,1,0,0,1,2,2,1,4
1052,1050,1045,1045,17,16,18,16,2,5,0,1,-2,2,1,2,1,3,3,4
187,182,185,182,21,19,21,21,5,-3,3,2,-2,0,0,1,1,2,1,4
794,792,796,796,18,19,18,19,2,-4,0,-1,1,-1,-1,2,3,1,1,4
841,836,834,839,18,17,18,18,5,2,-5,1,-1,0,0,2,2,1,1,4
342,337,332,332,17,16,15,16,5,5,0,1,1,-1,1,1,1,1,1,4
1024,1021,1024,1026,17,16,18,18,3,-3,-2,1,-2,0,-1,2,1,2,1,4
531,524,520,522,14,14,15,13,7,4,-2,0,-1,2,1,2,1,3,2,4
567,567,560,562,14,14,15,13,0,7,-2,0,-1,2,1,1,1,2,1,4
199,192,189,192,14,14,13,13,7,3,-3,0,1,0,1,2,1,2,3,4
295,290,293,290,18,19,18,19,5,-3,3,-1,1,-1,-1,3,3,2,3,4
522,515,513,515,14,17,15,16,7,2,-2,-3,2,-1,-2,2,1,2,1,4
374,374,374,374,17,16,18,18,0,0,0,1,-2,0,-1,3,3,3,1,4
953,946,942,944,20,19,20,18,7,4,-2,1,-1,2,2,2,1,1,2,4
489,482,482,482,21,19,21,21,7,0,0,2,-2,0,0,2,1,1,1,4
642,639,635,625,13,14,15,13,3,4,10,-1,-1,2,0,1,2,2,2,4
293,290,286,286,18,17,18,19,3,4,0,1,-1,-1,-1,2,3,1,1,4
792,789,787,787,21,19,21,21,3,2,0,2,-2,0,0,1,2,1,1,4
932,925,925,928,13,14,13,13,7,0,-3,-1,1,0,0,1,2,2,1,4
876,869,871,871,14,14,15,16,7,-2,0,0,-1,-1,-2,1,2,1,3,4
210,208,206,208,14,14,15,13,2,2,-2,0,-1,2,1,1,2,1,2,4
806,799,796,801,14,17,15,16,7,3,-5,-3,2,-1,-2,1,2,3,3,4
998,996,993,993,20,19,20,18,2,3,0,1,-1,2,2,1,2,1,1,4
271,269,269,267,14,14,15,16,2,0,2,0,-1,-1,-2,3,2,2,1,4
932,937,932,937,13,14,15,13,-5,5,-5,-1,-1,2,0,1,1,1,1,4
323,318,318,407,14,17,15,16,5,0,-89,-3,2,-1,-2,3,1,1,1,4
564,527,524,524,18,17,15,16,37,3,0,1,2,-1,2,2,2,3,1,4
635,637,637,637,13,14,12,13,-2,0,0,-1,2,-1,0,2,1,3,1,4
834,822,822,822,18,17,18,19,12,0,0,1,-1,-1,-1,1,2,2,2,4
1047,1045,1045,1040,20,19,18,18,2,0,5,1,1,0,2,2,3,1,3,4
764,761,750,750,13,14,15,13,3,11,0,-1,-1,2,0,3,2,1,1,4
199,196,192,192,14,17,15,16,3,4,0,-3,2,-1,-2,2,1,1,1,4
600,595,597,595,14,17,15,16,5,-2,2,-3,2,-1,-2,3,1,2,1,4
529,527,524,527,14,14,15,13,2,3,-3,0,-1,2,1,1,2,1,2,4
787,775,775,785,18,16,18,16,12,0,-10,2,-2,2,2,3,2,2,2,4
1007,1007,998,993,20,19,18,18,0,9,5,1,1,0,2,3,1,1,1,4
398,393,389,389,17,16,15,16,5,4,0,1,1,-1,1,1,3,3,1,4
339,342,328,335,13,14,15,13,-3,14,-7,-1,-1,2,0,2,1,1,2,4
993,991,986,991,13,14,12,13,2,5,-5,-1,2,-1,0,3,2,2,2,4
196,196,196,196,14,17,15,16,0,0,0,-3,2,-1,-2,1,1,1,1,4
391,382,384,384,13,14,12,13,9,-2,0,-1,2,-1,0,2,2,1,3,4
374,372,370,377,13,14,15,13,2,2,-7,-1,-1,2,0,1,2,3,2,4
914,911,907,904,14,14,15,16,3,4,3,0,-1,-1,-2,3,2,2,1,4
965,960,953,956,13,14,12,13,5,7,-3,-1,2,-1,0,3,3,2,3,4
752,745,745,740,17,19,18,18,7,0,5,-2,1,0,-1,2,1,1,1,4
674,670,672,670,13,14,12,13,4,-2,2,-1,2,-1,0,1,3,2,1,4
426,428,426,426,20,19,20,21,-2,2,0,1,-1,-1,-1,3,2,1,1,4
351,346,344,339,17,16,15,16,5,2,5,1,1,-1,1,3,1,2,2,4
750,747,752,750,13,14,15,13,3,-5,2,-1,-1,2,0,1,2,2,1,4
942,939,942,939,17,16,15,16,3,-3,3,1,1,-1,1,1,2,1,2,4
656,651,651,651,20,19,20,18,5,0,0,1,-1,2,2,1,1,1,1,4
196,196,194,192,18,19,18,19,0,2,2,-1,1,-1,-1,1,3,2,1,4
398,393,389,391,20,19,20,21,5,4,-2,1,-1,-1,-1,3,3,1,2,4
246,239,241,241,18,19,18,18,7,-2,0,-1,1,0,0,2,3,2,2,4
548,543,543,562,18,19,18,18,5,0,-19,-1,1,0,0,1,1,1,1,4
206,199,196,199,18,17,18,16,7,3,-3,1,-1,2,2,3,2,1,2,4
745,733,736,736,13,14,12,13,12,-3,0,-1,2,-1,0,3,2,1,1,4
286,278,276,278,14,14,15,13,8,2,-2,0,-1,2,1,1,2,1,2,4
450,445,443,445,13,14,15,13,5,2,-2,-1,-1,2,0,1,3,2,3,4
993,993,986,986,13,14,15,13,0,7,0,-1,-1,2,0,1,1,2,2,4
857,843,841,841,14,17,15,16,14,2,0,-3,2,-1,-2,1,1,2,2,4
822,820,806,815,14,17,15,16,2,14,-9,-3,2,-1,-2,2,1,1,1,4
993,996,986,991,13,14,15,13,-3,10,-5,-1,-1,2,0,3,2,2,2,4
412,410,410,405,20,19,18,21,2,0,5,1,1,-3,-1,1,2,2,2,4
792,792,787,787,14,14,15,13,0,5,0,0,-1,2,1,1,1,1,3,4
574,560,560,557,18,17,18,16,14,0,3,1,-1,2,2,2,2,2,1,4
464,461,459,459,13,14,12,13,3,2,0,-1,2,-1,0,1,2,1,1,4
342,346,339,342,20,19,20,18,-4,7,-3,1,-1,2,2,1,3,2,1,4
290,293,293,295,14,17,15,16,-3,0,-2,-3,2,-1,-2,3,2,2,3,4
998,986,986,989,13,14,15,13,12,0,-3,-1,-1,2,0,3,2,2,1,4
979,979,979,974,17,16,18,18,0,0,5,1,-2,0,-1,3,1,3,1,4
276,274,271,274,14,14,13,13,2,3,-3,0,1,0,1,3,2,1,2,4
393,389,389,389,13,14,15,13,4,0,0,-1,-1,2,0,3,3,3,1,4
946,949,946,944,17,16,18,16,-3,3,2,1,-2,2,1,3,2,1,2,4
194,192,189,187,18,17,15,16,2,3,2,1,2,-1,2,2,3,2,1,4
196,192,187,189,21,19,21,19,4,5,-2,2,-2,2,2,3,1,1,2,4
187,1075,1078,1075,18,16,18,18,-888,-3,3,2,-2,0,0,1,2,1,2,4
187,182,1078,1078,21,19,20,18,5,-896,0,2,-1,2,3,3,1,1,1,4
750,745,745,745,20,19,20,21,5,0,0,1,-1,-1,-1,1,3,1,1,4
217,213,213,213,14,14,13,13,4,0,0,0,1,0,1,2,2,2,2,4
660,660,658,658,17,16,18,18,0,2,0,1,-2,0,-1,1,1,2,2,4
201,194,196,199,18,17,18,19,7,-2,-3,1,-1,-1,-1,3,2,1,2,4
586,571,574,576,14,17,15,16,15,-3,-2,-3,2,-1,-2,1,1,2,1,4
817,813,806,806,14,14,15,13,4,7,0,0,-1,2,1,2,2,1,3,4
234,232,229,232,18,17,18,19,2,3,-3,1,-1,-1,-1,1,2,1,2,4
909,900,886,886,14,14,15,13,9,14,0,0,-1,2,1,1,3,1,1,4
473,464,466,471,20,19,20,18,9,-2,-5,1,-1,2,2,1,1,2,2,4
921,914,911,911,18,19,18,19,7,3,0,-1,1,-1,-1,2,1,2,2,4
637,637,628,628,17,16,18,19,0,9,0,1,-2,-1,-2,1,1,1,1,4
951,953,951,951,17,16,18,18,-2,2,0,1,-2,0,-1,3,2,1,1,4
808,801,796,796,14,17,15,16,7,5,0,-3,2,-1,-2,2,3,1,1,4
679,682,677,674,13,14,12,13,-3,5,3,-1,2,-1,0,3,2,2,1,4
433,436,431,431,20,19,20,21,-3,5,0,1,-1,-1,-1,2,1,1,1,4
670,670,667,670,13,14,15,16,0,3,-3,-1,-1,-1,-3,3,1,2,3,4
377,370,370,372,13,14,15,13,7,0,-2,-1,-1,2,0,2,1,1,2,4
529,524,517,513,21,19,20,21,5,7,4,2,-1,-1,0,1,3,2,2,4
337,337,335,337,20,19,20,18,0,2,-2,1,-1,2,2,1,1,2,1,4
937,932,928,928,20,19,21,19,5,4,0,1,-2,2,1,3,1,1,1,4
1073,1061,1071,1078,17,16,15,16,12,-10,-7,1,1,-1,1,1,2,2,1,4
443,438,431,428,17,16,15,16,5,7,3,1,1,-1,1,2,2,1,2,4
829,824,822,820,14,17,15,16,5,2,2,-3,2,-1,-2,1,3,2,1,4
752,750,747,750,20,19,20,21,2,3,-3,1,-1,-1,-1,2,1,2,1,4
210,206,201,201,21,19,21,19,4,5,0,2,-2,2,2,1,1,1,1,4
1059,1054,1057,1057,17,16,15,16,5,-3,0,1,1,-1,1,3,1,2,2,4
510,506,499,503,14,14,13,13,4,7,-4,0,1,0,1,3,3,2,2,4
876,871,874,876,18,19,18,18,5,-3,-2,-1,1,0,0,1,3,2,1,4
860,843,846,848,14,17,15,16,17,-3,-2,-3,2,-1,-2,2,3,2,1,4
785,782,787,782,14,14,15,16,3,-5,5,0,-1,-1,-2,2,1,1,1,4
379,372,372,372,13,14,15,13,7,0,0,-1,-1,2,0,3,2,2,2,4
1021,1021,1014,1019,13,14,12,13,0,7,-5,-1,2,-1,0,1,1,2,2,4
318,302,295,297,18,17,18,16,16,7,-2,1,-1,2,2,1,2,1,2,4
1059,1059,185,1054,13,14,13,13,0,874,-869,-1,1,0,0,1,3,2,1,4
850,848,841,839,21,19,20,18,2,7,2,2,-1,2,3,2,3,2,1,4
773,773,771,768,13,14,15,13,0,2,3,-1,-1,2,0,1,3,2,1,4
651,642,642,639,20,19,20,18,9,0,3,1,-1,2,2,1,1,1,2,4
466,461,457,457,17,16,15,16,5,4,0,1,1,-1,1,2,2,2,2,4
817,815,813,813,18,17,18,19,2,2,0,1,-1,-1,-1,2,3,2,2,4
562,560,543,541,18,19,18,18,2,17,2,-1,1,0,0,3,2,1,2,4
557,548,548,548,18,17,18,16,9,0,0,1,-1,2,2,1,3,1,1,4
417,414,410,407,17,16,15,16,3,4,3,1,1,-1,1,3,2,2,1,4
1021,1017,1019,1021,17,19,18,18,4,-2,-2,-2,1,0,-1,3,1,2,3,4
1054,1050,1050,1050,20,19,20,21,4,0,0,1,-1,-1,-1,3,1,1,3,4
468,466,457,468,17,16,18,16,2,9,-11,1,-2,2,1,1,2,2,1,4
970,965,963,960,20,19,20,21,5,2,3,1,-1,-1,-1,3,3,2,3,4
867,857,853,853,14,14,15,16,10,4,0,0,-1,-1,-2,3,3,1,1,4
1068,1061,1059,1054,20,19,18,18,7,2,5,1,1,0,2,1,2,1,1,4
618,614,614,506,14,14,15,16,4,0,108,0,-1,-1,-2,1,3,3,1,4
464,459,457,457,20,19,18,18,5,2,0,1,1,0,2,1,1,2,2,4
614,607,607,597,14,14,13,13,7,0,10,0,1,0,1,3,2,2,2,4
1021,1014,1010,1010,13,14,12,13,7,4,0,-1,2,-1,0,1,2,2,2,4
764,759,759,759,20,19,18,18,5,0,0,1,1,0,2,1,1,3,3,4
785,775,773,773,14,14,15,13,10,2,0,0,-1,2,1,2,2,3,1,4
529,520,522,520,14,17,15,16,9,-2,2,-3,2,-1,-2,1,1,2,1,4
389,398,398,393,20,19,20,21,-9,0,5,1,-1,-1,-1,1,1,1,1,4
623,625,628,628,21,19,21,19,-2,-3,0,2,-2,2,2,3,2,1,1,4
773,771,736,766,20,19,20,18,2,35,-30,1,-1,2,2,3,2,1,2,4
229,217,210,215,14,17,15,16,12,7,-5,-3,2,-1,-2,3,2,3,1,4
473,475,466,473,17,16,15,16,-2,9,-7,1,1,-1,1,1,2,2,1,4
796,792,782,782,21,19,21,21,4,10,0,2,-2,0,0,3,1,1,1,4
337,337,332,332,20,19,20,21,0,5,0,1,-1,-1,-1,1,1,1,1,4
965,958,946,949,13,14,12,13,7,12,-3,-1,2,-1,0,1,2,1,2,4
1017,1010,1000,1007,17,16,15,16,7,10,-7,1,1,-1,1,1,2,2,1,4
194,192,187,187,18,17,18,16,2,5,0,1,-1,2,2,2,3,3,1,4
210,203,201,201,21,19,21,21,7,2,0,2,-2,0,0,1,2,3,1,4
1036,1036,1024,1031,17,16,18,18,0,12,-7,1,-2,0,-1,3,3,2,1,4
944,944,942,937,13,14,15,13,0,2,5,-1,-1,2,0,2,2,1,3,4
468,468,464,464,13,14,15,13,0,4,0,-1,-1,2,0,1,1,1,1,4
440,438,440,436,17,16,15,16,2,-2,4,1,1,-1,1,3,2,1,3,4
328,323,323,325,14,14,13,13,5,0,-2,0,1,0,1,1,3,3,2,4
189,187,182,189,18,19,18,19,2,5,-7,-1,1,-1,-1,2,1,1,2,4
623,635,623,623,14,14,13,13,-12,12,0,0,1,0,1,1,2,1,1,4
454,450,450,450,20,19,20,18,4,0,0,1,-1,2,2,3,1,1,1,4
248,246,241,243,21,19,20,21,2,5,-2,2,-1,-1,0,1,2,2,1,4
405,398,398,403,13,14,12,13,7,0,-5,-1,2,-1,0,2,3,3,3,4
984,977,979,977,13,14,15,13,7,-2,2,-1,-1,2,0,3,2,1,2,4
412,403,400,403,13,14,12,13,9,3,-3,-1,2,-1,0,1,3,2,1,4
210,210,206,210,14,14,15,13,0,4,-4,0,-1,2,1,1,3,1,3,4
888,878,876,883,21,19,20,21,10,2,-7,2,-1,-1,0,2,2,1,2,4
792,789,787,787,14,14,15,13,3,2,0,0,-1,2,1,3,2,1,1,4
302,302,300,295,14,14,15,13,0,2,5,0,-1,2,1,2,2,1,3,4
468,473,468,468,13,14,15,13,-5,5,0,-1,-1,2,0,1,3,1,1,4
581,581,576,569,14,14,13,13,0,5,7,0,1,0,1,3,3,1,2,4
801,801,801,794,14,14,13,13,0,0,7,0,1,0,1,3,1,1,2,4
1073,1066,1068,1068,13,14,15,13,7,-2,0,-1,-1,2,0,1,2,1,1,4
389,382,379,379,20,19,20,21,7,3,0,1,-1,-1,-1,1,2,1,1,4
914,907,900,900,14,14,13,13,7,7,0,0,1,0,1,3,2,1,1,4
700,698,696,696,13,14,12,13,2,2,0,-1,2,-1,0,2,3,2,2,4
1064,1059,1057,1059,13,14,15,13,5,2,-2,-1,-1,2,0,3,3,2,3,4
372,370,370,365,20,19,20,18,2,0,5,1,-1,2,2,2,1,1,1,4
752,745,747,750,17,16,18,18,7,-2,-3,1,-2,0,-1,2,3,2,1,4
665,665,665,660,13,16,15,16,0,0,5,-3,1,-1,-3,1,1,1,1,4
646,644,642,639,20,19,18,18,2,2,3,1,1,0,2,1,2,1,2,4
660,660,658,656,13,16,15,16,0,2,2,-3,1,-1,-3,1,3,2,1,4
276,271,267,267,18,19,20,18,5,4,0,-1,-1,2,0,3,1,1,1,4
759,752,754,750,13,14,15,13,7,-2,4,-1,-1,2,0,3,2,3,1,4
618,611,604,604,18,17,18,16,7,7,0,1,-1,2,2,1,2,1,1,4
871,867,864,862,14,14,15,16,4,3,2,0,-1,-1,-2,1,3,2,1,4
529,527,524,522,18,17,18,16,2,3,2,1,-1,2,2,1,2,3,2,4
471,471,468,471,17,16,15,16,0,3,-3,1,1,-1,1,2,2,3,2,4
379,382,374,379,20,19,20,21,-3,8,-5,1,-1,-1,-1,3,2,3,1,4
923,928,923,923,14,14,15,16,-5,5,0,0,-1,-1,-2,1,1,1,1,4
810,808,806,806,18,17,18,16,2,2,0,1,-1,2,2,3,2,1,1,4
220,217,215,217,18,17,18,19,3,2,-2,1,-1,-1,-1,3,2,1,2,4
1068,1073,1068,1068,13,14,12,13,-5,5,0,-1,2,-1,0,1,1,3,1,4
513,503,501,501,18,17,18,19,10,2,0,1,-1,-1,-1,2,2,3,1,4
703,693,689,682,13,14,12,13,10,4,7,-1,2,-1,0,1,3,1,2,4
876,871,867,871,21,19,20,18,5,4,-4,2,-1,2,3,1,3,1,1,4
206,194,185,182,14,17,15,16,12,9,3,-3,2,-1,-2,3,2,2,1,4
782,773,764,771,14,14,15,13,9,9,-7,0,-1,2,1,1,1,1,2,4
864,862,862,860,21,19,20,18,2,0,2,2,-1,2,3,2,1,3,2,4
960,953,946,946,17,16,15,16,7,7,0,1,1,-1,1,1,2,3,1,4
482,471,461,464,18,16,18,16,11,10,-3,2,-2,2,2,1,2,2,1,4
1026,1028,1024,1019,13,14,15,13,-2,4,5,-1,-1,2,0,3,2,2,2,4
991,991,982,989,13,14,12,13,0,9,-7,-1,2,-1,0,2,2,2,3,4
290,286,286,286,18,19,18,19,4,0,0,-1,1,-1,-1,1,3,1,1,4
274,271,271,271,18,19,18,18,3,0,0,-1,1,0,0,2,3,1,1,4
1043,1045,1043,1040,20,19,18,18,-2,2,3,1,1,0,2,2,1,2,1,4
639,632,623,628,13,14,15,13,7,9,-5,-1,-1,2,0,2,1,1,1,4
918,916,914,914,18,17,18,16,2,2,0,1,-1,2,2,1,2,3,1,4
450,443,445,445,13,14,15,16,7,-2,0,-1,-1,-1,-3,1,2,1,1,4
850,848,846,848,14,14,13,13,2,2,-2,0,1,0,1,2,3,2,1,4
356,360,356,356,17,19,18,18,-4,4,0,-2,1,0,-1,1,1,1,3,4
1078,1078,1073,1073,17,16,18,16,0,5,0,1,-2,2,1,1,1,3,1,4
290,286,278,281,14,17,15,16,4,8,-3,-3,2,-1,-2,1,3,2,1,4
339,335,335,332,13,14,15,13,4,0,3,-1,-1,2,0,2,2,2,1,4
609,604,604,604,18,17,18,16,5,0,0,1,-1,2,2,1,1,1,1,4
623,621,616,618,14,17,15,16,2,5,-2,-3,2,-1,-2,1,2,2,1,4
290,288,283,286,18,17,18,16,2,5,-3,1,-1,2,2,1,2,2,1,4
546,534,524,529,14,14,13,13,12,10,-5,0,1,0,1,2,1,3,1,4
628,621,614,614,14,14,13,13,7,7,0,0,1,0,1,1,2,1,1,4
712,710,707,703,17,16,18,16,2,3,4,1,-2,2,1,3,2,3,1,4
367,367,370,379,17,16,18,18,0,-3,-9,1,-2,0,-1,2,2,1,1,4
295,293,288,293,14,14,15,13,2,5,-5,0,-1,2,1,3,2,2,2,4
208,210,210,210,14,14,15,16,-2,0,0,0,-1,-1,-2,2,1,3,3,4
843,843,839,836,14,14,15,13,0,4,3,0,-1,2,1,1,3,3,2,4
979,972,967,974,13,14,12,13,7,5,-7,-1,2,-1,0,3,2,2,3,4
881,874,869,876,14,14,15,13,7,5,-7,0,-1,2,1,1,2,2,3,4
604,607,600,600,14,14,15,16,-3,7,0,0,-1,-1,-2,3,2,1,1,4
398,391,389,382,13,14,12,13,7,2,7,-1,2,-1,0,1,2,3,2,4
539,541,536,534,14,14,15,16,-2,5,2,0,-1,-1,-2,1,2,2,1,4
363,358,351,346,13,14,12,13,5,7,5,-1,2,-1,0,2,2,3,1,4
1033,1028,1028,1026,13,14,15,13,5,0,2,-1,-1,2,0,2,2,2,1,4
262,257,260,260,14,14,13,13,5,-3,0,0,1,0,1,3,1,2,2,4
562,557,553,555,14,17,15,16,5,4,-2,-3,2,-1,-2,3,1,1,2,4
459,454,457,452,13,14,12,13,5,-3,5,-1,2,-1,0,1,3,2,2,4
1057,1057,1036,1054,20,19,20,21,0,21,-18,1,-1,-1,-1,2,2,1,1,4
459,454,447,450,13,14,12,13,5,7,-3,-1,2,-1,0,1,1,2,1,4
393,391,389,391,13,14,15,16,2,2,-2,-1,-1,-1,-3,1,2,3,2,4
574,571,567,562,18,17,18,18,3,4,5,1,-1,0,0,2,3,1,1,4
925,923,916,914,21,19,21,21,2,7,2,2,-2,0,0,2,3,2,1,4
970,965,963,967,20,19,20,18,5,2,-4,1,-1,2,2,1,1,2,2,4
307,344,297,297,18,16,18,19,-37,47,0,2,-2,-1,-1,2,2,2,2,4
450,452,445,450,20,19,20,18,-2,7,-5,1,-1,2,2,1,2,3,1,4
234,224,224,224,14,14,15,13,10,0,0,0,-1,2,1,3,1,1,1,4
731,721,724,721,13,14,15,13,10,-3,3,-1,-1,2,0,1,1,2,1,4
782,778,778,778,21,19,20,21,4,0,0,2,-1,-1,0,1,1,1,1,4
295,288,286,286,14,14,13,13,7,2,0,0,1,0,1,1,2,1,1,4
189,182,185,187,14,14,15,13,7,-3,-2,0,-1,2,1,2,1,2,1,4
916,916,909,911,21,19,21,19,0,7,-2,2,-2,2,2,2,2,1,2,4
1047,1040,1038,1040,13,14,12,13,7,2,-2,-1,2,-1,0,2,3,2,1,4
600,578,578,578,14,17,15,16,22,0,0,-3,2,-1,-2,3,2,2,2,4
888,881,883,881,18,19,18,19,7,-2,2,-1,1,-1,-1,2,3,2,1,4
787,787,785,792,21,19,21,19,0,2,-7,2,-2,2,2,3,1,2,1,4
557,553,546,548,14,14,13,13,4,7,-2,0,1,0,1,3,3,2,1,4
703,693,693,698,13,14,12,13,10,0,-5,-1,2,-1,0,3,3,3,1,4
820,813,815,817,21,19,20,19,7,-2,-2,2,-1,1,2,3,2,1,2,4
1073,1073,1068,1071,17,16,18,18,0,5,-3,1,-2,0,-1,1,1,1,2,4
879,874,871,876,21,19,20,21,5,3,-5,2,-1,-1,0,2,2,1,1,4
768,768,766,766,17,16,18,16,0,2,0,1,-2,2,1,1,1,2,2,4
377,374,372,372,20,19,18,18,3,2,0,1,1,0,2,2,1,2,2,4
874,867,867,883,14,14,15,13,7,0,-16,0,-1,2,1,2,3,1,2,4
536,520,515,510,14,14,13,13,16,5,5,0,1,0,1,2,1,1,3,4
520,513,515,517,21,19,20,21,7,-2,-2,2,-1,-1,0,1,2,1,2,4
787,775,778,775,18,16,18,18,12,-3,3,2,-2,0,0,1,2,1,2,4
1003,1003,1007,1012,20,19,20,21,0,-4,-5,1,-1,-1,-1,1,3,1,1,4
459,457,452,454,13,14,15,13,2,5,-2,-1,-1,2,0,3,2,2,1,4
499,499,496,496,14,14,15,13,0,3,0,0,-1,2,1,2,2,3,1,4
1075,1073,1068,1061,20,19,18,18,2,5,7,1,1,0,2,2,1,1,2,4
1031,1031,1026,1031,17,16,18,16,0,5,-5,1,-2,2,1,1,1,3,1,4
192,192,187,185,18,19,18,19,0,5,2,-1,1,-1,-1,3,3,1,2,4
900,890,890,890,14,14,15,13,10,0,0,0,-1,2,1,3,3,1,1,4
335,328,328,323,17,19,18,19,7,0,5,-2,1,-1,-2,2,1,1,1,4
546,541,539,534,14,14,13,13,5,2,5,0,1,0,1,2,2,1,1,4
623,618,618,621,14,17,15,16,5,0,-3,-3,2,-1,-2,1,1,1,2,4
974,972,972,974,17,16,15,16,2,0,-2,1,1,-1,1,3,2,2,1,4
616,609,604,604,18,17,18,19,7,5,0,1,-1,-1,-1,2,3,1,1,4
403,400,400,403,20,19,18,18,3,0,-3,1,1,0,2,1,2,2,1,4
946,942,939,942,13,14,12,13,4,3,-3,-1,2,-1,0,1,1,2,1,4
492,487,487,492,18,19,18,19,5,0,-5,-1,1,-1,-1,1,1,1,1,4
869,864,860,862,14,17,15,16,5,4,-2,-3,2,-1,-2,2,2,2,1,4
839,836,836,836,18,19,18,18,3,0,0,-1,1,0,0,1,2,2,2,4
494,492,487,492,14,14,15,13,2,5,-5,0,-1,2,1,2,3,1,3,4
996,993,991,993,13,16,15,16,3,2,-2,-3,1,-1,-3,2,1,2,1,4
473,471,466,468,20,19,20,18,2,5,-2,1,-1,2,2,1,2,2,1,4
787,775,778,778,21,19,20,18,12,-3,0,2,-1,2,3,1,2,1,1,4
965,967,963,965,13,14,15,13,-2,4,-2,-1,-1,2,0,3,2,2,3,4
281,269,267,274,14,14,15,13,12,2,-7,0,-1,2,1,1,2,1,2,4
262,260,250,255,14,17,15,16,2,10,-5,-3,2,-1,-2,3,2,2,2,4
918,914,914,916,18,17,18,19,4,0,-2,1,-1,-1,-1,1,1,1,2,4
653,651,642,642,20,19,18,18,2,9,0,1,1,0,2,2,1,1,1,4
796,796,808,820,21,19,20,21,0,-12,-12,2,-1,-1,0,1,1,2,1,4
276,262,271,271,18,17,18,18,14,-9,0,1,-1,0,0,1,1,1,3,4
628,611,614,614,21,19,21,19,17,-3,0,2,-2,2,2,1,2,1,1,4
974,965,963,965,13,14,15,16,9,2,-2,-1,-1,-1,-3,1,1,2,1,4
860,848,843,839,18,17,18,18,12,5,4,1,-1,0,0,2,1,1,1,4
337,337,335,332,20,19,20,18,0,2,3,1,-1,2,2,3,1,2,1,4
822,813,813,820,18,19,18,19,9,0,-7,-1,1,-1,-1,2,2,2,1,4
674,674,672,674,20,19,20,18,0,2,-2,1,-1,2,2,1,3,2,1,4
893,890,886,888,14,14,15,13,3,4,-2,0,-1,2,1,2,3,1,2,4
801,799,801,801,21,19,21,21,2,-2,0,2,-2,0,0,1,2,1,1,4
524,515,520,522,18,19,18,19,9,-5,-2,-1,1,-1,-1,1,3,1,2,4
1000,998,998,998,17,19,18,18,2,0,0,-2,1,0,-1,2,1,1,1,4
824,827,820,827,18,19,20,19,-3,7,-7,-1,-1,1,-1,1,2,1,2,4
410,403,398,398,13,14,15,13,7,5,0,-1,-1,2,0,2,3,1,1,4
614,607,602,604,14,14,13,13,7,5,-2,0,1,0,1,1,2,2,3,4
262,257,234,248,14,14,13,13,5,23,-14,0,1,0,1,1,3,1,1,4
820,815,815,815,21,19,20,21,5,0,0,2,-1,-1,0,3,1,3,1,4
454,450,447,445,13,14,15,13,4,3,2,-1,-1,2,0,1,3,2,3,4
900,895,890,893,14,17,15,16,5,5,-3,-3,2,-1,-2,1,3,1,2,4
367,365,360,365,17,16,15,16,2,5,-5,1,1,-1,1,2,3,1,1,4
642,637,639,637,13,14,12,13,5,-2,2,-1,2,-1,0,1,3,2,1,4
236,234,229,227,18,19,18,19,2,5,2,-1,1,-1,-1,2,3,1,2,4
1052,1050,1045,1043,13,14,15,13,2,5,2,-1,-1,2,0,2,1,1,2,4
443,440,436,436,20,19,20,21,3,4,0,1,-1,-1,-1,2,1,1,1,4
267,269,260,260,14,14,13,13,-2,9,0,0,1,0,1,3,2,2,2,4
923,918,916,921,21,19,21,21,5,2,-5,2,-2,0,0,3,1,2,2,4
358,346,346,344,13,14,12,13,12,0,2,-1,2,-1,0,2,3,3,2,4
579,576,574,576,18,17,18,18,3,2,-2,1,-1,0,0,2,3,2,1,4
1064,1059,1057,1054,20,19,18,18,5,2,3,1,1,0,2,1,1,2,1,4
271,262,262,260,14,14,13,13,9,0,2,0,1,0,1,1,1,1,2,4
555,543,539,539,14,14,15,16,12,4,0,0,-1,-1,-2,2,1,3,1,4
1038,1038,1036,1033,20,19,20,18,0,2,3,1,-1,2,2,2,2,1,2,4
921,916,914,916,18,19,18,19,5,2,-2,-1,1,-1,-1,2,2,3,2,4
562,557,555,555,18,19,18,21,5,2,0,-1,1,-3,-3,1,3,2,2,4
703,696,698,703,17,16,15,16,7,-2,-5,1,1,-1,1,3,2,1,3,4
750,752,750,750,20,19,20,18,-2,2,0,1,-1,2,2,1,2,1,1,4
1059,1057,1054,1059,13,14,15,13,2,3,-5,-1,-1,2,0,3,2,1,1,4
618,616,614,609,14,14,15,13,2,2,5,0,-1,2,1,1,2,1,1,4
445,443,440,440,17,16,18,16,2,3,0,1,-2,2,1,1,2,1,1,4
321,323,323,323,14,17,15,16,-2,0,0,-3,2,-1,-2,2,3,1,1,4
879,869,871,867,18,17,18,16,10,-2,4,1,-1,2,2,2,2,1,1,4
496,475,475,473,14,14,13,13,21,0,2,0,1,0,1,3,2,2,1,4
182,1075,1073,1073,21,19,20,18,-893,2,0,2,-1,2,3,1,2,1,1,4
953,951,951,951,20,19,20,18,2,0,0,1,-1,2,2,2,1,1,1,4
925,925,921,918,14,17,15,16,0,4,3,-3,2,-1,-2,2,2,2,1,4
736,731,728,726,20,19,20,18,5,3,2,1,-1,2,2,1,1,2,1,4
274,267,250,260,14,14,13,13,7,17,-10,0,1,0,1,2,3,2,2,4
853,843,839,834,14,14,13,13,10,4,5,0,1,0,1,3,3,1,3,4
970,970,965,967,20,19,18,18,0,5,-2,1,1,0,2,3,1,3,2,4
539,534,532,529,21,19,20,21,5,2,3,2,-1,-1,0,3,1,2,1,4
956,949,946,946,17,19,18,18,7,3,0,-2,1,0,-1,3,2,1,1,4
881,871,871,876,14,14,13,13,10,0,-5,0,1,0,1,3,1,1,1,4
560,562,555,560,18,17,18,16,-2,7,-5,1,-1,2,2,2,1,2,2,4
757,750,750,752,13,14,15,13,7,0,-2,-1,-1,2,0,2,3,1,2,4
806,799,796,796,14,14,13,13,7,3,0,0,1,0,1,3,2,3,3,4
489,487,482,482,14,14,13,13,2,5,0,0,1,0,1,2,1,1,1,4
989,984,984,984,20,19,20,18,5,0,0,1,-1,2,2,1,1,1,1,4
625,621,623,628,14,14,13,13,4,-2,-5,0,1,0,1,2,2,1,1,4
262,257,255,260,21,19,23,21,5,2,-5,2,-4,2,0,1,1,2,2,4
503,499,496,496,18,19,18,19,4,3,0,-1,1,-1,-1,2,2,1,1,4
862,853,850,843,21,19,20,21,9,3,7,2,-1,-1,0,3,1,2,1,4
447,440,428,436,13,14,12,13,7,12,-8,-1,2,-1,0,2,3,2,1,4
374,367,374,367,20,19,20,18,7,-7,7,1,-1,2,2,1,2,1,2,4
698,703,698,703,20,19,20,18,-5,5,-5,1,-1,2,2,1,1,1,3,4
921,909,895,904,14,14,15,16,12,14,-9,0,-1,-1,-2,2,3,3,1,4
946,939,937,939,13,14,12,13,7,2,-2,-1,2,-1,0,1,2,1,2,4
677,674,674,679,17,19,18,18,3,0,-5,-2,1,0,-1,2,1,1,3,4
339,337,339,337,13,14,12,13,2,-2,2,-1,2,-1,0,2,3,2,3,4
189,189,185,182,18,17,18,19,0,4,3,1,-1,-1,-1,2,2,2,1,4
628,618,618,614,14,17,15,16,10,0,4,-3,2,-1,-2,1,1,1,1,4
323,321,318,314,14,17,15,16,2,3,4,-3,2,-1,-2,3,2,3,1,4
670,597,602,604,17,17,15,16,73,-5,-2,0,2,-1,1,1,2,2,3,4
731,726,724,719,17,16,18,18,5,2,5,1,-2,0,-1,3,1,2,2,4
590,588,586,588,14,17,15,16,2,2,-2,-3,2,-1,-2,1,2,1,2,4
820,815,813,810,18,19,18,19,5,2,3,-1,1,-1,-1,1,1,2,1,4
886,881,876,876,18,19,18,18,5,5,0,-1,1,0,0,1,1,1,1,4
185,187,182,182,14,14,13,13,-2,5,0,0,1,0,1,2,1,1,1,4
810,794,792,792,14,14,13,13,16,2,0,0,1,0,1,3,2,1,3,4
600,590,586,588,14,17,15,16,10,4,-2,-3,2,-1,-2,1,1,3,2,4
946,942,935,935,13,14,15,13,4,7,0,-1,-1,2,0,1,3,2,2,4
674,665,665,663,13,14,12,13,9,0,2,-1,2,-1,0,1,3,1,2,4
635,632,623,623,17,16,15,16,3,9,0,1,1,-1,1,2,1,1,1,4
721,721,721,719,20,19,20,18,0,0,2,1,-1,2,2,3,1,3,2,4
386,382,379,379,17,16,18,18,4,3,0,1,-2,0,-1,2,2,1,1,4
759,761,761,764,20,19,18,18,-2,0,-3,1,1,0,2,1,2,2,1,4
520,517,510,510,14,14,13,13,3,7,0,0,1,0,1,1,2,3,3,4
379,379,374,374,20,19,20,18,0,5,0,1,-1,2,2,1,3,1,1,4
689,684,674,677,13,14,15,13,5,10,-3,-1,-1,2,0,1,3,1,2,4
440,438,436,436,20,19,20,21,2,2,0,1,-1,-1,-1,1,2,1,3,4
281,274,274,274,14,17,15,16,7,0,0,-3,2,-1,-2,1,2,2,2,4
438,431,431,428,20,19,20,21,7,0,3,1,-1,-1,-1,2,1,1,2,4
506,506,503,501,14,17,15,16,0,3,2,-3,2,-1,-2,1,3,2,1,4
220,213,210,215,14,14,15,13,7,3,-5,0,-1,2,1,1,2,1,1,4
414,412,403,400,17,16,18,16,2,9,3,1,-2,2,1,2,1,1,2,4
581,576,581,576,14,14,15,13,5,-5,5,0,-1,2,1,1,1,3,1,4
923,904,900,900,14,17,15,16,19,4,0,-3,2,-1,-2,3,3,1,1,4
335,356,356,356,20,19,20,18,-21,0,0,1,-1,2,2,2,3,1,1,4
914,904,897,900,18,17,18,16,10,7,-3,1,-1,2,2,1,3,2,1,4
314,304,304,304,18,19,18,19,10,0,0,-1,1,-1,-1,1,1,1,1,4
951,944,937,937,13,14,15,16,7,7,0,-1,-1,-1,-3,3,2,3,1,4
524,510,513,513,14,14,15,13,14,-3,0,0,-1,2,1,3,1,2,2,4
293,283,286,286,21,19,20,21,10,-3,0,2,-1,-1,0,2,2,1,1,4
220,217,206,208,14,14,15,16,3,11,-2,0,-1,-1,-2,1,2,1,2,4
935,932,928,928,20,19,18,19,3,4,0,1,1,-1,1,2,1,1,1,4
651,646,642,642,20,19,20,18,5,4,0,1,-1,2,2,1,1,1,1,4
829,827,824,822,18,19,18,19,2,3,2,-1,1,-1,-1,1,2,3,2,4
944,939,937,939,13,16,15,16,5,2,-2,-3,1,-1,-3,2,2,3,2,4
785,782,785,785,18,17,18,16,3,-3,0,1,-1,2,2,2,1,2,2,4
700,700,698,693,20,19,20,21,0,2,5,1,-1,-1,-1,2,2,1,1,4
271,269,267,269,18,17,18,16,2,2,-2,1,-1,2,2,1,2,3,2,4
222,222,215,217,18,17,18,19,0,7,-2,1,-1,-1,-1,2,2,1,2,4
564,562,560,557,18,17,18,16,2,2,3,1,-1,2,2,2,3,2,1,4
553,543,539,534,21,19,20,21,10,4,5,2,-1,-1,0,3,1,1,3,4
503,487,487,487,14,17,15,16,16,0,0,-3,2,-1,-2,2,3,1,1,4
815,813,815,815,14,14,13,13,2,-2,0,0,1,0,1,3,2,1,1,4
698,696,696,698,13,14,15,13,2,0,-2,-1,-1,2,0,3,2,2,3,4
229,229,220,220,21,19,20,21,0,9,0,2,-1,-1,0,3,1,1,3,4
297,297,295,290,18,17,18,19,0,2,5,1,-1,-1,-1,2,2,3,3,4
904,904,900,902,14,17,15,16,0,4,-2,-3,2,-1,-2,1,3,1,2,4
407,407,400,403,13,14,15,13,0,7,-3,-1,-1,2,0,1,1,2,1,4
553,550,543,546,18,17,18,18,3,7,-3,1,-1,0,0,1,2,3,2,4
665,637,628,628,20,14,15,13,28,9,0,6,-1,2,7,1,1,1,1,4
1073,1068,1066,1064,17,16,18,18,5,2,2,1,-2,0,-1,1,3,2,1,4
914,909,902,902,14,14,13,13,5,7,0,0,1,0,1,1,3,2,2,4
808,803,799,799,18,19,18,19,5,4,0,-1,1,-1,-1,2,2,2,2,4
736,736,731,733,17,16,18,16,0,5,-2,1,-2,2,1,1,1,1,2,4
998,993,993,998,13,14,15,13,5,0,-5,-1,-1,2,0,3,1,1,1,4
623,621,621,621,14,14,13,13,2,0,0,0,1,0,1,3,2,2,2,4
883,878,876,871,18,19,18,18,5,2,5,-1,1,0,0,2,2,3,1,4
717,717,719,719,20,19,20,18,0,-2,0,1,-1,2,2,1,3,2,2,4
377,374,374,379,17,16,18,16,3,0,-5,1,-2,2,1,2,1,1,3,4
389,386,382,384,13,14,12,13,3,4,-2,-1,2,-1,0,1,2,2,1,4
510,499,492,496,14,14,15,13,11,7,-4,0,-1,2,1,1,2,1,3,4
855,853,848,848,14,17,15,16,2,5,0,-3,2,-1,-2,2,1,1,1,4
747,745,740,747,13,14,12,13,2,5,-7,-1,2,-1,0,2,3,3,2,4
567,560,557,557,21,19,20,21,7,3,0,2,-1,-1,0,3,2,1,1,4
351,349,346,346,13,14,12,13,2,3,0,-1,2,-1,0,1,2,1,1,4
860,855,864,876,18,19,18,18,5,-9,-12,-1,1,0,0,2,2,2,1,4
241,232,232,229,14,14,15,16,9,0,3,0,-1,-1,-2,2,2,2,1,4
407,407,403,403,13,14,15,16,0,4,0,-1,-1,-1,-3,1,1,1,1,4
871,785,853,888,14,17,15,16,86,-68,-35,-3,2,-1,-2,1,2,1,2,4
886,881,881,881,21,19,20,19,5,0,0,2,-1,1,2,1,1,1,1,4
867,867,862,864,21,19,20,21,0,5,-2,2,-1,-1,0,3,1,1,2,4
529,520,520,517,21,19,20,19,9,0,3,2,-1,1,2,1,3,1,2,4
318,318,318,318,21,19,21,19,0,0,0,2,-2,2,2,1,1,1,1,4
485,473,473,471,14,14,12,13,12,0,2,0,2,-1,1,2,3,1,2,4
787,775,773,773,18,16,18,16,12,2,0,2,-2,2,2,1,2,1,3,4
871,867,862,862,14,14,15,13,4,5,0,0,-1,2,1,3,3,1,1,4
271,262,257,257,14,14,15,13,9,5,0,0,-1,2,1,1,3,1,1,4
1010,1010,1003,1005,17,16,18,21,0,7,-2,1,-2,-3,-4,2,2,1,2,4
295,293,286,290,18,17,18,16,2,7,-4,1,-1,2,2,1,2,3,1,4
459,447,443,450,13,14,15,13,12,4,-7,-1,-1,2,0,1,2,2,1,4
921,911,904,904,14,17,15,16,10,7,0,-3,2,-1,-2,2,2,1,1,4
1045,1040,1038,1040,13,14,15,16,5,2,-2,-1,-1,-1,-3,1,3,2,1,4
710,703,703,705,20,19,18,21,7,0,-2,1,1,-3,-1,2,1,1,2,4
888,890,890,890,21,19,20,21,-2,0,0,2,-1,-1,0,2,1,1,1,4
539,527,527,532,14,14,13,13,12,0,-5,0,1,0,1,3,2,2,2,4
421,410,412,412,13,14,12,13,11,-2,0,-1,2,-1,0,1,2,1,3,4
482,475,475,473,14,16,15,16,7,0,2,-2,1,-1,-2,1,2,2,1,4
642,637,635,632,13,14,13,13,5,2,3,-1,1,0,0,1,3,2,1,4
698,698,698,703,20,19,20,21,0,0,-5,1,-1,-1,-1,1,1,1,1,4
398,398,396,398,20,19,20,18,0,2,-2,1,-1,2,2,1,3,2,1,4
747,743,740,740,17,16,18,16,4,3,0,1,-2,2,1,2,2,3,3,4
724,731,721,726,17,16,18,16,-7,10,-5,1,-2,2,1,2,1,1,1,4
253,246,239,239,21,19,20,18,7,7,0,2,-1,2,3,3,2,3,1,4
707,703,703,703,17,16,15,16,4,0,0,1,1,-1,1,1,1,1,1,4
489,492,482,487,18,17,18,16,-3,10,-5,1,-1,2,2,2,1,1,1,4
1024,1021,1021,1017,17,16,18,18,3,0,4,1,-2,0,-1,2,3,1,1,4
215,208,199,206,18,19,18,19,7,9,-7,-1,1,-1,-1,1,2,2,1,4
674,670,667,670,13,14,12,13,4,3,-3,-1,2,-1,0,3,3,2,1,4
595,590,588,586,18,17,18,19,5,2,2,1,-1,-1,-1,1,3,2,1,4
703,703,693,691,20,19,18,18,0,10,2,1,1,0,2,1,1,3,2,4
543,543,534,539,14,17,15,16,0,9,-5,-3,2,-1,-2,3,1,3,1,4
1045,1045,1043,1043,20,19,18,18,0,2,0,1,1,0,2,1,1,2,2,4
224,213,213,213,14,14,13,13,11,0,0,0,1,0,1,1,2,2,2,4
433,433,426,431,20,19,20,18,0,7,-5,1,-1,2,2,2,2,3,1,4
440,438,440,443,20,19,20,21,2,-2,-3,1,-1,-1,-1,3,2,1,2,4
506,503,499,499,18,19,18,19,3,4,0,-1,1,-1,-1,3,2,2,2,4
773,773,768,801,17,16,18,19,0,5,-33,1,-2,-1,-2,1,3,3,1,4
557,550,548,546,14,14,15,16,7,2,2,0,-1,-1,-2,1,2,1,2,4
325,321,314,311,14,14,15,16,4,7,3,0,-1,-1,-2,2,2,1,2,4
998,993,989,989,13,14,15,13,5,4,0,-1,-1,2,0,3,3,1,3,4
698,696,693,693,13,16,15,16,2,3,0,-3,1,-1,-3,1,2,1,3,4
443,436,436,436,13,14,15,13,7,0,0,-1,-1,2,0,2,3,1,1,4
196,187,182,187,14,14,13,13,9,5,-5,0,1,0,1,1,1,1,1,4
567,557,555,562,18,19,18,18,10,2,-7,-1,1,0,0,1,1,2,1,4
250,246,243,239,18,17,18,18,4,3,4,1,-1,0,0,2,2,1,3,4
1040,1040,1036,1036,17,16,18,16,0,4,0,1,-2,2,1,1,3,3,1,4
778,775,773,778,13,14,12,13,3,2,-5,-1,2,-1,0,1,2,1,1,4
494,492,489,492,14,14,15,13,2,3,-3,0,-1,2,1,2,1,2,1,4
529,522,520,517,21,19,20,19,7,2,3,2,-1,1,2,1,2,1,2,4
869,860,860,860,14,14,13,13,9,0,0,0,1,0,1,2,2,2,2,4
475,473,473,468,20,19,18,18,2,0,5,1,1,0,2,2,3,1,1,4
867,860,855,857,18,17,18,18,7,5,-2,1,-1,0,0,3,2,2,1,4
374,367,360,360,13,14,12,13,7,7,0,-1,2,-1,0,3,2,3,3,4
736,736,733,733,13,16,15,16,0,3,0,-3,1,-1,-3,3,1,2,2,4
766,766,761,759,20,19,20,21,0,5,2,1,-1,-1,-1,2,2,2,1,4
468,464,466,468,13,14,12,13,4,-2,-2,-1,2,-1,0,1,1,2,1,4
890,886,881,878,18,19,18,19,4,5,3,-1,1,-1,-1,1,1,1,2,4
325,323,321,318,18,19,18,19,2,2,3,-1,1,-1,-1,2,3,2,1,4
290,281,276,271,18,19,18,18,9,5,5,-1,1,0,0,1,1,1,1,4
672,672,670,672,20,19,20,18,0,2,-2,1,-1,2,2,2,2,1,2,4
848,843,836,839,18,19,18,18,5,7,-3,-1,1,0,0,1,1,2,1,4
879,881,876,878,14,14,15,13,-2,5,-2,0,-1,2,1,2,3,1,2,4
321,318,314,316,14,14,15,13,3,4,-2,0,-1,2,1,2,1,1,2,4
239,239,236,229,14,17,15,16,0,3,7,-3,2,-1,-2,3,3,2,3,4
616,607,604,604,14,14,15,16,9,3,0,0,-1,-1,-2,2,2,3,1,4
853,855,848,850,14,14,13,13,-2,7,-2,0,1,0,1,3,2,1,2,4
853,848,836,839,18,17,18,18,5,12,-3,1,-1,0,0,3,3,2,1,4
527,517,520,520,18,19,18,19,10,-3,0,-1,1,-1,-1,2,2,3,1,4
855,846,841,841,18,17,18,16,9,5,0,1,-1,2,2,2,2,2,2,4
949,949,944,946,17,19,18,18,0,5,-2,-2,1,0,-1,2,2,2,1,4
346,342,335,335,13,14,13,13,4,7,0,-1,1,0,0,3,3,2,2,4
672,672,670,674,13,14,15,13,0,2,-4,-1,-1,2,0,2,2,1,1,4
393,389,391,393,17,16,15,16,4,-2,-2,1,1,-1,1,1,1,2,1,4
792,785,782,782,21,19,21,21,7,3,0,2,-2,0,0,3,2,1,1,4
836,827,829,824,18,17,18,19,9,-2,5,1,-1,-1,-1,2,2,1,3,4
297,295,295,295,18,17,18,19,2,0,0,1,-1,-1,-1,2,1,1,1,4
595,595,590,593,14,14,15,13,0,5,-3,0,-1,2,1,3,1,3,2,4
904,900,897,900,18,19,18,19,4,3,-3,-1,1,-1,-1,3,3,2,1,4
286,281,283,281,14,14,15,13,5,-2,2,0,-1,2,1,1,1,2,3,4
264,264,257,260,14,14,13,13,0,7,-3,0,1,0,1,2,2,1,2,4
651,646,635,632,13,14,15,16,5,11,3,-1,-1,-1,-3,3,3,2,1,4
300,288,283,278,14,17,15,16,12,5,5,-3,2,-1,-2,1,2,2,2,4
473,473,468,468,13,14,15,16,0,5,0,-1,-1,-1,-3,3,3,1,1,4
874,871,867,864,21,19,20,21,3,4,3,2,-1,-1,0,2,1,3,2,4
229,215,203,208,14,14,13,13,14,12,-5,0,1,0,1,3,1,2,2,4
562,562,557,562,18,19,18,18,0,5,-5,-1,1,0,0,1,1,3,1,4
241,234,234,234,21,19,20,18,7,0,0,2,-1,2,3,2,1,1,1,4
229,229,227,220,14,14,15,16,0,2,7,0,-1,-1,-2,1,3,2,1,4
829,815,806,801,14,17,15,16,14,9,5,-3,2,-1,-2,1,3,3,1,4
208,199,196,196,18,17,18,16,9,3,0,1,-1,2,2,2,2,1,1,4
360,360,356,351,13,14,12,13,0,4,5,-1,2,-1,0,1,3,3,3,4
267,260,257,257,21,19,20,18,7,3,0,2,-1,2,3,1,2,1,1,4
276,271,271,269,14,14,13,13,5,0,2,0,1,0,1,1,3,1,2,4
560,581,576,574,18,17,18,18,-21,5,2,1,-1,0,0,2,3,3,2,4
243,234,229,234,18,19,18,18,9,5,-5,-1,1,0,0,1,1,1,1,4
243,239,239,239,21,19,20,18,4,0,0,2,-1,2,3,1,1,1,3,4
600,595,595,595,21,19,20,21,5,0,0,2,-1,-1,0,1,3,1,1,4
201,192,194,192,14,17,15,16,9,-2,2,-3,2,-1,-2,1,1,2,1,4
391,389,389,391,20,19,18,18,2,0,-2,1,1,0,2,2,1,1,2,4
250,250,248,248,14,14,15,13,0,2,0,0,-1,2,1,2,2,1,1,4
806,806,806,806,21,19,20,19,0,0,0,2,-1,1,2,1,1,1,3,4
304,300,297,302,14,14,13,13,4,3,-5,0,1,0,1,1,3,2,2,4
365,358,353,356,13,14,15,13,7,5,-3,-1,-1,2,0,1,2,2,1,4
665,660,653,656,13,14,15,13,5,7,-3,-1,-1,2,0,3,3,2,1,4
445,447,436,440,13,14,15,13,-2,11,-4,-1,-1,2,0,1,2,1,3,4
231,220,220,215,14,14,13,13,11,0,5,0,1,0,1,2,3,1,3,4
848,836,829,829,14,14,15,16,12,7,0,0,-1,-1,-2,1,2,1,1,4
829,822,820,820,14,14,15,16,7,2,0,0,-1,-1,-2,1,2,1,3,4
248,241,241,239,18,17,18,16,7,0,2,1,-1,2,2,3,2,2,1,4
524,513,508,510,18,17,18,16,11,5,-2,1,-1,2,2,1,2,2,1,4
1000,998,996,991,17,16,18,16,2,2,5,1,-2,2,1,2,3,2,2,4
279,274,269,267,14,14,15,13,5,5,2,0,-1,2,1,2,2,2,3,4
712,712,710,712,20,19,20,21,0,2,-2,1,-1,-1,-1,1,1,2,1,4
1059,1054,1059,1052,17,16,15,16,5,-5,7,1,1,-1,1,3,1,1,2,4
883,886,883,890,21,19,20,21,-3,3,-7,2,-1,-1,0,2,1,2,1,4
918,923,918,916,18,19,18,19,-5,5,2,-1,1,-1,-1,1,1,1,2,4
951,949,951,951,13,14,15,16,2,-2,0,-1,-1,-1,-3,1,2,3,3,4
707,710,703,707,17,16,18,18,-3,7,-4,1,-2,0,-1,1,2,3,1,4
628,618,618,618,21,19,21,21,10,0,0,2,-2,0,0,1,1,1,1,4
524,520,520,539,18,19,18,16,4,0,-19,-1,1,2,2,1,1,3,1,4
667,665,660,660,20,19,20,18,2,5,0,1,-1,2,2,2,3,1,3,4
1003,991,996,993,13,14,15,13,12,-5,3,-1,-1,2,0,1,2,2,1,4
464,459,454,452,17,16,15,16,5,5,2,1,1,-1,1,3,3,1,2,4
593,588,593,586,18,19,18,19,5,-5,7,-1,1,-1,-1,2,2,2,3,4
965,960,956,960,13,16,15,16,5,4,-4,-3,1,-1,-3,1,3,3,3,4
365,360,356,360,17,16,18,18,5,4,-4,1,-2,0,-1,1,1,1,1,4
445,443,443,443,17,16,18,18,2,0,0,1,-2,0,-1,3,2,2,2,4
1078,1073,1068,1073,20,19,18,18,5,5,-5,1,1,0,2,1,1,3,1,4
991,989,991,989,17,16,18,18,2,-2,2,1,-2,0,-1,2,1,2,1,4
222,217,213,220,14,14,15,13,5,4,-7,0,-1,2,1,2,2,2,3,4
555,548,562,543,14,17,15,16,7,-14,19,-3,2,-1,-2,2,3,1,1,4
810,813,810,810,21,19,20,21,-3,3,0,2,-1,-1,0,1,2,1,1,4
543,529,527,532,14,14,13,13,14,2,-5,0,1,0,1,3,3,2,2,4
379,372,365,370,13,14,12,13,7,7,-5,-1,2,-1,0,1,2,1,1,4
958,958,958,958,20,19,20,21,0,0,0,1,-1,-1,-1,2,2,2,2,4
1050,1050,1045,1045,17,16,15,16,0,5,0,1,1,-1,1,1,3,3,1,4
459,459,454,450,17,19,18,18,0,5,4,-2,1,0,-1,3,1,3,1,4
635,637,632,635,20,19,20,21,-2,5,-3,1,-1,-1,-1,2,1,1,2,4
253,248,248,248,14,17,15,16,5,0,0,-3,2,-1,-2,3,1,1,1,4
1061,1059,1050,1052,13,14,15,13,2,9,-2,-1,-1,2,0,2,1,1,2,4
754,752,750,754,20,19,20,18,2,2,-4,1,-1,2,2,1,2,1,3,4
775,771,766,773,13,14,12,13,4,5,-7,-1,2,-1,0,2,2,2,1,4
681,677,674,674,13,14,12,13,4,3,0,-1,2,-1,0,2,2,3,3,4
262,253,250,253,18,17,18,16,9,3,-3,1,-1,2,2,1,1,2,1,4
576,571,569,569,18,19,18,18,5,2,0,-1,1,0,0,3,1,2,2,4
724,717,719,719,13,14,12,13,7,-2,0,-1,2,-1,0,2,1,2,2,4
665,660,653,658,20,19,20,21,5,7,-5,1,-1,-1,-1,1,1,2,2,4
1036,1026,1031,1033,13,14,12,13,10,-5,-2,-1,2,-1,0,1,3,1,2,4
1021,1014,1012,1014,20,19,20,21,7,2,-2,1,-1,-1,-1,1,2,1,2,4
923,923,923,925,21,19,21,19,0,0,-2,2,-2,2,2,3,1,1,2,4
1073,1068,1059,1059,13,14,15,16,5,9,0,-1,-1,-1,-3,1,3,1,1,4
515,510,510,508,21,19,20,21,5,0,2,2,-1,-1,0,1,1,1,2,4
853,843,839,839,21,19,20,21,10,4,0,2,-1,-1,0,1,1,1,1,4
206,201,196,196,18,19,18,19,5,5,0,-1,1,-1,-1,3,1,3,1,4
1000,993,996,993,20,19,20,21,7,-3,3,1,-1,-1,-1,2,1,2,1,4
951,951,949,946,20,19,20,21,0,2,3,1,-1,-1,-1,1,3,2,1,4
979,974,974,974,13,14,12,13,5,0,0,-1,2,-1,0,1,3,1,1,4
365,360,358,360,17,16,15,16,5,2,-2,1,1,-1,1,3,3,2,1,4
815,817,813,820,18,19,18,19,-2,4,-7,-1,1,-1,-1,1,2,2,1,4
360,358,356,356,20,19,20,21,2,2,0,1,-1,-1,-1,1,2,1,3,4
893,886,886,886,18,19,18,19,7,0,0,-1,1,-1,-1,2,1,1,1,4
234,217,220,220,18,17,18,19,17,-3,0,1,-1,-1,-1,1,2,1,1,4
747,750,745,745,17,16,18,18,-3,5,0,1,-2,0,-1,2,3,3,1,4
583,576,571,571,14,14,15,13,7,5,0,0,-1,2,1,2,1,1,1,4
637,637,632,632,17,16,18,16,0,5,0,1,-2,2,1,3,1,1,1,4
337,321,321,323,13,14,13,13,16,0,-2,-1,1,0,0,1,2,2,1,4
433,436,433,436,17,19,18,18,-3,3,-3,-2,1,0,-1,2,1,2,1,4
593,586,590,590,21,19,20,19,7,-4,0,2,-1,1,2,2,3,1,1,4
925,923,918,914,21,19,21,21,2,5,4,2,-2,0,0,2,1,1,1,4
951,951,951,951,17,16,18,18,0,0,0,1,-2,0,-1,3,3,1,1,4
255,248,250,246,14,14,13,13,7,-2,4,0,1,0,1,2,3,2,2,4
642,637,637,637,17,16,18,16,5,0,0,1,-2,2,1,1,3,1,1,4
539,534,534,534,18,17,18,18,5,0,0,1,-1,0,0,1,3,1,1,4
869,871,867,864,18,17,18,18,-2,4,3,1,-1,0,0,2,1,1,2,4
231,220,224,220,14,17,15,16,11,-4,4,-3,2,-1,-2,2,3,3,1,4
550,546,543,539,21,19,20,21,4,3,4,2,-1,-1,0,2,2,3,1,4
555,553,553,553,18,19,18,18,2,0,0,-1,1,0,0,2,3,3,1,4
328,316,316,314,14,17,15,16,12,0,2,-3,2,-1,-2,1,2,2,3,4
1057,1054,1050,1052,17,16,18,18,3,4,-2,1,-2,0,-1,2,3,3,2,4
325,316,318,318,14,14,15,16,9,-2,0,0,-1,-1,-2,2,2,1,1,4
536,517,508,510,14,14,13,13,19,9,-2,0,1,0,1,2,2,2,1,4
1040,1040,1040,1036,13,14,12,13,0,0,4,-1,2,-1,0,1,3,1,1,4
485,487,478,475,18,17,18,18,-2,9,3,1,-1,0,0,2,1,1,2,4
750,750,745,743,17,19,18,18,0,5,2,-2,1,0,-1,3,1,1,2,4
939,935,923,928,17,16,15,16,4,12,-5,1,1,-1,1,2,2,1,1,4
281,281,276,276,14,14,15,13,0,5,0,0,-1,2,1,1,1,1,3,4
1017,1014,1012,1012,17,16,15,16,3,2,0,1,1,-1,1,1,2,1,1,4
286,281,281,281,21,19,20,21,5,0,0,2,-1,-1,0,1,1,3,1,4
461,447,450,445,13,16,15,16,14,-3,5,-3,1,-1,-3,2,2,1,3,4
386,382,379,374,20,19,18,18,4,3,5,1,1,0,2,2,2,1,3,4
674,674,660,658,17,16,18,16,0,14,2,1,-2,2,1,3,1,3,2,4
942,937,928,928,17,16,18,19,5,9,0,1,-2,-1,-2,3,1,1,1,4
607,600,593,597,18,17,18,19,7,7,-4,1,-1,-1,-1,2,1,2,2,4
1026,1019,1019,1021,13,14,12,13,7,0,-2,-1,2,-1,0,3,2,2,1,4
974,965,958,958,17,19,18,18,9,7,0,-2,1,0,-1,3,3,2,2,4
381,379,379,377,20,19,20,18,2,0,2,1,-1,2,2,2,1,1,2,4
374,372,365,367,13,14,12,13,2,7,-2,-1,2,-1,0,1,2,1,2,4
764,757,759,759,20,19,20,18,7,-2,0,1,-1,2,2,3,2,1,1,4
857,853,848,848,18,19,18,18,4,5,0,-1,1,0,0,1,1,1,1,4
508,506,501,501,18,19,18,19,2,5,0,-1,1,-1,-1,2,1,3,1,4
841,834,834,834,14,14,15,13,7,0,0,0,-1,2,1,2,3,1,1,4
304,293,286,288,14,14,15,13,11,7,-2,0,-1,2,1,1,2,3,2,4
370,370,370,367,13,14,15,13,0,0,3,-1,-1,2,0,1,3,3,2,4
895,890,883,886,14,17,15,16,5,7,-3,-3,2,-1,-2,1,3,2,1,4
810,813,801,806,14,14,13,13,-3,12,-5,0,1,0,1,3,2,3,3,4
925,923,918,918,21,19,21,19,2,5,0,2,-2,2,2,2,3,1,1,4
323,318,318,318,18,17,18,16,5,0,0,1,-1,2,2,1,1,3,1,4
719,719,714,714,20,19,20,18,0,5,0,1,-1,2,2,2,2,2,2,4
923,918,918,916,18,17,18,19,5,0,2,1,-1,-1,-1,1,3,1,2,4
1012,1012,1010,1010,17,16,18,16,0,2,0,1,-2,2,1,3,1,2,2,4
522,522,517,515,18,19,18,19,0,5,2,-1,1,-1,-1,2,2,2,1,4
222,220,220,220,21,19,20,21,2,0,0,2,-1,-1,0,2,1,1,3,4
806,808,803,801,21,19,20,21,-2,5,2,2,-1,-1,0,1,2,2,1,4
1040,1036,1040,1036,17,16,15,16,4,-4,4,1,1,-1,1,1,1,1,1,4
942,937,932,932,20,19,20,21,5,5,0,1,-1,-1,-1,1,1,1,1,4
806,799,799,799,14,14,13,13,7,0,0,0,1,0,1,3,2,2,2,4
623,618,618,625,18,19,18,19,5,0,-7,-1,1,-1,-1,3,1,1,2,4
841,834,829,827,18,17,18,16,7,5,2,1,-1,2,2,2,1,3,2,4
224,217,215,213,21,19,20,21,7,2,2,2,-1,-1,0,1,2,1,2,4
574,571,571,567,18,19,20,18,3,0,4,-1,-1,2,0,2,1,1,1,4
1059,1059,1054,1054,17,16,18,18,0,5,0,1,-2,0,-1,1,3,1,1,4
475,475,468,478,20,19,18,18,0,7,-10,1,1,0,2,2,2,3,1,4
731,721,717,714,13,14,12,13,10,4,3,-1,2,-1,0,1,3,3,2,4
879,876,876,876,18,19,18,18,3,0,0,-1,1,0,0,2,1,1,3,4
998,989,989,989,13,14,15,13,9,0,0,-1,-1,2,0,1,3,1,3,4
468,567,464,459,13,14,12,13,-99,103,5,-1,2,-1,0,1,1,1,1,4
440,436,431,431,20,19,20,21,4,5,0,1,-1,-1,-1,1,3,1,1,4
332,328,323,325,17,17,18,19,4,5,-2,0,-1,-1,-2,1,1,3,2,4
492,487,487,487,18,19,18,19,5,0,0,-1,1,-1,-1,1,3,3,1,4
841,839,839,839,21,19,20,21,2,0,0,2,-1,-1,0,2,1,3,1,4
316,309,309,311,14,17,15,16,7,0,-2,-3,2,-1,-2,2,3,3,2,4
593,586,586,590,14,14,15,13,7,0,-4,0,-1,2,1,2,3,1,1,4
820,813,808,813,14,17,15,16,7,5,-5,-3,2,-1,-2,1,2,2,2,4
801,792,796,796,14,14,13,13,9,-4,0,0,1,0,1,1,1,3,1,4
768,768,768,764,13,14,12,13,0,0,4,-1,2,-1,0,1,3,3,3,4
510,513,506,506,18,17,18,16,-3,7,0,1,-1,2,2,1,2,1,1,4
965,963,958,956,13,16,15,16,2,5,2,-3,1,-1,-3,1,2,2,1,4
1040,1040,1038,1040,20,19,18,18,0,2,-2,1,1,0,2,1,3,2,1,4
637,635,623,623,17,16,15,16,2,12,0,1,1,-1,1,3,2,1,3,4
271,269,267,267,18,17,18,18,2,2,0,1,-1,0,0,3,2,3,1,4
515,510,510,508,14,14,13,13,5,0,2,0,1,0,1,3,1,1,2,4
412,412,410,412,20,19,20,18,0,2,-2,1,-1,2,2,1,3,2,1,4
281,276,278,278,18,17,18,19,5,-2,0,1,-1,-1,-1,1,1,2,2,4
229,224,215,215,14,14,13,13,5,9,0,0,1,0,1,3,3,1,3,4
377,377,370,372,17,16,18,18,0,7,-2,1,-2,0,-1,2,2,3,2,4
1031,1028,1026,1033,13,14,12,13,3,2,-7,-1,2,-1,0,3,2,3,2,4
398,389,384,386,17,16,15,16,9,5,-2,1,1,-1,1,3,3,1,2,4
876,867,864,862,21,19,18,18,9,3,2,2,1,0,3,3,1,2,1,4
778,766,768,764,13,14,15,13,12,-2,4,-1,-1,2,0,1,2,3,1,4
1012,1017,1012,1012,20,19,20,21,-5,5,0,1,-1,-1,-1,1,1,1,3,4
1071,1064,1066,1066,20,19,20,21,7,-2,0,1,-1,-1,-1,2,1,2,2,4
314,304,304,304,21,19,20,19,10,0,0,2,-1,1,2,3,1,1,1,4
754,757,747,754,13,14,15,13,-3,10,-7,-1,-1,2,0,3,2,2,3,4
799,794,789,792,18,19,18,19,5,5,-3,-1,1,-1,-1,2,2,2,1,4
1021,1012,1014,1010,13,14,15,13,9,-2,4,-1,-1,2,0,3,3,2,2,4
942,939,942,937,13,14,12,13,3,-3,5,-1,2,-1,0,1,2,1,1,4
241,239,239,239,14,14,15,16,2,0,0,0,-1,-1,-2,2,3,3,3,4
759,757,754,754,17,19,18,18,2,3,0,-2,1,0,-1,3,2,1,1,4
623,621,614,614,18,17,18,19,2,7,0,1,-1,-1,-1,3,2,1,1,4
614,611,611,609,21,19,21,21,3,0,2,2,-2,0,0,3,2,2,1,4
963,960,960,958,13,14,15,13,3,0,2,-1,-1,2,0,2,3,3,2,4
928,918,914,911,14,14,15,13,10,4,3,0,-1,2,1,1,1,1,2,4
410,412,407,407,13,14,12,13,-2,5,0,-1,2,-1,0,2,3,1,1,4
698,693,689,686,17,16,18,18,5,4,3,1,-2,0,-1,3,1,1,2,4
571,564,569,564,21,19,20,21,7,-5,5,2,-1,-1,0,1,2,2,2,4
989,986,984,984,20,19,18,18,3,2,0,1,1,0,2,3,2,1,1,4
389,386,389,393,20,19,20,21,3,-3,-4,1,-1,-1,-1,1,2,1,3,4
862,862,857,860,14,14,15,13,0,5,-3,0,-1,2,1,3,3,1,2,4
806,794,785,787,18,17,18,19,12,9,-2,1,-1,-1,-1,1,2,2,1,4
243,239,239,239,14,17,15,16,4,0,0,-3,2,-1,-2,1,3,1,1,4
262,262,260,257,14,14,15,13,0,2,3,0,-1,2,1,1,1,2,1,4
893,886,886,886,21,19,20,21,7,0,0,2,-1,-1,0,2,1,1,1,4
1054,1064,1052,1054,13,16,15,16,-10,12,-2,-3,1,-1,-3,3,1,2,1,4
421,412,407,407,17,16,18,18,9,5,0,1,-2,0,-1,1,1,1,1,4
196,1073,189,201,14,14,15,13,-877,884,-12,0,-1,2,1,1,3,2,3,4
773,766,778,775,13,16,15,16,7,-12,3,-3,1,-1,-3,1,2,1,2,4
689,682,677,674,13,14,15,16,7,5,3,-1,-1,-1,-3,1,2,2,1,4
553,543,541,539,18,17,18,16,10,2,2,1,-1,2,2,3,1,2,3,4
494,487,485,487,21,19,18,19,7,2,-2,2,1,-1,2,2,1,2,1,4
771,773,771,773,20,19,18,18,-2,2,-2,1,1,0,2,2,3,2,1,4
496,489,487,487,18,17,18,19,7,2,0,1,-1,-1,-1,1,2,1,1,4
365,358,353,351,13,14,12,13,7,5,2,-1,2,-1,0,3,2,2,1,4
801,796,794,794,21,19,21,21,5,2,0,2,-2,0,0,1,3,2,2,4
974,974,972,974,17,16,15,16,0,2,-2,1,1,-1,1,1,3,2,1,4
527,524,522,520,21,19,20,19,3,2,2,2,-1,1,2,2,1,2,1,4
785,773,771,775,14,14,15,16,12,2,-4,0,-1,-1,-2,2,3,2,2,4
815,810,806,806,21,19,20,21,5,4,0,2,-1,-1,0,1,3,1,1,4
374,370,367,365,13,14,12,13,4,3,2,-1,2,-1,0,1,1,2,1,4
553,557,550,553,14,14,15,16,-4,7,-3,0,-1,-1,-2,3,1,2,1,4
799,787,782,782,21,19,21,21,12,5,0,2,-2,0,0,2,1,1,1,4
314,309,307,314,14,14,15,13,5,2,-7,0,-1,2,1,1,3,2,3,4
623,618,616,614,18,19,18,19,5,2,2,-1,1,-1,-1,3,1,2,1,4
761,757,757,754,17,19,18,18,4,0,3,-2,1,0,-1,2,2,2,1,4
222,220,215,213,18,17,18,16,2,5,2,1,-1,2,2,2,1,1,2,4
182,182,1073,1078,18,19,18,18,0,-891,-5,-1,1,0,0,1,1,1,1,4
740,738,740,736,20,19,20,18,2,-2,4,1,-1,2,2,1,2,1,1,4
1003,1003,998,993,20,19,20,21,0,5,5,1,-1,-1,-1,1,3,1,1,4
1036,1036,1033,1036,13,14,12,13,0,3,-3,-1,2,-1,0,3,1,2,3,4
942,937,937,942,17,16,18,16,5,0,-5,1,-2,2,1,3,3,1,3,4
712,707,703,710,20,19,20,18,5,4,-7,1,-1,2,2,1,1,1,2,4
965,958,958,958,20,19,18,18,7,0,0,1,1,0,2,1,2,2,2,4
447,443,445,450,20,19,20,21,4,-2,-5,1,-1,-1,-1,2,2,1,1,4
806,796,794,792,14,14,13,13,10,2,2,0,1,0,1,1,3,2,1,4
871,867,857,862,14,14,13,13,4,10,-5,0,1,0,1,1,1,1,1,4
1036,1038,1036,1036,13,16,15,16,-2,2,0,-3,1,-1,-3,3,2,1,3,4
782,775,773,775,14,14,15,16,7,2,-2,0,-1,-1,-2,1,2,1,2,4
201,201,196,199,14,14,15,13,0,5,-3,0,-1,2,1,3,3,1,2,4
389,386,391,389,20,19,18,18,3,-5,2,1,1,0,2,1,2,2,1,4
337,325,323,325,13,14,15,13,12,2,-2,-1,-1,2,0,3,2,1,2,4
1059,1050,1050,1050,17,16,15,16,9,0,0,1,1,-1,1,3,3,1,1,4
267,267,264,267,14,14,15,16,0,3,-3,0,-1,-1,-2,1,3,2,1,4
224,220,215,213,14,14,15,13,4,5,2,0,-1,2,1,3,1,1,2,4
789,775,773,775,14,14,15,16,14,2,-2,0,-1,-1,-2,2,2,1,2,4
986,974,974,974,17,16,18,18,12,0,0,1,-2,0,-1,2,1,1,1,4
707,707,707,707,17,16,18,16,0,0,0,1,-2,2,1,3,3,3,1,4
1073,304,307,297,20,19,20,19,769,-3,10,1,-1,1,1,1,1,2,2,4
421,412,412,412,13,16,15,16,9,0,0,-3,1,-1,-3,1,1,1,1,4
925,916,904,914,14,17,15,16,9,12,-10,-3,2,-1,-2,2,2,1,3,4
867,839,836,836,14,17,15,16,28,3,0,-3,2,-1,-2,1,1,2,2,4
998,989,993,993,20,19,18,18,9,-4,0,1,1,0,2,3,1,3,1,4
365,367,363,365,17,16,18,16,-2,4,-2,1,-2,2,1,1,2,2,1,4
857,850,848,848,18,17,18,16,7,2,0,1,-1,2,2,1,2,1,3,4
196,196,192,187,18,19,18,19,0,4,5,-1,1,-1,-1,3,1,1,1,4
412,417,412,412,13,16,15,16,-5,5,0,-3,1,-1,-3,3,1,1,3,4
231,222,220,220,18,19,18,19,9,2,0,-1,1,-1,-1,2,2,1,1,4
206,206,201,206,18,17,18,19,0,5,-5,1,-1,-1,-1,1,3,3,1,4
665,665,660,663,20,19,20,18,0,5,-3,1,-1,2,2,3,1,1,2,4
993,989,986,989,17,16,15,16,4,3,-3,1,1,-1,1,3,3,2,1,4
478,475,471,468,17,16,18,18,3,4,3,1,-2,0,-1,1,2,2,1,4
344,332,332,332,13,14,13,13,12,0,0,-1,1,0,0,2,1,1,1,4
778,773,775,773,17,19,18,18,5,-2,2,-2,1,0,-1,1,1,2,1,4
651,646,646,646,20,19,20,21,5,0,0,1,-1,-1,-1,1,1,1,1,4
496,496,492,492,18,17,18,19,0,4,0,1,-1,-1,-1,1,1,1,1,4
1012,1003,998,996,13,16,15,16,9,5,2,-3,1,-1,-3,1,1,1,2,4
862,853,853,848,18,17,18,16,9,0,5,1,-1,2,2,1,1,1,1,4
740,745,743,740,17,19,18,18,-5,2,3,-2,1,0,-1,3,1,2,1,4
464,459,461,459,20,19,20,18,5,-2,2,1,-1,2,2,1,1,2,1,4
349,346,349,349,20,19,20,21,3,-3,0,1,-1,-1,-1,2,1,2,2,4
543,539,536,539,14,17,15,16,4,3,-3,-3,2,-1,-2,1,1,2,1,4
602,602,604,595,14,14,15,16,0,-2,9,0,-1,-1,-2,2,2,3,1,4
569,560,550,548,14,14,15,16,9,10,2,0,-1,-1,-2,2,2,2,1,4
871,874,867,871,14,14,13,13,-3,7,-4,0,1,0,1,1,2,1,1,4
473,473,471,473,17,19,18,18,0,2,-2,-2,1,0,-1,3,1,2,1,4
271,267,267,267,14,14,15,16,4,0,0,0,-1,-1,-2,1,1,1,1,4
611,602,595,590,18,17,18,16,9,7,5,1,-1,2,2,2,2,3,1,4
461,454,452,452,13,14,12,13,7,2,0,-1,2,-1,0,2,1,2,2,4
492,468,468,471,14,16,15,16,24,0,-3,-2,1,-1,-2,3,1,1,2,4
520,513,501,501,14,17,15,16,7,12,0,-3,2,-1,-2,3,2,1,1,4
639,637,635,632,13,14,13,13,2,2,3,-1,1,0,0,2,3,2,1,4
473,475,475,478,17,16,18,16,-2,0,-3,1,-2,2,1,1,2,2,1,4
553,541,543,543,14,17,15,16,12,-2,0,-3,2,-1,-2,3,2,1,1,4
953,951,949,946,20,19,20,18,2,2,3,1,-1,2,2,2,3,2,1,4
576,571,571,569,14,14,13,13,5,0,2,0,1,0,1,1,3,1,2,4
1019,1010,1017,1017,17,16,15,16,9,-7,0,1,1,-1,1,2,2,1,1,4
653,644,635,637,13,14,13,13,9,9,-2,-1,1,0,0,2,2,2,1,4
953,960,951,951,13,14,15,13,-7,9,0,-1,-1,2,0,2,1,1,1,4
318,311,307,309,14,14,15,13,7,4,-2,0,-1,2,1,1,2,2,1,4
989,989,986,979,13,14,15,16,0,3,7,-1,-1,-1,-3,1,1,2,3,4
248,243,234,239,14,17,15,16,5,9,-5,-3,2,-1,-2,3,3,3,1,4
864,860,857,862,18,19,18,18,4,3,-5,-1,1,0,0,2,2,1,1,4
977,970,965,967,20,19,20,21,7,5,-2,1,-1,-1,-1,2,1,1,2,4
571,574,571,571,14,14,13,13,-3,3,0,0,1,0,1,1,2,1,1,4
942,937,925,925,13,16,15,16,5,12,0,-3,1,-1,-3,1,1,2,2,4
808,799,796,796,14,14,15,13,9,3,0,0,-1,2,1,2,2,3,3,4
454,454,445,445,13,14,15,13,0,9,0,-1,-1,2,0,1,1,1,1,4
346,342,349,346,20,19,20,18,4,-7,3,1,-1,2,2,3,3,2,1,4
1003,1003,1003,1010,20,19,20,21,0,0,-7,1,-1,-1,-1,1,1,3,2,4
984,977,979,979,17,19,18,18,7,-2,0,-2,1,0,-1,3,2,1,1,4
691,689,689,689,13,16,15,16,2,0,0,-3,1,-1,-3,2,3,1,3,4
286,257,264,260,18,17,18,18,29,-7,4,1,-1,0,0,3,1,2,2,4
1031,1031,1026,1026,20,19,20,18,0,5,0,1,-1,2,2,1,1,1,1,4
768,768,750,752,17,19,18,18,0,18,-2,-2,1,0,-1,1,3,1,2,4
871,871,871,871,14,14,13,13,0,0,0,0,1,0,1,1,1,1,3,4
925,923,923,923,14,14,15,16,2,0,0,0,-1,-1,-2,2,1,1,1,4
700,703,698,696,17,16,15,16,-3,5,2,1,1,-1,1,2,3,1,2,4
815,806,803,801,14,14,15,13,9,3,2,0,-1,2,1,1,1,2,1,4
970,967,965,960,17,19,18,18,3,2,5,-2,1,0,-1,1,2,1,1,4
487,475,478,478,14,16,15,16,12,-3,0,-2,1,-1,-2,1,2,1,1,4
921,914,900,897,18,17,18,19,7,14,3,1,-1,-1,-1,2,1,1,2,4
379,377,372,374,20,19,20,18,2,5,-2,1,-1,2,2,1,2,2,1,4
250,250,241,239,14,14,15,13,0,9,2,0,-1,2,1,2,2,2,1,4
304,295,290,293,14,14,13,13,9,5,-3,0,1,0,1,1,3,1,2,4
492,492,489,492,18,17,18,19,0,3,-3,1,-1,-1,-1,1,3,2,1,4
553,548,543,543,18,19,18,18,5,5,0,-1,1,0,0,3,1,3,1,4
937,932,925,928,13,16,15,16,5,7,-3,-3,1,-1,-3,1,1,2,1,4
478,478,473,475,13,14,12,13,0,5,-2,-1,2,-1,0,1,1,1,2,4
890,888,888,888,14,14,15,16,2,0,0,0,-1,-1,-2,3,2,2,2,4
365,307,302,300,17,17,15,16,58,5,2,0,2,-1,1,3,2,2,1,4
871,871,869,871,18,19,18,18,0,2,-2,-1,1,0,0,1,3,2,1,4
260,248,243,243,14,14,13,13,12,5,0,0,1,0,1,2,3,1,3,4
381,382,374,377,20,19,20,21,-1,8,-3,1,-1,-1,-1,2,2,1,2,4
295,295,295,295,18,19,18,19,0,0,0,-1,1,-1,-1,3,1,3,1,4
656,646,646,644,20,19,20,18,10,0,2,1,-1,2,2,1,1,1,2,4
281,276,274,276,18,17,18,18,5,2,-2,1,-1,0,0,3,1,2,1,4
1078,1075,1078,1078,17,19,18,18,3,-3,0,-2,1,0,-1,1,2,1,1,4
1050,1045,1045,1045,20,19,20,18,5,0,0,1,-1,2,2,1,1,1,1,4
928,921,914,921,18,17,18,16,7,7,-7,1,-1,2,2,1,2,1,2,4
192,192,194,192,21,19,21,19,0,-2,2,2,-2,2,2,1,1,2,1,4
787,778,778,785,21,19,20,21,9,0,-7,2,-1,-1,0,1,1,1,2,4
771,771,773,768,13,14,15,13,0,-2,5,-1,-1,2,0,2,2,1,1,4
942,937,935,932,13,14,13,13,5,2,3,-1,1,0,0,1,3,2,1,4
960,953,953,953,13,14,15,13,7,0,0,-1,-1,2,0,1,2,2,2,4
503,492,492,489,21,19,21,21,11,0,3,2,-2,0,0,2,1,1,2,4
264,262,262,264,18,19,18,18,2,0,-2,-1,1,0,0,2,1,1,2,4
567,562,560,557,14,14,15,13,5,2,3,0,-1,2,1,3,1,2,1,4
328,323,323,325,21,19,21,21,5,0,-2,2,-2,0,0,1,1,1,2,4
586,583,581,581,18,19,18,19,3,2,0,-1,1,-1,-1,1,2,1,1,4
485,485,475,478,21,19,20,21,0,10,-3,2,-1,-1,0,2,2,2,1,4
759,759,757,757,13,14,15,13,0,2,0,-1,-1,2,0,1,3,2,2,4
396,389,389,384,13,16,15,16,7,0,5,-3,1,-1,-3,2,1,1,1,4
1066,1061,1059,1059,17,19,18,18,5,2,0,-2,1,0,-1,2,2,3,1,4
745,738,736,736,13,16,15,16,7,2,0,-3,1,-1,-3,3,2,1,1,4
623,614,604,607,14,17,15,16,9,10,-3,-3,2,-1,-2,1,3,1,2,4
993,989,991,991,17,19,18,18,4,-2,0,-2,1,0,-1,1,1,2,2,4
300,297,290,290,18,17,18,19,3,7,0,1,-1,-1,-1,1,2,3,1,4
269,262,257,253,21,19,20,21,7,5,4,2,-1,-1,0,2,3,1,1,4
281,281,276,278,14,14,13,13,0,5,-2,0,1,0,1,1,3,1,2,4
998,996,989,989,13,16,15,16,2,7,0,-3,1,-1,-3,1,2,1,1,4
658,656,656,653,17,16,18,18,2,0,3,1,-2,0,-1,2,1,1,2,4
796,787,787,782,14,17,15,16,9,0,5,-3,2,-1,-2,1,1,1,1,4
663,656,656,653,13,14,15,13,7,0,3,-1,-1,2,0,2,3,1,2,4
614,607,604,604,14,14,13,13,7,3,0,0,1,0,1,1,2,1,1,4
766,764,757,771,13,14,15,13,2,7,-14,-1,-1,2,0,2,1,2,2,4
295,283,276,274,21,19,20,21,12,7,2,2,-1,-1,0,1,2,1,2,4
293,281,286,288,14,14,13,13,12,-5,-2,0,1,0,1,2,3,1,2,4
482,473,468,468,18,19,18,18,9,5,0,-1,1,0,0,1,1,1,1,4
764,764,759,764,13,14,15,13,0,5,-5,-1,-1,2,0,3,1,1,1,4
691,684,684,684,17,16,15,16,7,0,0,1,1,-1,1,2,1,1,1,4
546,541,536,539,14,17,15,16,5,5,-3,-3,2,-1,-2,2,2,2,1,4
998,993,986,984,17,16,15,16,5,7,2,1,1,-1,1,3,1,2,1,4
349,351,346,349,20,19,20,21,-2,5,-3,1,-1,-1,-1,2,1,1,2,4
979,979,979,977,20,19,18,18,0,0,2,1,1,0,2,1,3,1,2,4
377,358,356,360,20,19,18,18,19,2,-4,1,1,0,2,2,2,1,1,4
876,876,871,876,18,17,18,16,0,5,-5,1,-1,2,2,3,1,1,3,4
691,686,677,684,13,14,12,13,5,9,-7,-1,2,-1,0,2,2,2,3,4
192,187,185,187,14,17,15,16,5,2,-2,-3,2,-1,-2,3,1,2,1,4
611,611,604,604,18,19,18,19,0,7,0,-1,1,-1,-1,2,2,1,1,4
785,778,778,775,18,16,18,18,7,0,3,2,-2,0,0,2,1,1,2,4
501,489,489,494,21,19,21,19,12,0,-5,2,-2,2,2,1,2,2,2,4
857,850,853,853,18,19,18,18,7,-3,0,-1,1,0,0,1,2,1,1,4
1026,1021,1017,1014,13,14,12,13,5,4,3,-1,2,-1,0,3,1,1,2,4
288,283,283,281,14,14,15,13,5,0,2,0,-1,2,1,2,2,2,1,4
801,789,787,792,14,17,15,16,12,2,-5,-3,2,-1,-2,1,2,3,1,4
342,337,339,342,13,14,15,13,5,-2,-3,-1,-1,2,0,1,3,2,1,4
773,773,768,768,17,16,18,16,0,5,0,1,-2,2,1,3,1,1,1,4
365,360,360,365,20,19,18,18,5,0,-5,1,1,0,2,3,1,3,3,4
667,670,665,665,17,16,18,18,-3,5,0,1,-2,0,-1,2,1,1,1,4
679,677,677,677,13,14,15,13,2,0,0,-1,-1,2,0,1,2,2,2,4
752,745,743,736,13,14,12,13,7,2,7,-1,2,-1,0,2,3,2,1,4
864,857,857,853,14,14,13,13,7,0,4,0,1,0,1,2,3,3,1,4
241,234,234,229,14,17,15,16,7,0,5,-3,2,-1,-2,2,1,1,1,4
604,595,597,595,14,14,15,16,9,-2,2,0,-1,-1,-2,1,3,2,1,4
506,499,499,499,18,17,18,16,7,0,0,1,-1,2,2,1,2,2,2,4
445,438,436,433,13,14,15,13,7,2,3,-1,-1,2,0,1,2,1,2,4
396,389,391,393,20,19,20,18,7,-2,-2,1,-1,2,2,2,3,2,3,4
464,461,457,459,13,14,12,13,3,4,-2,-1,2,-1,0,3,2,2,1,4
358,353,346,414,13,14,15,13,5,7,-68,-1,-1,2,0,2,2,1,2,4
286,286,281,281,18,17,18,19,0,5,0,1,-1,-1,-1,1,3,1,1,4
614,609,607,609,14,14,15,16,5,2,-2,0,-1,-1,-2,3,1,2,3,4
1066,1064,1061,1064,20,19,20,21,2,3,-3,1,-1,-1,-1,2,1,2,3,4
886,881,883,881,21,19,20,21,5,-2,2,2,-1,-1,0,1,1,2,1,4
1045,1043,1045,1040,17,16,18,18,2,-2,5,1,-2,0,-1,3,2,1,1,4
1007,1005,1003,1007,13,14,15,16,2,2,-4,-1,-1,-1,-3,3,2,1,1,4
485,485,482,487,14,14,13,13,0,3,-5,0,1,0,1,2,2,1,1,4
672,670,667,670,20,19,18,18,2,3,-3,1,1,0,2,2,1,2,1,4
876,862,857,857,14,14,15,13,14,5,0,0,-1,2,1,3,1,1,1,4
846,841,839,839,21,19,20,18,5,2,0,2,-1,2,3,2,2,1,1,4
510,501,499,503,14,17,15,16,9,2,-4,-3,2,-1,-2,3,1,2,2,4
843,839,836,832,14,14,13,13,4,3,4,0,1,0,1,1,1,2,2,4
360,349,346,344,17,16,18,16,11,3,2,1,-2,2,1,1,2,1,2,4
286,281,281,276,14,14,13,13,5,0,5,0,1,0,1,3,3,1,1,4
618,611,611,609,14,14,15,13,7,0,2,0,-1,2,1,1,2,2,1,4
569,567,567,562,21,19,20,21,2,0,5,2,-1,-1,0,2,1,1,1,4
412,410,405,407,13,14,15,13,2,5,-2,-1,-1,2,0,3,2,2,1,4
517,510,510,506,21,19,20,21,7,0,4,2,-1,-1,0,2,1,1,1,4
1014,1012,1012,1010,17,16,18,18,2,0,2,1,-2,0,-1,2,1,1,2,4
363,370,351,363,13,14,12,13,-7,19,-12,-1,2,-1,0,2,3,1,2,4
1007,1007,1003,1000,13,14,12,13,0,4,3,-1,2,-1,0,1,1,1,2,4
283,281,276,276,14,17,15,16,2,5,0,-3,2,-1,-2,2,1,3,1,4
993,996,993,991,20,19,20,21,-3,3,2,1,-1,-1,-1,3,2,1,2,4
881,869,867,867,18,17,18,16,12,2,0,1,-1,2,2,1,2,1,1,4
286,281,276,276,18,17,18,16,5,5,0,1,-1,2,2,1,1,1,1,4
651,646,642,642,17,16,18,16,5,4,0,1,-2,2,1,1,1,3,1,4
871,860,853,857,14,14,13,13,11,7,-4,0,1,0,1,3,2,1,1,4
351,346,342,342,20,19,20,18,5,4,0,1,-1,2,2,1,1,3,1,4
332,337,328,328,13,14,15,13,-5,9,0,-1,-1,2,0,1,1,1,1,4
740,736,736,740,20,19,20,18,4,0,-4,1,-1,2,2,1,1,1,1,4
302,243,248,248,14,17,15,16,59,-5,0,-3,2,-1,-2,2,1,3,3,4
541,541,534,532,14,14,15,13,0,7,2,0,-1,2,1,2,2,3,2,4
194,196,194,194,21,19,21,21,-2,2,0,2,-2,0,0,2,1,2,2,4
660,656,658,653,13,16,15,16,4,-2,5,-3,1,-1,-3,1,1,2,2,4
586,588,583,581,14,14,15,13,-2,5,2,0,-1,2,1,3,2,2,1,4
951,946,946,946,17,16,15,16,5,0,0,1,1,-1,1,1,1,3,1,4
768,773,766,766,13,14,15,16,-5,7,0,-1,-1,-1,-3,1,1,2,2,4
949,942,942,942,20,19,18,18,7,0,0,1,1,0,2,2,1,1,1,4
262,260,253,250,18,19,18,18,2,7,3,-1,1,0,0,3,2,1,2,4
452,450,445,445,20,19,18,18,2,5,0,1,1,0,2,2,3,1,1,4
1054,1057,1054,1054,13,14,15,16,-3,3,0,-1,-1,-1,-3,3,2,1,1,4
229,229,220,215,18,19,18,19,0,9,5,-1,1,-1,-1,1,1,1,1,4
342,337,335,332,13,14,15,16,5,2,3,-1,-1,-1,-3,3,3,2,1,4
1019,1019,1014,1017,13,14,15,13,0,5,-3,-1,-1,2,0,2,2,2,3,4
681,682,679,679,20,19,20,18,-1,3,0,1,-1,2,2,2,2,1,1,4
848,846,841,839,14,14,15,16,2,5,2,0,-1,-1,-2,1,2,2,1,4
886,886,886,886,18,19,18,19,0,0,0,-1,1,-1,-1,1,3,3,1,4
778,778,775,773,20,19,20,18,0,3,2,1,-1,2,2,1,1,2,1,4
398,398,393,393,17,19,18,18,0,5,0,-2,1,0,-1,3,1,3,1,4
600,590,590,595,14,14,15,16,10,0,-5,0,-1,-1,-2,1,1,1,1,4
586,576,576,581,18,19,18,19,10,0,-5,-1,1,-1,-1,1,1,1,1,4
222,215,217,215,18,17,18,19,7,-2,2,1,-1,-1,-1,2,1,2,1,4
335,325,323,328,17,17,15,16,10,2,-5,0,2,-1,1,2,2,1,1,4
569,569,567,567,18,19,18,18,0,2,0,-1,1,0,0,2,2,1,1,4
839,834,848,829,18,17,15,16,5,-14,19,1,2,-1,2,3,1,3,1,4
991,986,986,989,13,14,12,13,5,0,-3,-1,2,-1,0,2,2,2,1,4
424,424,424,421,20,19,20,21,0,0,3,1,-1,-1,-1,2,2,2,1,4
346,344,342,342,17,16,18,18,2,2,0,1,-2,0,-1,1,2,1,1,4
501,501,499,499,14,17,15,16,0,2,0,-3,2,-1,-2,1,1,2,2,4
550,548,543,548,18,19,18,18,2,5,-5,-1,1,0,0,2,3,1,1,4
1033,1019,1017,1021,13,14,15,13,14,2,-4,-1,-1,2,0,2,2,3,1,4
609,602,600,600,21,19,20,21,7,2,0,2,-1,-1,0,1,2,1,1,4
560,550,548,553,14,17,15,16,10,2,-5,-3,2,-1,-2,2,2,1,1,4
553,553,546,548,21,19,20,18,0,7,-2,2,-1,2,3,1,1,2,1,4
224,220,220,220,14,17,15,16,4,0,0,-3,2,-1,-2,3,3,1,1,4
370,365,363,363,13,16,15,16,5,2,0,-3,1,-1,-3,3,3,2,2,4
539,534,532,534,14,14,13,13,5,2,-2,0,1,0,1,1,3,2,1,4
421,417,417,417,17,16,18,16,4,0,0,1,-2,2,1,3,3,1,1,4
960,958,958,951,17,19,18,18,2,0,7,-2,1,0,-1,1,2,2,1,4
236,232,227,229,14,14,13,13,4,5,-2,0,1,0,1,2,2,2,1,4
1045,1045,1040,1043,13,16,15,16,0,5,-3,-3,1,-1,-3,3,3,1,2,4
239,234,234,234,18,17,18,18,5,0,0,1,-1,0,0,1,1,1,1,4
192,1073,182,182,14,14,13,13,-881,891,0,0,1,0,1,3,3,1,1,4
443,440,433,433,20,19,20,21,3,7,0,1,-1,-1,-1,2,1,2,2,4
445,443,438,438,13,14,15,13,2,5,0,-1,-1,2,0,3,2,2,2,4
696,693,698,698,17,19,18,18,3,-5,0,-2,1,0,-1,2,1,1,1,4
236,227,229,229,21,19,20,19,9,-2,0,2,-1,1,2,2,2,1,1,4
307,300,302,307,14,14,13,13,7,-2,-5,0,1,0,1,2,1,2,2,4
241,239,234,234,18,17,18,16,2,5,0,1,-1,2,2,2,1,1,1,4
717,710,707,707,13,16,15,16,7,3,0,-3,1,-1,-3,3,2,3,1,4
246,241,248,253,21,19,20,18,5,-7,-5,2,-1,2,3,2,2,1,1,4
951,951,946,956,17,16,18,18,0,5,-10,1,-2,0,-1,1,1,1,1,4
215,206,203,201,18,19,18,19,9,3,2,-1,1,-1,-1,3,3,2,1,4
618,609,604,604,18,19,18,19,9,5,0,-1,1,-1,-1,1,3,1,1,4
960,956,956,953,20,19,18,18,4,0,3,1,1,0,2,1,1,1,2,4
520,499,510,513,14,14,15,13,21,-11,-3,0,-1,2,1,1,2,1,2,4
335,325,323,323,17,17,18,16,10,2,0,0,-1,2,1,2,2,3,1,4
213,210,208,206,14,14,15,13,3,2,2,0,-1,2,1,2,3,2,1,4
665,660,656,656,13,14,15,13,5,4,0,-1,-1,2,0,3,3,3,1,4
1019,1007,1003,1005,17,16,18,21,12,4,-2,1,-2,-3,-4,2,1,1,2,4
717,714,712,717,20,19,20,21,3,2,-5,1,-1,-1,-1,3,2,1,1,4
536,520,522,527,14,14,15,13,16,-2,-5,0,-1,2,1,2,3,2,2,4
513,506,508,506,18,19,18,19,7,-2,2,-1,1,-1,-1,2,1,2,1,4
243,241,246,234,14,14,13,13,2,-5,12,0,1,0,1,1,2,2,3,4
356,353,346,346,17,16,15,16,3,7,0,1,1,-1,1,1,2,1,3,4
478,475,466,473,13,14,12,13,3,9,-7,-1,2,-1,0,1,2,2,1,4
672,672,670,667,13,16,15,16,0,2,3,-3,1,-1,-3,2,2,3,2,4
307,302,300,302,14,14,13,13,5,2,-2,0,1,0,1,2,2,1,2,4
726,724,724,728,17,16,18,16,2,0,-4,1,-2,2,1,3,2,2,2,4
189,182,187,187,21,19,21,19,7,-5,0,2,-2,2,2,2,1,1,1,4
1040,1036,1031,1028,17,16,18,16,4,5,3,1,-2,2,1,1,3,3,2,4
914,904,904,907,18,17,18,16,10,0,-3,1,-1,2,2,3,1,1,2,4
733,731,728,738,20,19,18,18,2,3,-10,1,1,0,2,2,1,2,2,4
890,886,881,886,21,19,20,19,4,5,-5,2,-1,1,2,1,1,3,1,4
220,220,213,215,18,19,18,19,0,7,-2,-1,1,-1,-1,3,1,2,1,4
862,857,857,857,18,19,18,18,5,0,0,-1,1,0,0,3,3,1,3,4
689,684,679,684,13,16,15,16,5,5,-5,-3,1,-1,-3,3,1,3,1,4
555,553,548,555,18,19,18,21,2,5,-7,-1,1,-3,-3,2,3,3,2,4
471,464,464,459,20,19,18,18,7,0,5,1,1,0,2,2,1,1,1,4
468,466,459,459,13,14,15,13,2,7,0,-1,-1,2,0,3,2,3,3,4
937,937,932,932,20,19,18,18,0,5,0,1,1,0,2,1,1,1,1,4
1059,1059,1054,1057,13,14,15,13,0,5,-3,-1,-1,2,0,3,3,3,2,4
550,550,548,550,14,14,15,16,0,2,-2,0,-1,-1,-2,2,2,1,2,4
567,557,557,557,14,14,13,13,10,0,0,0,1,0,1,1,1,1,3,4
1031,1028,1026,1031,20,19,18,18,3,2,-5,1,1,0,2,1,2,1,1,4
344,339,339,342,17,16,18,18,5,0,-3,1,-2,0,-1,2,2,2,1,4
862,850,848,850,14,14,13,13,12,2,-2,0,1,0,1,1,2,1,2,4
904,895,890,890,18,17,18,16,9,5,0,1,-1,2,2,1,1,1,1,4
454,447,452,445,13,14,12,13,7,-5,7,-1,2,-1,0,3,2,2,3,4
1005,998,996,993,17,16,15,16,7,2,3,1,1,-1,1,2,1,2,1,4
998,1000,996,996,13,14,15,13,-2,4,0,-1,-1,2,0,1,2,2,2,4
953,946,942,942,13,16,15,16,7,4,0,-3,1,-1,-3,2,1,1,1,4
993,991,986,989,17,19,18,18,2,5,-3,-2,1,0,-1,3,2,2,1,4
342,335,325,325,13,14,13,13,7,10,0,-1,1,0,0,1,2,2,2,4
1040,1040,1043,1040,20,19,20,21,0,-3,3,1,-1,-1,-1,1,1,2,1,4
778,773,773,775,20,19,20,18,5,0,-2,1,-1,2,2,1,1,1,2,4
541,536,536,534,14,17,15,16,5,0,2,-3,2,-1,-2,2,2,2,1,4
1054,1059,1054,1054,17,16,15,16,-5,5,0,1,1,-1,1,1,3,3,1,4
960,951,939,937,17,19,18,18,9,12,2,-2,1,0,-1,1,1,2,1,4
1036,1031,1033,1033,20,19,18,18,5,-2,0,1,1,0,2,1,1,2,2,4
773,766,766,768,13,14,15,13,7,0,-2,-1,-1,2,0,1,2,2,1,4
946,939,935,946,13,14,13,13,7,4,-11,-1,1,0,0,1,2,2,1,4
356,351,349,351,20,19,20,18,5,2,-2,1,-1,2,2,1,1,2,1,4
867,864,864,860,14,17,15,16,3,0,4,-3,2,-1,-2,3,2,2,2,4
721,719,721,721,20,19,18,18,2,-2,0,1,1,0,2,1,2,1,3,4
1021,1010,1010,1007,13,14,12,13,11,0,3,-1,2,-1,0,1,2,2,1,4
485,487,482,492,14,14,13,13,-2,5,-10,0,1,0,1,2,1,1,1,4
515,508,508,508,18,17,15,16,7,0,0,1,2,-1,2,1,2,2,2,4
253,248,243,239,14,17,15,16,5,5,4,-3,2,-1,-2,1,1,1,1,4
679,677,674,677,17,16,18,18,2,3,-3,1,-2,0,-1,1,2,1,2,4
787,775,768,773,14,14,15,16,12,7,-5,0,-1,-1,-2,1,2,1,3,4
321,300,293,293,14,17,15,16,21,7,0,-3,2,-1,-2,2,3,2,2,4
815,810,808,806,18,17,18,19,5,2,2,1,-1,-1,-1,3,3,2,1,4
750,750,747,750,20,19,18,18,0,3,-3,1,1,0,2,1,1,2,1,4
224,224,224,227,14,14,15,13,0,0,-3,0,-1,2,1,1,1,1,2,4
771,764,750,757,13,14,12,13,7,14,-7,-1,2,-1,0,2,3,3,2,4
782,775,778,778,21,19,20,21,7,-3,0,2,-1,-1,0,1,2,1,1,4
457,459,452,454,13,16,15,16,-2,7,-2,-3,1,-1,-3,2,3,2,1,4
789,782,787,787,21,19,21,21,7,-5,0,2,-2,0,0,2,1,1,1,4
501,494,496,494,14,14,15,16,7,-2,2,0,-1,-1,-2,1,2,3,2,4
276,281,276,276,14,14,13,13,-5,5,0,0,1,0,1,1,1,1,1,4
1026,1021,1026,1026,20,19,20,21,5,-5,0,1,-1,-1,-1,3,3,1,1,4
234,227,227,227,18,17,18,16,7,0,0,1,-1,2,2,1,2,2,2,4
381,384,379,379,20,19,20,21,-3,5,0,1,-1,-1,-1,2,1,1,1,4
965,960,958,960,13,14,15,16,5,2,-2,-1,-1,-1,-3,3,3,2,3,4
637,632,637,637,17,16,18,16,5,-5,0,1,-2,2,1,3,1,1,1,4
644,639,642,637,20,19,20,21,5,-3,5,1,-1,-1,-1,2,2,1,1,4
714,700,693,693,13,14,12,13,14,7,0,-1,2,-1,0,2,2,3,1,4
785,787,789,785,14,14,15,13,-2,-2,4,0,-1,2,1,2,1,2,2,4
996,989,993,993,17,16,18,18,7,-4,0,1,-2,0,-1,2,1,1,1,4
651,646,642,646,20,19,20,21,5,4,-4,1,-1,-1,-1,1,1,1,1,4
869,869,864,867,14,14,13,13,0,5,-3,0,1,0,1,2,2,2,1,4
576,571,571,569,14,14,15,16,5,0,2,0,-1,-1,-2,3,3,1,2,4
611,604,609,609,18,19,21,19,7,-5,0,-1,-2,2,-1,2,1,1,1,4
684,679,679,679,13,16,15,16,5,0,0,-3,1,-1,-3,3,3,3,1,4
468,461,447,445,13,14,12,13,7,14,2,-1,2,-1,0,1,2,2,3,4
506,503,496,496,21,19,21,19,3,7,0,2,-2,2,2,3,2,1,1,4
689,679,684,684,13,14,15,16,10,-5,0,-1,-1,-1,-3,1,3,1,1,4
743,740,736,738,13,14,15,13,3,4,-2,-1,-1,2,0,2,1,1,2,4
689,684,684,679,20,19,18,18,5,0,5,1,1,0,2,1,1,1,1,4
393,393,389,389,13,16,15,16,0,4,0,-3,1,-1,-3,1,1,3,1,4
689,689,679,684,13,16,15,16,0,10,-5,-3,1,-1,-3,3,3,1,1,4
281,278,274,276,21,19,20,21,3,4,-2,2,-1,-1,0,3,2,2,1,4
196,192,187,187,14,17,15,16,4,5,0,-3,2,-1,-2,1,1,1,1,4
210,206,206,203,21,19,20,21,4,0,3,2,-1,-1,0,1,1,1,2,4
257,250,243,246,14,14,13,13,7,7,-3,0,1,0,1,1,2,3,2,4
960,958,956,956,20,19,20,18,2,2,0,1,-1,2,2,1,2,3,1,4
236,239,224,234,14,17,15,16,-3,15,-10,-3,2,-1,-2,2,1,1,1,4
848,843,839,841,18,17,18,18,5,4,-2,1,-1,0,0,1,3,1,2,4
290,288,283,286,14,14,13,13,2,5,-3,0,1,0,1,3,2,2,1,4
522,515,515,515,21,19,20,21,7,0,0,2,-1,-1,0,2,1,1,1,4
935,928,923,923,20,19,21,21,7,5,0,1,-2,0,-1,2,1,1,1,4
220,215,210,217,18,17,18,19,5,5,-7,1,-1,-1,-1,1,1,1,2,4
393,386,389,391,13,14,12,13,7,-3,-2,-1,2,-1,0,1,2,1,2,4
886,874,862,855,18,19,18,21,12,12,7,-1,1,-3,-3,3,2,1,2,4
328,321,311,314,18,17,18,16,7,10,-3,1,-1,2,2,1,2,2,1,4
440,438,431,431,20,19,20,21,2,7,0,1,-1,-1,-1,1,2,1,1,4
548,539,539,539,18,17,18,18,9,0,0,1,-1,0,0,1,1,3,1,4
274,267,267,267,18,19,18,18,7,0,0,-1,1,0,0,2,1,1,3,4
888,886,874,883,14,14,15,16,2,12,-9,0,-1,-1,-2,2,1,2,2,4
745,740,740,745,17,16,18,18,5,0,-5,1,-2,0,-1,1,1,1,3,4
210,201,194,192,18,19,18,19,9,7,2,-1,1,-1,-1,1,1,2,1,4
623,623,618,618,14,17,15,16,0,5,0,-3,2,-1,-2,1,1,1,1,4
410,414,414,414,13,16,15,16,-4,0,0,-3,1,-1,-3,2,2,2,2,4
703,703,700,707,20,19,20,18,0,3,-7,1,-1,2,2,1,1,2,1,4
527,517,517,513,14,14,15,13,10,0,4,0,-1,2,1,2,2,2,2,4
222,220,220,220,18,19,18,19,2,0,0,-1,1,-1,-1,2,1,1,1,4
759,754,750,752,13,14,12,13,5,4,-2,-1,2,-1,0,1,3,1,2,4
267,262,262,262,18,17,18,18,5,0,0,1,-1,0,0,3,3,1,1,4
248,243,243,239,21,19,20,18,5,0,4,2,-1,2,3,1,1,1,1,4
1059,1059,1054,1052,13,14,15,13,0,5,2,-1,-1,2,0,1,3,3,2,4
529,520,520,520,21,19,20,19,9,0,0,2,-1,1,2,1,1,1,3,4
993,993,984,984,17,16,15,16,0,9,0,1,1,-1,1,1,1,3,1,4
302,304,300,300,14,17,15,16,-2,4,0,-3,2,-1,-2,2,1,1,1,4
279,276,271,271,18,19,18,18,3,5,0,-1,1,0,0,2,1,1,1,4
553,550,553,553,14,17,15,16,3,-3,0,-3,2,-1,-2,1,2,1,1,4
318,318,318,318,21,19,21,21,0,0,0,2,-2,0,0,1,1,1,1,4
384,379,384,379,13,16,15,16,5,-5,5,-3,1,-1,-3,3,1,1,1,4
363,363,365,365,20,19,18,18,0,-2,0,1,1,0,2,2,2,1,1,4
813,736,740,740,14,16,18,16,77,-4,0,-2,-2,2,-2,2,3,1,1,4
918,916,921,916,14,17,15,16,2,-5,5,-3,2,-1,-2,3,2,2,2,4
267,260,257,257,14,14,15,13,7,3,0,0,-1,2,1,3,2,3,1,4
279,281,274,276,18,17,18,16,-2,7,-2,1,-1,2,2,2,1,2,3,4
485,478,478,475,14,16,15,16,7,0,3,-2,1,-1,-2,2,1,1,2,4
215,206,206,206,14,14,15,16,9,0,0,0,-1,-1,-2,3,3,1,1,4
911,911,909,914,18,17,18,19,0,2,-5,1,-1,-1,-1,2,2,1,1,4
250,243,239,243,18,19,18,18,7,4,-4,-1,1,0,0,2,1,3,1,4
593,586,586,590,21,19,20,19,7,0,-4,2,-1,1,2,2,1,1,1,4
426,421,421,421,20,19,20,21,5,0,0,1,-1,-1,-1,1,3,1,1,4
501,492,487,485,18,17,18,19,9,5,2,1,-1,-1,-1,3,1,1,2,4
1064,1066,1064,1061,20,19,20,21,-2,2,3,1,-1,-1,-1,1,2,1,2,4
703,637,639,637,13,16,15,16,66,-2,2,-3,1,-1,-3,3,3,2,1,4
316,311,318,314,21,19,21,21,5,-7,4,2,-2,0,0,2,2,3,1,4
248,239,239,239,14,14,13,13,9,0,0,0,1,0,1,3,1,1,1,4
417,412,412,412,13,14,15,13,5,0,0,-1,-1,2,0,1,3,3,3,4
274,267,271,264,21,19,20,18,7,-4,7,2,-1,2,3,2,3,1,2,4
1075,1071,1073,1075,20,19,20,18,4,-2,-2,1,-1,2,2,2,2,3,2,4
182,1078,1078,1078,18,16,18,18,-896,0,0,2,-2,0,0,1,1,1,1,4
445,436,438,438,13,16,15,16,9,-2,0,-3,1,-1,-3,1,1,2,2,4
616,609,611,611,14,14,13,13,7,-2,0,0,1,0,1,2,1,2,2,4
562,564,555,557,18,17,18,18,-2,9,-2,1,-1,0,0,1,2,2,1,4
1005,998,998,998,13,14,12,13,7,0,0,-1,2,-1,0,2,1,3,1,4
745,738,736,740,17,16,18,16,7,2,-4,1,-2,2,1,3,2,1,1,4
276,271,267,271,21,19,20,21,5,4,-4,2,-1,-1,0,1,1,1,3,4
611,604,609,604,18,17,18,16,7,-5,5,1,-1,2,2,2,1,1,1,4
231,232,229,229,21,19,20,19,-1,3,0,2,-1,1,2,2,2,1,1,4
379,379,379,379,17,16,18,18,0,0,0,1,-2,0,-1,1,3,1,1,4
325,323,325,321,14,17,15,16,2,-2,4,-3,2,-1,-2,2,1,2,2,4
595,586,581,581,18,17,18,19,9,5,0,1,-1,-1,-1,3,3,3,1,4
609,604,602,600,21,19,20,19,5,2,2,2,-1,1,2,3,1,2,1,4
323,318,318,318,18,17,18,19,5,0,0,1,-1,-1,-1,1,1,1,1,4
253,253,253,253,14,17,15,16,0,0,0,-3,2,-1,-2,3,1,3,1,4
274,264,262,260,14,14,13,13,10,2,2,0,1,0,1,2,2,1,2,4
276,267,271,269,21,19,20,18,9,-4,2,2,-1,2,3,1,1,1,2,4
555,548,546,541,14,14,13,13,7,2,5,0,1,0,1,2,3,2,2,4
419,419,417,421,17,16,15,16,0,2,-4,1,1,-1,1,2,2,3,1,4
705,700,696,696,13,14,12,13,5,4,0,-1,2,-1,0,2,2,2,2,4
335,332,323,328,17,16,15,16,3,9,-5,1,1,-1,1,2,1,1,1,4
576,571,567,567,18,19,20,18,5,4,0,-1,-1,2,0,3,1,1,1,4
904,897,886,895,21,19,20,21,7,11,-9,2,-1,-1,0,1,2,3,3,4
1029,1017,1024,1026,13,14,12,13,12,-7,-2,-1,2,-1,0,2,1,2,1,4
714,714,710,712,13,14,12,13,0,4,-2,-1,2,-1,0,2,2,2,1,4
393,386,379,379,13,14,15,13,7,7,0,-1,-1,2,0,3,2,1,1,4
323,325,328,325,14,17,15,16,-2,-3,3,-3,2,-1,-2,1,2,1,2,4
555,550,546,546,14,14,15,13,5,4,0,0,-1,2,1,2,2,2,2,4
316,314,309,311,14,14,15,13,2,5,-2,0,-1,2,1,2,3,1,2,4
639,625,628,628,17,17,18,16,14,-3,0,0,-1,2,1,2,2,1,1,4
318,304,302,304,14,14,15,16,14,2,-2,0,-1,-1,-2,1,3,2,1,4
445,450,450,452,17,16,15,16,-5,0,-2,1,1,-1,1,3,1,3,2,4
862,860,855,857,18,17,18,16,2,5,-2,1,-1,2,2,1,2,2,1,4
510,501,506,506,18,17,18,16,9,-5,0,1,-1,2,2,1,1,1,1,4
304,300,295,300,14,14,15,13,4,5,-5,0,-1,2,1,1,3,1,1,4
314,304,304,302,21,19,20,21,10,0,2,2,-1,-1,0,3,1,3,2,4
618,611,609,614,14,17,15,16,7,2,-5,-3,2,-1,-2,1,2,3,1,4
839,820,801,801,14,17,15,16,19,19,0,-3,2,-1,-2,3,3,1,1,4
890,893,890,890,14,14,13,13,-3,3,0,0,1,0,1,3,2,1,3,4
377,365,360,360,17,16,18,18,12,5,0,1,-2,0,-1,2,1,1,1,4
1017,1021,1019,1019,20,19,20,18,-4,2,0,1,-1,2,2,1,1,2,2,4
822,815,815,815,18,19,18,19,7,0,0,-1,1,-1,-1,2,1,3,3,4
761,754,754,754,13,16,15,16,7,0,0,-3,1,-1,-3,2,1,3,1,4
499,487,487,482,18,17,18,19,12,0,5,1,-1,-1,-1,2,1,1,1,4
182,1075,1075,1073,14,14,13,13,-893,0,2,0,1,0,1,1,2,2,1,4
389,389,382,382,17,16,15,16,0,7,0,1,1,-1,1,3,3,2,2,4
468,464,459,461,17,16,15,16,4,5,-2,1,1,-1,1,3,3,3,2,4
609,609,607,609,18,19,18,19,0,2,-2,-1,1,-1,-1,3,1,2,1,4
339,342,337,337,17,16,18,18,-3,5,0,1,-2,0,-1,2,3,1,1,4
609,604,602,604,21,19,20,19,5,2,-2,2,-1,1,2,3,1,2,1,4
918,909,904,904,14,14,13,13,9,5,0,0,1,0,1,3,3,3,1,4
817,649,651,651,14,19,20,21,168,-2,0,-5,-1,-1,-7,2,2,1,1,4
684,684,682,682,20,19,20,21,0,2,0,1,-1,-1,-1,3,1,2,2,4
342,342,339,337,13,14,15,13,0,3,2,-1,-1,2,0,3,3,2,1,4
433,433,431,436,20,19,20,18,0,2,-5,1,-1,2,2,2,2,1,1,4
731,724,719,721,13,14,12,13,7,5,-2,-1,2,-1,0,1,2,2,1,4
286,271,262,262,14,14,15,13,15,9,0,0,-1,2,1,1,1,1,1,4
510,508,503,506,21,19,20,19,2,5,-3,2,-1,1,2,1,2,2,1,4
464,457,436,454,13,16,15,16,7,21,-18,-3,1,-1,-3,3,2,1,1,4
902,897,895,897,18,17,18,16,5,2,-2,1,-1,2,2,2,2,3,2,4
478,478,471,473,13,14,12,13,0,7,-2,-1,2,-1,0,1,1,2,3,4
304,297,295,295,21,19,20,21,7,2,0,2,-1,-1,0,1,2,1,1,4
717,714,712,712,20,19,20,18,3,2,0,1,-1,2,2,1,2,1,1,4
867,864,864,862,18,17,18,18,3,0,2,1,-1,0,0,1,2,2,1,4
487,487,482,482,21,19,21,21,0,5,0,2,-2,0,0,1,1,1,1,4
403,398,393,393,20,19,20,18,5,5,0,1,-1,2,2,3,1,1,1,4
761,759,752,752,13,14,12,13,2,7,0,-1,2,-1,0,2,1,2,2,4
1052,1047,1050,1050,13,14,12,13,5,-3,0,-1,2,-1,0,2,2,1,1,4
597,595,600,595,18,17,18,19,2,-5,5,1,-1,-1,-1,2,3,1,1,4
937,937,935,939,13,16,15,16,0,2,-4,-3,1,-1,-3,1,1,2,2,4
843,832,834,834,14,17,15,16,11,-2,0,-3,2,-1,-2,1,2,3,3,4
649,642,644,642,20,19,20,21,7,-2,2,1,-1,-1,-1,2,3,2,1,4
909,904,900,900,18,17,18,16,5,4,0,1,-1,2,2,3,1,1,1,4
342,339,342,339,13,14,15,13,3,-3,3,-1,-1,2,0,3,2,1,2,4
377,374,374,379,13,16,15,16,3,0,-5,-3,1,-1,-3,2,1,1,3,4
874,867,862,864,21,19,20,18,7,5,-2,2,-1,2,3,2,1,1,2,4
614,614,609,609,18,19,18,19,0,5,0,-1,1,-1,-1,1,1,1,1,4
337,337,342,351,20,19,18,18,0,-5,-9,1,1,0,2,3,1,1,1,4
1078,1078,1068,1068,13,14,12,13,0,10,0,-1,2,-1,0,1,1,1,1,4
255,250,248,248,14,14,13,13,5,2,0,0,1,0,1,2,2,1,1,4
199,196,189,192,21,19,21,19,3,7,-3,2,-2,2,2,2,1,2,1,4
531,524,529,527,21,19,20,21,7,-5,2,2,-1,-1,0,2,1,1,2,4
398,396,396,398,13,14,15,16,2,0,-2,-1,-1,-1,-3,1,2,2,1,4
942,937,935,932,13,14,13,13,5,2,3,-1,1,0,0,1,3,2,1,4
314,307,304,300,18,17,18,19,7,3,4,1,-1,-1,-1,3,2,1,3,4
304,295,297,297,18,17,18,16,9,-2,0,1,-1,2,2,1,1,2,2,4
918,914,911,907,14,14,15,16,4,3,4,0,-1,-1,-2,1,1,2,2,4
370,365,363,365,20,19,20,21,5,2,-2,1,-1,-1,-1,1,1,2,1,4
738,736,736,733,13,14,12,13,2,0,3,-1,2,-1,0,2,3,3,2,4
295,293,290,293,18,17,18,16,2,3,-3,1,-1,2,2,3,2,1,2,4
1036,1031,1033,1036,20,19,20,18,5,-2,-3,1,-1,2,2,1,3,2,1,4
274,262,257,255,14,17,15,16,12,5,2,-3,2,-1,-2,2,1,1,2,4
1052,1045,1043,1043,13,16,15,16,7,2,0,-3,1,-1,-3,2,1,2,2,4
1024,1026,1019,1021,17,16,18,16,-2,7,-2,1,-2,2,1,2,1,2,1,4
864,864,860,860,18,17,18,18,0,4,0,1,-1,0,0,2,2,2,2,4
621,611,614,614,14,14,13,13,10,-3,0,0,1,0,1,2,2,1,1,4
567,567,564,562,21,19,20,21,0,3,2,2,-1,-1,0,1,3,2,3,4
951,949,949,946,13,16,15,16,2,0,3,-3,1,-1,-3,1,2,2,1,4
450,447,445,450,17,16,18,16,3,2,-5,1,-2,2,1,3,2,1,1,4
185,185,187,187,14,17,15,16,0,-2,0,-3,2,-1,-2,2,2,1,1,4
210,210,208,199,21,19,20,21,0,2,9,2,-1,-1,0,1,1,2,2,4
264,260,257,262,21,19,20,18,4,3,-5,2,-1,2,3,2,2,1,1,4
738,743,745,738,13,14,12,13,-5,-2,7,-1,2,-1,0,2,2,3,2,4
937,937,942,937,17,16,18,16,0,-5,5,1,-2,2,1,1,3,1,1,4
705,700,703,700,17,16,15,16,5,-3,3,1,1,-1,1,2,2,3,2,4
679,674,677,679,20,19,20,21,5,-3,-2,1,-1,-1,-1,1,1,2,1,4
775,773,768,764,13,14,15,13,2,5,4,-1,-1,2,0,2,3,1,1,4
993,993,986,991,13,14,12,13,0,7,-5,-1,2,-1,0,1,3,2,2,4
571,571,564,567,18,19,18,18,0,7,-3,-1,1,0,0,1,1,2,1,4
764,759,752,745,20,19,18,18,5,7,7,1,1,0,2,1,1,2,3,4
499,494,496,492,14,17,15,16,5,-2,4,-3,2,-1,-2,2,2,1,1,4
843,832,827,832,14,14,13,13,11,5,-5,0,1,0,1,1,2,2,2,4
541,539,543,536,14,14,15,13,2,-4,7,0,-1,2,1,2,1,3,2,4
431,426,421,421,20,19,18,18,5,5,0,1,1,0,2,1,3,3,1,4
632,635,628,628,13,16,15,16,-3,7,0,-3,1,-1,-3,1,2,1,1,4
801,726,724,728,21,19,20,18,75,2,-4,2,-1,2,3,1,1,2,2,4
220,215,210,215,21,19,20,21,5,5,-5,2,-1,-1,0,3,1,1,1,4
993,989,979,977,13,14,15,13,4,10,2,-1,-1,2,0,1,3,1,2,4
839,824,824,820,14,17,15,16,15,0,4,-3,2,-1,-2,3,1,1,1,4
337,325,328,323,13,14,15,13,12,-3,5,-1,-1,2,0,3,2,1,1,4
1040,1036,1036,1033,20,19,20,21,4,0,3,1,-1,-1,-1,3,3,3,2,4
295,295,295,295,14,17,15,16,0,0,0,-3,2,-1,-2,1,1,1,3,4
363,356,351,351,13,16,15,16,7,5,0,-3,1,-1,-3,2,3,1,1,4
642,637,637,637,20,19,20,21,5,0,0,1,-1,-1,-1,1,1,1,1,4
494,482,473,473,14,14,12,13,12,9,0,0,2,-1,1,2,1,1,1,4
745,740,738,736,20,19,20,18,5,2,2,1,-1,2,2,3,1,2,1,4
234,222,210,220,14,14,13,13,12,12,-10,0,1,0,1,3,2,1,1,4
189,187,182,182,14,14,15,16,2,5,0,0,-1,-1,-2,2,1,1,1,4
935,932,928,928,13,14,15,16,3,4,0,-1,-1,-1,-3,2,1,1,1,4
459,457,454,454,20,19,18,18,2,3,0,1,1,0,2,1,2,3,1,4
543,541,546,546,14,14,15,13,2,-5,0,0,-1,2,1,1,2,2,2,4
201,196,201,196,21,19,21,21,5,-5,5,2,-2,0,0,1,3,3,1,4
1012,1007,1012,1014,17,19,18,18,5,-5,-2,-2,1,0,-1,3,3,1,2,4
1012,1012,1014,1010,20,19,20,18,0,-2,4,1,-1,2,2,3,1,2,2,4
660,658,644,658,13,14,15,13,2,14,-14,-1,-1,2,0,1,2,2,2,4
510,503,506,506,18,17,18,16,7,-3,0,1,-1,2,2,3,2,3,1,4
588,581,581,581,14,14,15,16,7,0,0,0,-1,-1,-2,2,3,1,3,4
923,893,886,888,14,17,15,16,30,7,-2,-3,2,-1,-2,3,2,1,2,4
213,206,199,194,14,14,15,13,7,7,5,0,-1,2,1,2,3,2,2,4
393,384,372,374,13,14,15,13,9,12,-2,-1,-1,2,0,1,1,2,1,4
457,459,454,454,20,19,20,18,-2,5,0,1,-1,2,2,2,3,1,1,4
253,250,248,248,18,17,18,16,3,2,0,1,-1,2,2,1,2,3,1,4
236,232,232,234,21,19,20,18,4,0,-2,2,-1,2,3,2,2,2,1,4
239,239,239,234,21,19,20,21,0,0,5,2,-1,-1,0,3,3,1,1,4
864,855,850,853,14,19,15,16,9,5,-3,-5,4,-1,-2,2,2,2,1,4
949,949,946,946,13,14,15,16,0,3,0,-1,-1,-1,-3,2,2,1,3,4
998,998,998,998,17,16,18,16,0,0,0,1,-2,2,1,3,1,1,1,4
314,314,309,309,18,17,18,16,0,5,0,1,-1,2,2,3,3,3,1,4
986,984,984,984,20,19,18,18,2,0,0,1,1,0,2,2,1,3,1,4
316,314,311,309,18,19,18,19,2,3,2,-1,1,-1,-1,2,1,2,1,4
1078,1075,1066,1073,17,19,18,18,3,9,-7,-2,1,0,-1,1,2,2,3,4
1045,1043,1043,1043,17,19,18,18,2,0,0,-2,1,0,-1,1,2,2,2,4
560,555,550,557,14,19,15,16,5,5,-7,-5,4,-1,-2,2,2,2,1,4
607,604,600,595,21,19,20,21,3,4,5,2,-1,-1,0,2,3,1,1,4
974,965,963,965,20,19,20,18,9,2,-2,1,-1,2,2,3,3,2,3,4
283,278,274,276,14,14,13,13,5,4,-2,0,1,0,1,2,2,2,1,4
337,337,328,325,13,14,15,13,0,9,3,-1,-1,2,0,1,1,1,2,4
597,595,595,593,14,17,15,16,2,0,2,-3,2,-1,-2,2,3,1,2,4
478,473,473,475,13,14,15,13,5,0,-2,-1,-1,2,0,1,3,1,2,4
1021,1012,1014,1019,20,19,18,18,9,-2,-5,1,1,0,2,3,1,2,2,4
243,236,234,234,18,17,18,18,7,2,0,1,-1,0,0,1,2,1,1,4
625,623,623,623,14,17,15,16,2,0,0,-3,2,-1,-2,2,3,3,1,4
321,314,316,314,18,19,18,19,7,-2,2,-1,1,-1,-1,2,3,2,1,4
953,953,951,951,17,16,18,18,0,2,0,1,-2,0,-1,2,2,3,1,4
438,438,436,431,20,19,20,18,0,2,5,1,-1,2,2,2,2,3,1,4
1038,1033,1031,1031,20,19,18,18,5,2,0,1,1,0,2,2,2,1,1,4
979,982,972,972,17,19,18,18,-3,10,0,-2,1,0,-1,3,2,2,2,4
792,782,778,775,14,14,15,13,10,4,3,0,-1,2,1,1,1,1,2,4
421,414,414,417,13,14,15,13,7,0,-3,-1,-1,2,0,1,2,2,3,4
993,984,984,984,20,19,18,18,9,0,0,1,1,0,2,3,1,1,1,4
625,621,614,625,14,14,13,13,4,7,-11,0,1,0,1,2,2,1,2,4
686,689,682,679,17,16,18,18,-3,7,3,1,-2,0,-1,2,1,2,1,4
391,391,384,389,13,14,15,16,0,7,-5,-1,-1,-1,-3,2,2,3,1,4
231,229,224,227,14,14,13,13,2,5,-3,0,1,0,1,2,1,1,2,4
328,323,323,318,14,14,15,13,5,0,5,0,-1,2,1,1,1,1,3,4
609,604,600,600,21,19,20,21,5,4,0,2,-1,-1,0,1,1,1,1,4
248,241,239,241,18,19,18,18,7,2,-2,-1,1,0,0,3,2,1,2,4
937,939,935,932,13,14,15,13,-2,4,3,-1,-1,2,0,3,2,2,1,4
738,740,736,740,20,19,20,21,-2,4,-4,1,-1,-1,-1,2,3,1,1,4
1068,1064,1064,1066,17,19,18,18,4,0,-2,-2,1,0,-1,1,1,3,2,4
389,386,372,370,13,16,15,16,3,14,2,-3,1,-1,-3,3,2,2,1,4
391,393,389,389,20,19,20,21,-2,4,0,1,-1,-1,-1,2,1,1,1,4
761,764,761,759,20,19,20,18,-3,3,2,1,-1,2,2,2,1,2,1,4
764,757,754,754,13,16,15,16,7,3,0,-3,1,-1,-3,1,2,1,1,4
363,358,353,351,13,14,12,13,5,5,2,-1,2,-1,0,2,2,2,3,4
304,297,300,300,18,17,18,19,7,-3,0,1,-1,-1,-1,3,2,1,1,4
314,300,302,300,21,19,20,21,14,-2,2,2,-1,-1,0,1,1,2,3,4
766,764,768,768,20,19,20,21,2,-4,0,1,-1,-1,-1,2,1,1,3,4
288,286,283,283,14,14,13,13,2,3,0,0,1,0,1,2,1,2,2,4
571,567,569,571,18,19,18,18,4,-2,-2,-1,1,0,0,1,3,2,1,4
431,431,436,433,13,14,15,13,0,-5,3,-1,-1,2,0,1,1,3,2,4
1064,1064,1061,1059,20,19,20,21,0,3,2,1,-1,-1,-1,3,1,2,3,4
593,593,595,590,18,19,18,19,0,-2,5,-1,1,-1,-1,2,2,1,1,4
789,782,782,782,14,14,15,13,7,0,0,0,-1,2,1,2,1,1,1,4
876,881,874,871,14,14,15,13,-5,7,3,0,-1,2,1,3,3,2,3,4
271,260,257,260,18,17,18,16,11,3,-3,1,-1,2,2,1,2,1,2,4
890,886,886,883,14,14,15,13,4,0,3,0,-1,2,1,3,1,1,2,4
754,759,754,761,13,14,15,16,-5,5,-7,-1,-1,-1,-3,1,3,1,2,4
224,224,220,217,14,14,15,13,0,4,3,0,-1,2,1,1,3,1,2,4
876,867,853,862,18,19,20,18,9,14,-9,-1,-1,2,0,1,1,1,1,4
590,586,590,583,18,17,18,19,4,-4,7,1,-1,-1,-1,1,1,1,2,4
611,614,609,609,14,14,13,13,-3,5,0,0,1,0,1,2,1,1,3,4
745,743,740,740,13,14,12,13,2,3,0,-1,2,-1,0,1,2,3,3,4
346,337,344,335,13,14,15,13,9,-7,9,-1,-1,2,0,1,1,2,2,4
454,459,454,457,20,19,18,18,-5,5,-3,1,1,0,2,1,3,1,2,4
1054,1045,1047,1050,20,19,20,21,9,-2,-3,1,-1,-1,-1,3,1,2,1,4
618,616,614,614,18,19,18,19,2,2,0,-1,1,-1,-1,3,2,1,1,4
970,967,956,960,20,19,18,18,3,11,-4,1,1,0,2,3,2,1,3,4
389,379,382,384,13,14,12,13,10,-3,-2,-1,2,-1,0,3,1,2,1,4
869,862,862,857,18,17,18,18,7,0,5,1,-1,0,0,2,1,1,1,4
370,367,370,374,20,19,18,18,3,-3,-4,1,1,0,2,1,2,1,1,4
253,248,253,253,14,14,13,13,5,-5,0,0,1,0,1,1,1,1,1,4
1052,1045,1031,1028,13,14,12,13,7,14,3,-1,2,-1,0,2,1,1,2,4
1073,1075,1078,182,13,14,13,13,-2,-3,896,-1,1,0,0,1,2,1,1,4
771,771,768,768,17,16,15,16,0,3,0,1,1,-1,1,2,2,1,3,4
351,346,346,346,17,16,18,18,5,0,0,1,-2,0,-1,3,3,1,1,4
658,656,656,656,13,14,12,13,2,0,0,-1,2,-1,0,2,3,1,1,4
815,813,810,813,21,19,20,21,2,3,-3,2,-1,-1,0,1,2,1,2,4
759,757,759,754,20,19,20,18,2,-2,5,1,-1,2,2,1,2,1,3,4
646,642,637,635,13,14,15,13,4,5,2,-1,-1,2,0,3,3,1,2,4
984,974,977,977,17,16,15,16,10,-3,0,1,1,-1,1,1,3,2,2,4
879,871,876,871,18,19,18,18,8,-5,5,-1,1,0,0,2,1,1,1,4
290,286,281,283,14,17,15,16,4,5,-2,-3,2,-1,-2,1,1,1,2,4
726,721,714,712,17,16,18,18,5,7,2,1,-2,0,-1,1,3,2,1,4
862,860,853,860,14,14,13,13,2,7,-7,0,1,0,1,1,2,1,2,4
817,806,855,810,14,14,15,13,11,-49,45,0,-1,2,1,2,3,2,1,4
464,473,459,459,17,14,15,16,-9,14,0,3,-1,-1,1,3,1,1,3,4
271,264,262,257,14,14,15,13,7,2,5,0,-1,2,1,1,2,1,1,4
513,499,492,494,14,14,15,13,14,7,-2,0,-1,2,1,2,2,1,2,4
1045,1045,1050,1050,20,19,20,18,0,-5,0,1,-1,2,2,3,1,1,1,4
581,576,576,576,14,14,13,13,5,0,0,0,1,0,1,1,3,1,1,4
684,684,679,677,13,14,12,13,0,5,2,-1,2,-1,0,1,1,1,2,4
342,337,323,318,13,14,13,13,5,14,5,-1,1,0,0,1,1,1,1,4
593,590,583,583,18,19,18,19,3,7,0,-1,1,-1,-1,2,1,2,2,4
579,574,569,569,18,17,18,18,5,5,0,1,-1,0,0,2,2,2,2,4
984,986,986,979,13,14,12,13,-2,0,7,-1,2,-1,0,1,2,2,1,4
574,569,564,567,21,19,20,21,5,5,-3,2,-1,-1,0,2,2,2,3,4
789,785,789,782,18,17,18,16,4,-4,7,1,-1,2,2,2,2,2,1,4
960,956,951,946,13,14,12,13,4,5,5,-1,2,-1,0,1,3,1,1,4
199,192,189,192,14,17,15,16,7,3,-3,-3,2,-1,-2,2,1,2,1,4
557,543,543,546,14,17,15,16,14,0,-3,-3,2,-1,-2,3,1,1,2,4
628,623,621,618,18,19,18,19,5,2,3,-1,1,-1,-1,1,1,2,1,4
806,799,796,796,18,19,18,19,7,3,0,-1,1,-1,-1,1,2,1,1,4
426,421,417,417,20,19,20,18,5,4,0,1,-1,2,2,1,1,1,1,4
257,253,248,248,14,14,15,16,4,5,0,0,-1,-1,-2,3,1,1,1,4
274,262,253,260,14,14,13,13,12,9,-7,0,1,0,1,2,3,3,2,4
365,358,356,356,13,14,15,16,7,2,0,-1,-1,-1,-3,3,2,1,1,4
998,998,993,998,17,16,15,16,0,5,-5,1,1,-1,1,1,1,1,1,4
649,646,642,642,20,19,20,21,3,4,0,1,-1,-1,-1,2,1,1,1,4
820,817,810,810,14,14,13,13,3,7,0,0,1,0,1,1,2,3,3,4
276,274,271,290,14,14,15,13,2,3,-19,0,-1,2,1,3,2,3,1,4
808,801,801,803,18,19,18,19,7,0,-2,-1,1,-1,-1,2,1,1,2,4
335,332,328,318,17,16,15,16,3,4,10,1,1,-1,1,2,1,1,3,4
217,215,210,208,14,14,13,13,2,5,2,0,1,0,1,2,3,1,2,4
459,452,450,452,17,16,18,18,7,2,-2,1,-2,0,-1,1,2,1,2,4
815,817,815,815,18,19,18,19,-2,2,0,-1,1,-1,-1,1,2,1,3,4
536,529,524,524,18,19,18,19,7,5,0,-1,1,-1,-1,2,1,1,1,4
466,464,468,468,20,19,18,18,2,-4,0,1,1,0,2,2,1,3,1,4
562,557,557,560,18,19,18,18,5,0,-3,-1,1,0,0,1,3,3,2,4
325,323,321,321,21,19,21,21,2,2,0,2,-2,0,0,2,3,2,2,4
206,196,196,194,14,14,15,13,10,0,2,0,-1,2,1,1,1,3,2,4
935,925,928,925,13,14,15,13,10,-3,3,-1,-1,2,0,2,2,1,2,4
586,578,574,576,14,17,15,16,8,4,-2,-3,2,-1,-2,3,2,2,1,4
314,304,304,307,18,17,18,19,10,0,-3,1,-1,-1,-1,3,1,1,2,4
717,714,717,717,17,16,18,18,3,-3,0,1,-2,0,-1,1,2,3,1,4
335,325,323,325,17,19,18,19,10,2,-2,-2,1,-1,-2,2,2,1,2,4
1007,1003,1000,1003,20,19,18,18,4,3,-3,1,1,0,2,1,3,2,1,4
494,489,485,492,14,17,15,16,5,4,-7,-3,2,-1,-2,2,2,2,1,4
815,810,810,806,14,14,15,13,5,0,4,0,-1,2,1,3,3,1,1,4
524,513,513,510,14,17,15,16,11,0,3,-3,2,-1,-2,1,2,2,1,4
515,503,506,508,14,14,15,13,12,-3,-2,0,-1,2,1,1,2,1,2,4
614,609,614,609,21,19,21,19,5,-5,5,2,-2,2,2,3,1,1,1,4
677,674,670,674,20,19,18,18,3,4,-4,1,1,0,2,2,3,1,3,4
745,745,743,745,13,14,12,13,0,2,-2,-1,2,-1,0,1,3,2,1,4
1059,1059,1057,1061,13,14,12,13,0,2,-4,-1,2,-1,0,1,3,2,2,4
1003,1010,991,989,20,19,18,18,-7,19,2,1,1,0,2,1,2,2,1,4
665,658,656,656,13,14,15,13,7,2,0,-1,-1,2,0,1,2,1,1,4
616,618,618,616,14,14,13,13,-2,0,2,0,1,0,1,2,1,1,2,4
707,707,705,707,17,19,18,18,0,2,-2,-2,1,0,-1,1,1,2,1,4
1045,1043,1040,1040,13,14,15,13,2,3,0,-1,-1,2,0,1,2,1,3,4
604,607,600,602,18,17,18,16,-3,7,-2,1,-1,2,2,1,2,1,2,4
724,726,726,726,20,19,20,21,-2,0,0,1,-1,-1,-1,2,1,1,1,4
796,794,794,799,18,19,18,19,2,0,-5,-1,1,-1,-1,1,2,2,2,4
234,229,224,224,14,14,15,16,5,5,0,0,-1,-1,-2,1,3,3,1,4
492,489,494,489,18,19,18,19,3,-5,5,-1,1,-1,-1,3,2,2,2,4
478,473,473,471,13,14,12,13,5,0,2,-1,2,-1,0,1,3,1,2,4
224,222,215,220,18,19,18,19,2,7,-5,-1,1,-1,-1,1,2,1,1,4
403,410,398,403,20,19,18,18,-7,12,-5,1,1,0,2,1,2,3,1,4
981,972,977,970,13,16,15,16,9,-5,7,-3,1,-1,-3,2,2,2,1,4
407,405,410,403,17,19,15,16,2,-5,7,-2,4,-1,1,3,2,2,1,4
646,649,649,646,20,19,18,18,-3,0,3,1,1,0,2,1,2,2,1,4
1017,1017,1019,1017,13,16,15,16,0,-2,2,-3,1,-1,-3,1,1,2,1,4
332,328,321,325,17,17,15,16,4,7,-4,0,2,-1,1,1,1,2,2,4
625,616,614,614,21,19,21,19,9,2,0,2,-2,2,2,2,2,1,1,4
309,302,304,304,18,17,18,19,7,-2,0,1,-1,-1,-1,3,2,1,3,4
895,888,886,883,21,19,20,19,7,2,3,2,-1,1,2,1,2,1,2,4
309,300,297,300,14,17,15,16,9,3,-3,-3,2,-1,-2,1,1,2,3,4
279,264,253,250,14,14,13,13,15,11,3,0,1,0,1,2,2,1,2,4
1021,1021,1017,1012,13,14,15,13,0,4,5,-1,-1,2,0,1,1,1,1,4
897,883,883,886,18,17,15,16,14,0,-3,1,2,-1,2,2,2,2,1,4
316,311,300,311,18,17,18,19,5,11,-11,1,-1,-1,-1,2,2,1,2,4
318,309,311,314,14,14,15,16,9,-2,-3,0,-1,-1,-2,1,1,2,1,4
224,215,215,215,18,17,18,19,9,0,0,1,-1,-1,-1,3,1,1,1,4
787,787,785,782,14,14,15,13,0,2,3,0,-1,2,1,1,3,2,1,4
628,618,618,616,21,19,21,19,10,0,2,2,-2,2,2,1,1,1,2,4
703,696,700,693,20,19,20,21,7,-4,7,1,-1,-1,-1,1,2,2,1,4
651,656,653,651,13,14,12,13,-5,3,2,-1,2,-1,0,1,1,2,3,4
1064,1064,1057,1061,13,14,15,13,0,7,-4,-1,-1,2,0,1,1,2,2,4
574,569,571,571,14,14,13,13,5,-2,0,0,1,0,1,2,2,3,3,4
759,759,759,757,17,16,18,18,0,0,2,1,-2,0,-1,3,1,1,2,4
635,637,632,625,17,16,15,16,-2,5,7,1,1,-1,1,2,1,1,2,4
187,182,182,182,14,17,15,16,5,0,0,-3,2,-1,-2,1,1,1,1,4
937,935,928,928,17,16,18,19,2,7,0,1,-2,-1,-2,1,2,1,1,4
1073,1073,1068,1073,20,19,20,21,0,5,-5,1,-1,-1,-1,3,1,1,1,4
206,208,201,201,21,19,21,19,-2,7,0,2,-2,2,2,1,2,1,1,4
963,963,958,958,13,14,12,13,0,5,0,-1,2,-1,0,2,2,2,2,4
187,187,182,182,21,19,21,21,0,5,0,2,-2,0,0,1,1,1,1,4
492,482,473,475,21,19,20,18,10,9,-2,2,-1,2,3,1,1,1,2,4
918,918,916,914,18,17,18,19,0,2,2,1,-1,-1,-1,1,3,2,1,4
843,839,839,841,14,14,13,13,4,0,-2,0,1,0,1,3,3,1,2,4
344,342,342,337,20,19,18,18,2,0,5,1,1,0,2,2,3,1,1,4
506,506,499,496,18,19,18,19,0,7,3,-1,1,-1,-1,1,3,2,3,4
323,321,337,318,18,17,15,16,2,-16,19,1,2,-1,2,1,2,3,1,4
731,726,726,724,17,19,18,18,5,0,2,-2,1,0,-1,1,1,1,2,4
698,696,693,689,13,14,15,13,2,3,4,-1,-1,2,0,3,2,1,1,4
810,808,801,808,21,19,21,21,2,7,-7,2,-2,0,0,1,2,1,2,4
217,215,208,210,21,19,20,19,2,7,-2,2,-1,1,2,2,3,2,1,4
321,309,307,309,14,14,15,13,12,2,-2,0,-1,2,1,2,3,2,1,4
274,278,276,276,21,19,20,21,-4,2,0,2,-1,-1,0,2,2,1,1,4
1066,1057,1050,1054,13,16,15,16,9,7,-4,-3,1,-1,-3,2,2,1,1,4
1019,1019,1021,1017,13,14,12,13,0,-2,4,-1,2,-1,0,2,2,1,3,4
1003,1000,1007,1010,20,19,20,21,3,-7,-3,1,-1,-1,-1,1,2,1,2,4
813,815,810,813,14,14,13,13,-2,5,-3,0,1,0,1,2,3,1,2,4
555,548,550,553,18,19,18,18,7,-2,-3,-1,1,0,0,2,1,2,3,4
644,637,637,642,13,14,15,13,7,0,-5,-1,-1,2,0,2,3,3,1,4
440,440,438,440,20,19,18,18,0,2,-2,1,1,0,2,1,1,2,1,4
642,637,642,639,17,16,18,16,5,-5,3,1,-2,2,1,1,1,3,2,4
956,960,958,956,17,19,18,18,-4,2,2,-2,1,0,-1,3,3,2,1,4
815,815,810,815,14,17,15,16,0,5,-5,-3,2,-1,-2,1,3,3,1,4
658,656,658,656,17,16,18,16,2,-2,2,1,-2,2,1,2,1,2,1,4
222,217,217,220,14,14,13,13,5,0,-3,0,1,0,1,2,2,2,1,4
609,600,600,600,14,17,15,16,9,0,0,-3,2,-1,-2,3,1,1,1,4
403,407,410,403,13,14,15,13,-4,-3,7,-1,-1,2,0,1,3,2,3,4
548,543,539,541,21,19,20,21,5,4,-2,2,-1,-1,0,1,1,1,2,4
712,703,677,700,13,16,15,16,9,26,-23,-3,1,-1,-3,3,1,2,2,4
499,485,478,482,14,14,13,13,14,7,-4,0,1,0,1,2,2,1,1,4
543,539,510,534,18,17,15,16,4,29,-24,1,2,-1,2,3,1,1,1,4
553,543,524,527,14,14,13,13,10,19,-3,0,1,0,1,3,1,1,2,4
1064,1059,1054,1073,17,16,18,16,5,5,-19,1,-2,2,1,3,3,1,1,4
674,665,665,667,17,16,15,16,9,0,-2,1,1,-1,1,3,3,1,2,4
960,958,951,951,20,19,18,18,2,7,0,1,1,0,2,1,2,1,1,4
935,925,928,928,13,14,15,13,10,-3,0,-1,-1,2,0,2,2,1,1,4
635,635,628,628,20,19,21,21,0,7,0,1,-2,0,-1,2,2,1,1,4
567,557,560,553,18,19,18,18,10,-3,7,-1,1,0,0,1,1,2,1,4
876,867,857,855,14,17,15,16,9,10,2,-3,2,-1,-2,3,1,1,2,4
1010,1007,1003,1003,13,14,15,13,3,4,0,-1,-1,2,0,2,3,1,3,4
222,210,210,203,18,17,18,16,12,0,7,1,-1,2,2,2,1,1,2,4
651,651,644,646,17,16,18,18,0,7,-2,1,-2,0,-1,1,3,2,1,4
379,374,374,377,17,16,15,16,5,0,-3,1,1,-1,1,1,3,1,2,4
792,785,787,792,18,17,18,16,7,-2,-5,1,-1,2,2,3,2,3,1,4
703,700,693,698,17,16,18,18,3,7,-5,1,-2,0,-1,3,2,1,1,4
1050,1047,1040,1047,17,16,18,18,3,7,-7,1,-2,0,-1,1,2,3,2,4
443,443,440,443,13,14,15,16,0,3,-3,-1,-1,-1,-3,2,2,3,2,4
914,902,904,904,18,17,18,19,12,-2,0,1,-1,-1,-1,1,2,1,1,4
215,203,196,194,14,14,15,13,12,7,2,0,-1,2,1,1,2,3,2,4
1017,1014,1014,1012,13,14,12,13,3,0,2,-1,2,-1,0,3,2,2,1,4
398,398,396,398,17,16,15,16,0,2,-2,1,1,-1,1,3,1,2,1,4
335,337,335,332,13,14,13,13,-2,2,3,-1,1,0,0,2,1,2,1,4
993,993,986,989,17,16,15,16,0,7,-3,1,1,-1,1,3,3,2,1,4
1014,1012,1003,1010,13,14,15,13,2,9,-7,-1,-1,2,0,2,1,1,2,4
286,286,281,281,18,19,18,19,0,5,0,-1,1,-1,-1,1,3,3,1,4
736,728,724,726,13,14,15,13,8,4,-2,-1,-1,2,0,1,2,2,3,4
468,459,454,447,13,14,12,13,9,5,7,-1,2,-1,0,1,3,3,2,4
944,942,937,942,17,16,18,18,2,5,-5,1,-2,0,-1,2,1,3,1,4
1059,1054,1054,1050,20,19,20,21,5,0,4,1,-1,-1,-1,1,1,1,1,4
196,192,185,182,21,19,21,21,4,7,3,2,-2,0,0,1,1,2,1,4
396,391,396,398,20,19,18,18,5,-5,-2,1,1,0,2,2,2,2,1,4
782,773,778,778,18,19,18,18,9,-5,0,-1,1,0,0,1,1,1,1,4
956,956,951,951,20,19,18,18,0,5,0,1,1,0,2,3,1,1,1,4
464,464,459,461,13,16,15,16,0,5,-2,-3,1,-1,-3,1,1,1,2,4
300,297,293,295,18,19,18,19,3,4,-2,-1,1,-1,-1,1,2,2,1,4
829,829,827,824,14,17,15,16,0,2,3,-3,2,-1,-2,3,1,2,1,4
335,332,335,332,13,14,15,16,3,-3,3,-1,-1,-1,-3,2,1,2,1,4
681,684,674,674,13,14,15,13,-3,10,0,-1,-1,2,0,2,1,3,1,4
325,323,318,318,18,19,21,19,2,5,0,-1,-2,2,-1,2,1,1,1,4
717,714,710,707,20,19,20,18,3,4,3,1,-1,2,2,1,2,2,1,4
1026,1024,1019,1024,13,14,12,13,2,5,-5,-1,2,-1,0,1,2,2,2,4
670,672,670,665,13,14,15,13,-2,2,5,-1,-1,2,0,1,2,1,1,4
475,471,468,471,13,14,12,13,4,3,-3,-1,2,-1,0,2,2,1,2,4
757,754,752,764,17,19,18,18,3,2,-12,-2,1,0,-1,2,3,2,1,4
974,970,958,967,13,14,15,13,4,12,-9,-1,-1,2,0,1,3,2,2,4
494,489,485,485,18,17,18,19,5,4,0,1,-1,-1,-1,2,2,2,2,4
579,578,581,576,18,17,18,18,1,-3,5,1,-1,0,0,2,2,1,1,4
546,541,539,539,21,19,20,18,5,2,0,2,-1,2,3,2,2,1,3,4
747,750,740,740,13,14,12,13,-3,10,0,-1,2,-1,0,2,3,3,3,4
372,370,367,370,13,14,15,13,2,3,-3,-1,-1,2,0,2,1,2,1,4
452,450,450,447,13,14,12,13,2,0,3,-1,2,-1,0,2,1,1,2,4
944,935,928,928,13,14,13,13,9,7,0,-1,1,0,0,2,2,1,1,4
935,932,925,928,13,14,15,13,3,7,-3,-1,-1,2,0,2,1,2,1,4
257,250,248,267,14,14,15,13,7,2,-19,0,-1,2,1,1,2,1,1,4
243,229,227,229,14,14,15,16,14,2,-2,0,-1,-1,-2,3,3,2,1,4
384,384,384,384,20,19,20,18,0,0,0,1,-1,2,2,1,3,3,1,4
363,356,335,353,13,14,13,13,7,21,-18,-1,1,0,0,2,3,2,2,4
309,304,302,297,18,17,18,19,5,2,5,1,-1,-1,-1,3,3,2,2,4
567,555,550,548,14,14,15,13,12,5,2,0,-1,2,1,3,2,2,1,4
300,300,295,295,18,17,18,16,0,5,0,1,-1,2,2,3,3,1,1,4
879,876,874,874,18,17,18,16,3,2,0,1,-1,2,2,2,3,2,2,4
831,834,839,834,14,17,15,16,-3,-5,5,-3,2,-1,-2,2,1,1,1,4
874,867,810,869,18,17,15,16,7,57,-59,1,2,-1,2,2,3,1,2,4
1038,1031,1031,1026,20,19,20,18,7,0,5,1,-1,2,2,2,1,1,3,4
792,789,782,775,18,19,18,18,3,7,7,-1,1,0,0,3,2,1,2,4
360,356,356,356,13,14,15,13,4,0,0,-1,-1,2,0,3,3,3,1,4
609,607,597,604,14,17,15,16,2,10,-7,-3,2,-1,-2,1,2,2,1,4
567,557,557,560,21,19,20,21,10,0,-3,2,-1,-1,0,1,1,3,2,4
489,487,482,487,14,17,15,16,2,5,-5,-3,2,-1,-2,2,1,1,3,4
536,532,529,534,14,14,15,13,4,3,-5,0,-1,2,1,2,2,3,1,4
1050,1047,1038,1043,17,16,18,18,3,9,-5,1,-2,0,-1,1,2,2,2,4
192,189,189,192,21,19,21,19,3,0,-3,2,-2,2,2,1,2,2,1,4
860,855,850,853,18,19,18,18,5,5,-3,-1,1,0,0,2,2,2,3,4
440,438,436,436,17,16,15,16,2,2,0,1,1,-1,1,3,2,1,1,4
295,288,281,276,18,19,18,18,7,7,5,-1,1,0,0,3,2,1,1,4
733,728,728,728,20,19,20,21,5,0,0,1,-1,-1,-1,2,2,2,2,4
560,557,553,553,18,19,18,18,3,4,0,-1,1,0,0,2,1,1,1,4
557,560,555,555,18,19,18,21,-3,5,0,-1,1,-3,-3,3,2,2,2,4
721,717,717,717,17,19,18,18,4,0,0,-2,1,0,-1,3,3,1,1,4
318,307,304,307,21,19,20,19,11,3,-3,2,-1,1,2,1,2,1,2,4
1007,1007,1003,998,20,19,20,21,0,4,5,1,-1,-1,-1,1,3,1,1,4
337,337,335,337,13,14,15,13,0,2,-2,-1,-1,2,0,3,3,2,1,4
215,210,208,210,18,19,18,19,5,2,-2,-1,1,-1,-1,3,1,2,3,4
590,588,578,583,18,19,18,19,2,10,-5,-1,1,-1,-1,3,2,2,2,4
255,248,243,246,14,14,15,13,7,5,-3,0,-1,2,1,2,1,3,2,4
400,403,398,398,17,16,15,16,-3,5,0,1,1,-1,1,2,1,1,1,4
403,410,398,398,20,19,18,18,-7,12,0,1,1,0,2,1,2,1,1,4
534,527,522,524,14,17,15,16,7,5,-2,-3,2,-1,-2,1,2,2,1,4
515,510,510,510,14,17,15,16,5,0,0,-3,2,-1,-2,1,1,3,1,4
836,829,832,832,18,19,18,19,7,-3,0,-1,1,-1,-1,2,3,2,2,4
300,295,286,290,14,14,13,13,5,9,-4,0,1,0,1,1,1,3,1,4
520,515,515,515,21,19,20,21,5,0,0,2,-1,-1,0,1,1,1,1,4
778,778,773,775,17,16,15,16,0,5,-2,1,1,-1,1,1,1,3,2,4
897,881,876,883,14,14,13,13,16,5,-7,0,1,0,1,2,1,1,2,4
353,353,351,353,13,14,12,13,0,2,-2,-1,2,-1,0,2,2,3,2,4
536,532,529,529,21,19,20,19,4,3,0,2,-1,1,2,2,2,1,1,4
921,925,923,925,14,17,15,16,-4,2,-2,-3,2,-1,-2,2,2,1,2,4
806,801,801,794,14,14,15,13,5,0,7,0,-1,2,1,3,3,1,2,4
1003,991,982,979,13,14,12,13,12,9,3,-1,2,-1,0,1,2,2,1,4
492,487,489,492,14,14,13,13,5,-2,-3,0,1,0,1,1,1,2,1,4
689,684,682,684,13,14,15,16,5,2,-2,-1,-1,-1,-3,1,1,2,3,4
517,506,506,506,14,14,15,16,11,0,0,0,-1,-1,-2,2,3,1,1,4
548,546,541,543,18,17,18,16,2,5,-2,1,-1,2,2,1,2,2,1,4
989,989,989,989,20,19,20,21,0,0,0,1,-1,-1,-1,1,3,1,1,4
939,935,928,923,13,14,13,13,4,7,5,-1,1,0,0,2,2,1,1,4
536,529,529,527,14,14,13,13,7,0,2,0,1,0,1,2,3,1,2,4
1003,1007,1003,1003,20,19,18,18,-4,4,0,1,1,0,2,1,1,1,1,4
869,862,862,862,18,17,18,18,7,0,0,1,-1,0,0,2,1,3,1,4
468,464,464,459,13,14,12,13,4,0,5,-1,2,-1,0,3,3,1,1,4
267,262,262,262,18,19,20,18,5,0,0,-1,-1,2,0,1,1,1,1,4
750,747,740,736,20,19,20,21,3,7,4,1,-1,-1,-1,1,2,1,3,4
703,703,698,693,20,19,18,18,0,5,5,1,1,0,2,1,1,3,1,4
886,869,869,867,18,19,18,18,17,0,2,-1,1,0,0,1,2,2,1,4
309,295,293,300,14,17,15,16,14,2,-7,-3,2,-1,-2,3,3,2,1,4
768,757,750,752,13,14,12,13,11,7,-2,-1,2,-1,0,3,2,3,2,4
703,703,698,698,17,16,15,16,0,5,0,1,1,-1,1,1,1,1,1,4
853,848,841,848,18,17,18,18,5,7,-7,1,-1,0,0,1,3,2,1,4
229,227,222,224,21,19,20,19,2,5,-2,2,-1,1,2,1,2,2,3,4
771,768,766,764,17,16,15,16,3,2,2,1,1,-1,1,2,3,2,1,4
1003,998,993,996,17,16,18,16,5,5,-3,1,-2,2,1,3,3,1,2,4
468,471,468,466,17,16,18,18,-3,3,2,1,-2,0,-1,1,2,1,2,4
703,700,691,696,17,16,15,16,3,9,-5,1,1,-1,1,1,2,2,2,4
1066,1064,1059,1057,20,19,20,21,2,5,2,1,-1,-1,-1,2,1,1,2,4
440,436,436,433,13,14,15,13,4,0,3,-1,-1,2,0,3,1,1,2,4
712,707,705,703,20,19,23,18,5,2,2,1,-4,5,2,1,1,2,1,4
487,487,485,482,14,14,15,13,0,2,3,0,-1,2,1,3,1,2,1,4
691,686,689,682,13,14,15,13,5,-3,7,-1,-1,2,0,2,2,1,2,4
998,1000,989,993,13,14,12,13,-2,11,-4,-1,2,-1,0,1,2,1,1,4
836,829,832,829,14,17,15,16,7,-3,3,-3,2,-1,-2,2,3,2,1,4
588,578,578,576,14,14,15,16,10,0,2,0,-1,-1,-2,2,2,2,1,4
281,276,271,271,14,14,13,13,5,5,0,0,1,0,1,1,3,1,1,4
468,464,461,464,20,19,20,18,4,3,-3,1,-1,2,2,1,1,2,1,4
890,876,876,881,18,14,15,16,14,0,-5,4,-1,-1,2,1,3,3,1,4
900,893,890,888,14,14,15,16,7,3,2,0,-1,-1,-2,1,2,1,2,4
967,864,864,862,20,17,18,16,103,0,2,3,-1,2,4,2,2,2,1,4
281,278,276,276,21,19,20,18,3,2,0,2,-1,2,3,1,2,3,1,4
876,876,871,871,21,19,20,18,0,5,0,2,-1,2,3,1,1,1,1,4
1036,1031,1031,1033,17,16,18,18,5,0,-2,1,-2,0,-1,1,1,1,2,4
604,600,595,597,14,17,15,16,4,5,-2,-3,2,-1,-2,1,1,1,2,4
360,353,346,342,13,14,12,13,7,7,4,-1,2,-1,0,3,2,1,3,4
996,993,989,989,17,19,18,18,3,4,0,-2,1,0,-1,2,3,1,1,4
600,593,590,590,18,19,18,19,7,3,0,-1,1,-1,-1,1,2,1,1,4
886,881,881,881,14,14,15,13,5,0,0,0,-1,2,1,3,3,1,3,4
231,229,227,267,14,14,13,13,2,2,-40,0,1,0,1,2,3,2,1,4
611,607,600,604,14,14,13,13,4,7,-4,0,1,0,1,2,2,1,1,4
677,672,672,667,13,14,15,13,5,0,5,-1,-1,2,0,2,2,2,2,4
944,944,942,942,13,14,12,13,0,2,0,-1,2,-1,0,2,2,3,3,4
632,625,628,628,17,17,18,19,7,-3,0,0,-1,-1,-2,1,2,1,1,4
360,356,356,356,20,19,20,18,4,0,0,1,-1,2,2,3,1,1,1,4
264,257,250,250,14,14,15,13,7,7,0,0,-1,2,1,2,3,2,2,4
342,339,339,342,20,19,20,18,3,0,-3,1,-1,2,2,1,2,2,1,4
255,243,260,243,18,17,18,16,12,-17,17,1,-1,2,2,2,3,2,3,4
581,578,571,576,14,14,15,13,3,7,-5,0,-1,2,1,1,2,1,1,4
553,555,553,553,18,19,18,18,-2,2,0,-1,1,0,0,3,2,1,1,4
841,841,836,834,14,17,15,16,0,5,2,-3,2,-1,-2,2,2,2,3,4
981,974,993,977,13,16,15,16,7,-19,16,-3,1,-1,-3,2,1,1,2,4
740,738,736,731,13,14,15,13,2,2,5,-1,-1,2,0,3,2,1,3,4
227,215,208,215,18,19,18,19,12,7,-7,-1,1,-1,-1,2,3,2,1,4
290,281,281,278,21,19,20,21,9,0,3,2,-1,-1,0,1,1,3,2,4
332,325,328,328,17,19,18,19,7,-3,0,-2,1,-1,-2,1,2,1,1,4
836,824,820,824,14,17,15,16,12,4,-4,-3,2,-1,-2,2,1,3,1,4
487,475,471,464,18,16,18,18,12,4,7,2,-2,0,0,1,2,2,1,4
201,196,199,199,18,19,18,19,5,-3,0,-1,1,-1,-1,3,1,2,2,4
1061,1057,1052,1054,17,16,15,16,4,5,-2,1,1,-1,1,2,2,2,1,4
639,635,632,632,20,19,20,21,4,3,0,1,-1,-1,-1,2,2,1,1,4
260,253,241,250,14,17,15,16,7,12,-9,-3,2,-1,-2,2,3,2,2,4
998,991,993,991,13,14,12,13,7,-2,2,-1,2,-1,0,1,2,3,2,4
986,984,979,977,13,14,12,13,2,5,2,-1,2,-1,0,2,3,1,2,4
342,342,328,335,13,14,15,13,0,14,-7,-1,-1,2,0,3,1,1,2,4
1047,1043,1040,1040,17,16,18,16,4,3,0,1,-2,2,1,2,2,1,1,4
618,609,614,614,21,19,21,19,9,-5,0,2,-2,2,2,1,1,1,1,4
890,888,883,886,18,17,18,16,2,5,-3,1,-1,2,2,3,2,2,1,4
921,911,909,909,14,14,15,13,10,2,0,0,-1,2,1,2,2,1,3,4
946,942,942,942,17,16,18,18,4,0,0,1,-2,0,-1,1,1,1,1,4
977,967,965,963,20,19,18,18,10,2,2,1,1,0,2,2,2,1,2,4
775,775,773,775,17,16,18,16,0,2,-2,1,-2,2,1,2,2,1,2,4
646,557,553,553,13,14,15,13,89,4,0,-1,-1,2,0,1,3,1,3,4
269,260,262,262,14,14,13,13,9,-2,0,0,1,0,1,2,2,1,1,4
963,960,956,956,17,16,18,16,3,4,0,1,-2,2,1,2,1,3,1,4
567,567,560,562,14,14,15,13,0,7,-2,0,-1,2,1,1,1,2,3,4
224,220,215,213,14,14,15,16,4,5,2,0,-1,-1,-2,3,3,1,2,4
698,698,693,693,20,19,20,21,0,5,0,1,-1,-1,-1,1,1,1,3,4
609,609,607,609,18,19,18,19,0,2,-2,-1,1,-1,-1,1,1,2,3,4
506,499,499,501,18,19,18,19,7,0,-2,-1,1,-1,-1,1,2,2,1,4
710,703,703,705,17,16,18,16,7,0,-2,1,-2,2,1,2,1,1,2,4
824,820,827,834,14,14,15,13,4,-7,-7,0,-1,2,1,1,1,2,1,4
1064,1057,1061,1054,20,19,18,18,7,-4,7,1,1,0,2,1,2,2,1,4
1036,1031,1031,1031,17,16,18,18,5,0,0,1,-2,0,-1,1,1,1,3,4
768,764,764,766,20,19,18,18,4,0,-2,1,1,0,2,1,3,3,2,4
424,421,421,417,13,14,15,13,3,0,4,-1,-1,2,0,2,1,1,1,4
754,752,745,747,17,16,15,16,2,7,-2,1,1,-1,1,3,2,1,2,4
984,984,979,979,17,16,18,16,0,5,0,1,-2,2,1,1,1,1,1,4
374,367,360,360,13,14,15,13,7,7,0,-1,-1,2,0,1,2,1,1,4
440,426,421,417,13,14,12,13,14,5,4,-1,2,-1,0,1,3,1,1,4
843,836,834,834,18,19,18,18,7,2,0,-1,1,0,0,3,2,1,1,4
1078,1075,1073,1078,20,19,20,18,3,2,-5,1,-1,2,2,1,2,1,1,4
810,806,808,801,18,19,18,19,4,-2,7,-1,1,-1,-1,1,1,2,1,4
1047,1045,1045,1040,20,19,18,18,2,0,5,1,1,0,2,2,1,1,3,4
513,506,503,508,14,17,15,16,7,3,-5,-3,2,-1,-2,2,3,2,2,4
696,698,696,698,20,19,20,18,-2,2,-2,1,-1,2,2,2,1,2,1,4
185,1071,1071,1071,18,16,18,18,-886,0,0,2,-2,0,0,2,2,2,2,4
595,588,595,590,18,17,18,19,7,-7,5,1,-1,-1,-1,3,2,3,3,4
459,459,454,454,17,19,18,18,0,5,0,-2,1,0,-1,3,3,1,1,4
1014,1012,1010,979,17,16,18,16,2,2,31,1,-2,2,1,2,1,2,1,4
337,337,332,337,13,14,13,13,0,5,-5,-1,1,0,0,1,3,1,1,4
412,403,403,405,20,19,20,21,9,0,-2,1,-1,-1,-1,1,1,3,2,4
900,890,895,897,14,17,15,16,10,-5,-2,-3,2,-1,-2,1,3,1,2,4
433,426,428,424,17,19,18,18,7,-2,4,-2,1,0,-1,2,1,2,2,4
196,185,185,187,14,17,15,16,11,0,-2,-3,2,-1,-2,3,2,2,3,4
450,452,454,454,20,19,18,18,-2,-2,0,1,1,0,2,1,2,1,1,4
956,951,951,946,13,14,15,13,5,0,5,-1,-1,2,0,1,3,1,3,4
548,534,539,539,14,17,15,16,14,-5,0,-3,2,-1,-2,3,1,1,1,4
436,433,431,431,20,19,18,18,3,2,0,1,1,0,2,3,2,1,1,4
400,400,400,398,20,19,20,18,0,0,2,1,-1,2,2,2,2,2,1,4
956,956,956,965,13,16,15,16,0,0,-9,-3,1,-1,-3,3,1,3,1,4
309,300,290,286,18,17,18,19,9,10,4,1,-1,-1,-1,1,3,1,3,4
1010,1012,1010,1012,20,19,20,21,-2,2,-2,1,-1,-1,-1,2,1,2,1,4
243,232,229,229,14,17,15,16,11,3,0,-3,2,-1,-2,3,2,3,1,4
417,417,414,412,20,19,20,21,0,3,2,1,-1,-1,-1,1,1,2,1,4
515,513,510,508,14,14,15,16,2,3,2,0,-1,-1,-2,1,2,3,2,4
951,946,944,942,13,14,12,13,5,2,2,-1,2,-1,0,1,3,2,1,4
517,508,506,510,14,14,13,13,9,2,-4,0,1,0,1,2,2,1,1,4
557,553,548,548,14,14,13,13,4,5,0,0,1,0,1,3,3,1,3,4
689,686,684,684,17,16,18,16,3,2,0,1,-2,2,1,1,2,1,1,4
243,234,227,234,18,17,18,18,9,7,-7,1,-1,0,0,1,1,2,1,4
307,300,295,295,18,19,18,19,7,5,0,-1,1,-1,-1,2,3,3,1,4
670,667,660,663,20,19,20,21,3,7,-3,1,-1,-1,-1,1,2,3,2,4
660,660,658,656,20,19,18,18,0,2,2,1,1,0,2,1,3,2,1,4
754,754,754,754,20,19,18,18,0,0,0,1,1,0,2,1,1,1,1,4
876,871,867,871,21,19,20,18,5,4,-4,2,-1,2,3,3,1,3,3,4
487,478,473,475,14,14,12,13,9,5,-2,0,2,-1,1,3,1,1,2,4
328,323,314,314,18,19,18,19,5,9,0,-1,1,-1,-1,1,3,3,1,4
886,876,871,871,18,17,18,18,10,5,0,1,-1,0,0,1,1,1,1,4
424,421,419,419,17,16,18,16,3,2,0,1,-2,2,1,2,1,2,2,4
279,271,274,276,18,17,18,16,8,-3,-2,1,-1,2,2,2,3,2,1,4
960,956,953,953,20,19,18,18,4,3,0,1,1,0,2,1,1,2,2,4
963,958,953,958,17,16,18,16,5,5,-5,1,-2,2,1,2,2,2,2,4
757,759,752,754,13,14,12,13,-2,7,-2,-1,2,-1,0,2,3,2,1,4
738,731,726,721,20,19,20,18,7,5,5,1,-1,2,2,2,1,1,1,4
925,925,928,928,18,19,18,19,0,-3,0,-1,1,-1,-1,2,2,1,1,4
257,260,253,253,21,19,20,21,-3,7,0,2,-1,-1,0,1,2,1,1,4
276,269,271,267,18,17,18,16,7,-2,4,1,-1,2,2,3,2,1,3,4
215,210,210,210,18,17,18,19,5,0,0,1,-1,-1,-1,3,1,1,1,4
1068,1064,1071,1064,13,16,15,16,4,-7,7,-3,1,-1,-3,1,3,2,1,4
227,213,208,210,14,17,15,16,14,5,-2,-3,2,-1,-2,2,2,2,1,4
454,450,447,445,13,16,15,16,4,3,2,-3,1,-1,-3,3,3,2,1,4
864,839,839,836,18,19,18,18,25,0,3,-1,1,0,0,2,1,3,2,4
522,524,513,513,14,14,15,13,-2,11,0,0,-1,2,1,2,3,2,2,4
499,489,494,494,18,17,18,19,10,-5,0,1,-1,-1,-1,2,2,2,2,4
932,925,928,928,20,19,21,21,7,-3,0,1,-2,0,-1,1,2,1,1,4
288,281,278,274,14,17,15,16,7,3,4,-3,2,-1,-2,2,1,2,2,4
747,743,743,750,17,16,18,16,4,0,-7,1,-2,2,1,2,2,2,1,4
386,382,384,384,20,19,18,18,4,-2,0,1,1,0,2,2,2,1,1,4
916,911,907,909,14,17,15,16,5,4,-2,-3,2,-1,-2,2,2,2,1,4
562,555,548,550,14,14,15,13,7,7,-2,0,-1,2,1,1,2,1,2,4
389,386,389,384,20,19,20,21,3,-3,5,1,-1,-1,-1,1,2,1,1,4
243,234,239,243,14,14,13,13,9,-5,-4,0,1,0,1,1,3,1,1,4
745,745,736,743,17,16,15,16,0,9,-7,1,1,-1,1,3,1,3,2,4
473,475,468,468,17,19,18,18,-2,7,0,-2,1,0,-1,1,2,1,1,4
745,740,738,740,13,14,12,13,5,2,-2,-1,2,-1,0,1,1,2,3,4
288,286,281,281,18,17,18,16,2,5,0,1,-1,2,2,2,1,1,1,4
712,712,712,712,20,19,18,18,0,0,0,1,1,0,2,3,1,1,1,4
487,482,478,478,18,17,18,18,5,4,0,1,-1,0,0,1,1,1,1,4
963,958,958,956,13,14,12,13,5,0,2,-1,2,-1,0,2,2,2,3,4
391,389,389,389,17,16,18,18,2,0,0,1,-2,0,-1,2,1,1,1,4
210,201,203,201,18,17,18,16,9,-2,2,1,-1,2,2,3,1,2,3,4
454,454,452,454,20,19,20,21,0,2,-2,1,-1,-1,-1,1,1,2,1,4
576,574,574,574,14,14,15,13,2,0,0,0,-1,2,1,3,2,2,2,4
543,539,534,539,14,14,15,13,4,5,-5,0,-1,2,1,1,1,1,1,4
637,637,635,635,17,16,18,18,0,2,0,1,-2,0,-1,1,1,2,2,4
206,189,196,196,14,14,15,13,17,-7,0,0,-1,2,1,1,2,1,3,4
1036,1036,1031,1033,13,16,15,16,0,5,-2,-3,1,-1,-3,3,1,1,2,4
984,982,977,977,20,19,20,18,2,5,0,1,-1,2,2,1,2,2,2,4
1068,1073,1073,1073,17,16,18,18,-5,0,0,1,-2,0,-1,1,1,1,3,4
614,611,609,609,21,19,21,21,3,2,0,2,-2,0,0,1,2,1,1,4
567,557,560,564,14,17,15,16,10,-3,-4,-3,2,-1,-2,1,3,2,2,4
998,989,993,993,20,19,18,18,9,-4,0,1,1,0,2,3,1,3,3,4
625,623,618,614,18,17,18,19,2,5,4,1,-1,-1,-1,2,3,1,1,4
248,248,248,250,14,14,15,16,0,0,-2,0,-1,-1,-2,1,1,1,2,4
314,309,300,300,14,14,13,13,5,9,0,0,1,0,1,1,3,3,3,4
600,602,600,597,18,17,18,19,-2,2,3,1,-1,-1,-1,1,2,1,2,4
707,712,712,712,17,16,18,18,-5,0,0,1,-2,0,-1,1,1,1,1,4
487,487,485,489,18,17,18,16,0,2,-4,1,-1,2,2,1,1,2,2,4
443,438,436,433,13,14,15,13,5,2,3,-1,-1,2,0,2,2,1,2,4
234,222,215,227,14,14,13,13,12,7,-12,0,1,0,1,1,2,1,2,4
567,543,539,536,18,19,18,18,24,4,3,-1,1,0,0,1,1,1,2,4
757,750,745,745,13,16,15,16,7,5,0,-3,1,-1,-3,2,3,3,1,4
522,529,522,520,21,19,20,21,-7,7,2,2,-1,-1,0,2,1,2,1,4
881,886,890,893,18,19,20,19,-5,-4,-3,-1,-1,1,-1,3,1,1,2,4
192,192,192,196,18,19,18,19,0,0,-4,-1,1,-1,-1,1,1,1,1,4
506,503,492,496,14,14,15,13,3,11,-4,0,-1,2,1,1,2,3,1,4
974,963,956,960,13,14,15,13,11,7,-4,-1,-1,2,0,1,2,3,1,4
311,302,293,295,14,14,13,13,9,9,-2,0,1,0,1,2,2,2,3,4
789,775,771,778,14,14,12,13,14,4,-7,0,2,-1,1,2,2,2,1,4
239,236,227,234,21,19,20,21,3,9,-7,2,-1,-1,0,3,2,2,1,4
681,682,677,674,13,14,15,13,-1,5,3,-1,-1,2,0,2,2,2,1,4
871,867,869,862,14,14,13,13,4,-2,7,0,1,0,1,1,1,2,3,4
196,192,192,192,21,19,21,21,4,0,0,2,-2,0,0,1,1,1,1,4
508,503,503,506,14,17,15,16,5,0,-3,-3,2,-1,-2,2,2,2,1,4
893,886,886,883,14,14,13,13,7,0,3,0,1,0,1,2,1,1,2,4
740,745,738,738,13,14,12,13,-5,7,0,-1,2,-1,0,3,3,2,2,4
621,618,614,616,14,17,15,16,3,4,-2,-3,2,-1,-2,2,3,1,2,4
203,192,194,196,14,14,13,13,11,-2,-2,0,1,0,1,2,1,2,1,4
928,923,921,916,18,19,18,19,5,2,5,-1,1,-1,-1,1,1,2,2,4
782,778,768,773,18,16,18,16,4,10,-5,2,-2,2,2,1,1,3,1,4
527,520,494,520,18,17,18,19,7,26,-26,1,-1,-1,-1,2,1,2,1,4
424,426,424,424,17,16,18,18,-2,2,0,1,-2,0,-1,2,1,2,2,4
1007,1003,1003,1000,17,16,18,18,4,0,3,1,-2,0,-1,1,1,1,2,4
764,764,757,754,13,14,15,16,0,7,3,-1,-1,-1,-3,3,3,2,1,4
822,817,820,820,14,17,15,16,5,-3,0,-3,2,-1,-2,2,2,3,1,4
972,970,965,970,13,14,12,13,2,5,-5,-1,2,-1,0,2,3,1,1,4
1012,1007,1005,1005,17,16,18,21,5,2,0,1,-2,-3,-4,1,1,2,2,4
433,436,431,431,17,16,18,16,-3,5,0,1,-2,2,1,2,1,3,1,4
736,728,736,733,13,14,12,13,8,-8,3,-1,2,-1,0,3,2,1,2,4
642,635,637,637,17,16,15,16,7,-2,0,1,1,-1,1,3,2,3,1,4
255,250,248,253,18,17,18,16,5,2,-5,1,-1,2,2,2,2,1,1,4
224,220,220,220,14,14,15,16,4,0,0,0,-1,-1,-2,1,3,1,1,4
914,909,883,914,18,17,15,16,5,26,-31,1,2,-1,2,1,3,2,3,4
431,433,436,436,13,14,12,13,-2,-3,0,-1,2,-1,0,3,2,1,1,4
389,384,384,384,17,16,15,16,5,0,0,1,1,-1,1,3,1,3,1,4
1007,1003,1003,1003,20,19,20,21,4,0,0,1,-1,-1,-1,1,1,1,1,4
738,731,726,724,13,14,12,13,7,5,2,-1,2,-1,0,2,3,1,2,4
459,454,450,447,13,14,15,13,5,4,3,-1,-1,2,0,1,3,3,2,4
921,914,914,914,14,17,15,16,7,0,0,-3,2,-1,-2,2,1,1,1,4
398,393,391,384,13,14,12,13,5,2,7,-1,2,-1,0,3,1,2,3,4
553,543,534,539,14,17,15,16,10,9,-5,-3,2,-1,-2,1,1,1,3,4
281,276,276,276,21,19,20,18,5,0,0,2,-1,2,3,1,3,1,1,4
787,782,778,778,18,19,18,18,5,4,0,-1,1,0,0,1,1,1,1,4
196,187,192,192,18,17,18,19,9,-5,0,1,-1,-1,-1,3,1,1,1,4
546,541,541,543,18,17,18,16,5,0,-2,1,-1,2,2,2,2,2,3,4
185,182,1078,1078,14,17,15,16,3,-896,0,-3,2,-1,-2,2,1,1,1,4
998,991,991,991,13,14,15,13,7,0,0,-1,-1,2,0,1,2,2,2,4
452,447,450,450,13,14,12,13,5,-3,0,-1,2,-1,0,2,2,1,1,4
928,916,916,914,14,17,15,16,12,0,2,-3,2,-1,-2,1,2,2,1,4
379,370,374,374,17,16,18,16,9,-4,0,1,-2,2,1,3,1,3,1,4
660,658,653,660,20,19,20,21,2,5,-7,1,-1,-1,-1,1,2,2,1,4
864,862,860,860,14,14,13,13,2,2,0,0,1,0,1,2,3,2,2,4
206,192,189,189,18,19,18,19,14,3,0,-1,1,-1,-1,3,1,2,2,4
286,281,281,276,18,17,18,16,5,0,5,1,-1,2,2,3,3,3,1,4
581,574,574,576,14,14,15,16,7,0,-2,0,-1,-1,-2,1,2,2,3,4
876,869,881,886,21,19,20,21,7,-12,-5,2,-1,-1,0,3,2,1,1,4
593,588,586,586,18,19,18,19,5,2,0,-1,1,-1,-1,2,2,1,1,4
827,820,815,815,21,19,20,19,7,5,0,2,-1,1,2,2,1,1,1,4
621,609,602,600,18,19,18,19,12,7,2,-1,1,-1,-1,2,1,2,1,4
736,736,728,728,17,16,18,16,0,8,0,1,-2,2,1,3,1,2,2,4
344,337,332,337,20,19,20,18,7,5,-5,1,-1,2,2,2,1,1,1,4
911,900,904,904,18,17,18,19,11,-4,0,1,-1,-1,-1,2,1,1,1,4
900,895,893,895,21,19,20,21,5,2,-2,2,-1,-1,0,3,3,2,1,4
822,815,817,820,18,17,18,16,7,-2,-3,1,-1,2,2,2,1,2,1,4
494,487,499,508,18,19,18,19,7,-12,-9,-1,1,-1,-1,2,1,2,2,4
1045,1043,1036,1033,20,19,20,18,2,7,3,1,-1,2,2,1,2,1,2,4
1071,1064,1068,1068,17,16,18,18,7,-4,0,1,-2,0,-1,2,1,1,1,4
900,904,900,900,14,14,13,13,-4,4,0,0,1,0,1,3,1,1,3,4
764,759,764,764,20,19,20,21,5,-5,0,1,-1,-1,-1,3,3,1,1,4
381,379,374,377,13,14,15,13,2,5,-3,-1,-1,2,0,2,1,1,2,4
452,445,436,438,17,16,18,16,7,9,-2,1,-2,2,1,2,3,1,2,4
937,928,923,923,13,14,13,13,9,5,0,-1,1,0,0,1,1,1,1,4
907,904,911,916,18,19,18,19,3,-7,-5,-1,1,-1,-1,2,1,2,2,4
187,185,182,182,18,19,18,19,2,3,0,-1,1,-1,-1,1,2,1,1,4
822,824,822,824,14,14,15,13,-2,2,-2,0,-1,2,1,2,3,2,1,4
785,768,761,764,14,14,12,13,17,7,-3,0,2,-1,1,2,1,2,1,4
810,808,810,808,21,19,20,19,2,-2,2,2,-1,1,2,1,2,1,2,4
187,187,182,185,18,17,18,16,0,5,-3,1,-1,2,2,3,1,1,2,4
857,848,853,853,14,17,15,16,9,-5,0,-3,2,-1,-2,3,3,1,1,4
1064,1068,1064,1064,17,16,18,16,-4,4,0,1,-2,2,1,1,1,1,3,4
1012,1005,1005,1010,13,14,15,13,7,0,-5,-1,-1,2,0,3,2,2,2,4
674,672,674,672,13,14,15,16,2,-2,2,-1,-1,-1,-3,3,2,3,2,4
487,482,473,473,18,17,18,18,5,9,0,1,-1,0,0,3,1,1,1,4
635,625,625,625,13,14,15,16,10,0,0,-1,-1,-1,-3,2,2,2,2,4
729,724,726,726,17,16,18,18,5,-2,0,1,-2,0,-1,2,2,3,1,4
1021,1017,1012,1019,13,14,15,13,4,5,-7,-1,-1,2,0,1,3,1,2,4
426,417,417,417,20,19,18,18,9,0,0,1,1,0,2,1,3,1,1,4
257,250,253,248,14,14,13,13,7,-3,5,0,1,0,1,1,2,3,1,4
363,356,351,346,13,14,12,13,7,5,5,-1,2,-1,0,2,3,1,1,4
534,524,522,524,14,17,15,16,10,2,-2,-3,2,-1,-2,1,1,2,3,4
782,773,773,778,14,14,15,13,9,0,-5,0,-1,2,1,1,3,1,1,4
403,403,405,410,13,14,15,13,0,-2,-5,-1,-1,2,0,3,3,2,2,4
485,475,473,478,14,16,15,16,10,2,-5,-2,1,-1,-2,2,2,1,1,4
674,677,667,672,20,19,20,18,-3,10,-5,1,-1,2,2,3,2,2,2,4
210,208,206,206,14,17,15,16,2,2,0,-3,2,-1,-2,1,2,1,1,4
588,590,586,588,18,19,18,19,-2,4,-2,-1,1,-1,-1,2,3,3,2,4
665,663,665,663,17,16,18,16,2,-2,2,1,-2,2,1,1,2,3,2,4
321,318,316,311,14,14,15,16,3,2,5,0,-1,-1,-2,2,3,2,2,4
574,567,564,562,14,14,15,13,7,3,2,0,-1,2,1,2,3,2,1,4
281,269,267,267,14,14,13,13,12,2,0,0,1,0,1,1,2,1,1,4
817,815,810,810,14,14,13,13,2,5,0,0,1,0,1,2,3,1,3,4
778,775,773,771,13,16,15,16,3,2,2,-3,1,-1,-3,1,2,3,2,4
234,234,227,229,18,19,18,19,0,7,-2,-1,1,-1,-1,1,3,2,1,4
696,689,689,689,20,19,18,18,7,0,0,1,1,0,2,2,1,1,1,4
379,377,374,393,17,19,18,18,2,3,-19,-2,1,0,-1,1,2,1,1,4
274,267,267,267,14,17,15,16,7,0,0,-3,2,-1,-2,2,1,1,1,4
262,253,250,248,18,19,18,18,9,3,2,-1,1,0,0,1,3,2,1,4
614,611,609,609,14,14,15,13,3,2,0,0,-1,2,1,1,2,1,3,4
433,433,426,426,13,14,15,13,0,7,0,-1,-1,2,0,2,2,1,1,4
611,602,607,604,14,14,15,13,9,-5,3,0,-1,2,1,2,2,2,1,4
323,311,309,314,18,17,18,16,12,2,-5,1,-1,2,2,3,2,1,1,4
466,464,461,459,20,19,20,21,2,3,2,1,-1,-1,-1,2,1,2,1,4
283,283,271,271,18,17,18,16,0,12,0,1,-1,2,2,2,2,3,1,4
595,593,588,593,18,17,18,16,2,5,-5,1,-1,2,2,1,2,2,2,4
897,893,890,888,14,17,15,16,4,3,2,-3,2,-1,-2,2,2,1,2,4
977,974,967,972,13,14,15,13,3,7,-5,-1,-1,2,0,2,1,2,2,4
981,979,974,979,17,16,18,18,2,5,-5,1,-2,0,-1,2,3,1,1,4
632,625,623,623,17,17,18,19,7,2,0,0,-1,-1,-2,1,2,3,1,4
836,832,829,834,14,14,15,13,4,3,-5,0,-1,2,1,2,2,3,1,4
600,595,590,586,21,19,20,19,5,5,4,2,-1,1,2,1,1,1,1,4
1017,1012,1012,1012,17,16,18,18,5,0,0,1,-2,0,-1,1,1,1,1,4
520,513,508,499,14,14,15,13,7,5,9,0,-1,2,1,1,2,2,2,4
239,234,234,234,18,17,18,18,5,0,0,1,-1,0,0,1,1,1,1,4
487,478,478,478,18,16,18,18,9,0,0,2,-2,0,0,1,1,1,1,4
595,590,595,590,18,19,18,19,5,-5,5,-1,1,-1,-1,1,1,3,1,4
925,918,918,918,21,19,21,19,7,0,0,2,-2,2,2,2,1,3,1,4
262,255,248,243,14,19,15,16,7,7,5,-5,4,-1,-2,1,2,1,1,4
949,946,942,939,13,14,15,16,3,4,3,-1,-1,-1,-3,2,1,3,2,4
567,562,560,557,14,17,15,16,5,2,3,-3,2,-1,-2,3,1,2,1,4
754,750,745,750,13,14,15,13,4,5,-5,-1,-1,2,0,3,1,1,3,4
1026,1021,1012,1014,13,14,12,13,5,9,-2,-1,2,-1,0,1,3,1,2,4
297,297,288,293,14,17,15,16,0,9,-5,-3,2,-1,-2,2,2,2,2,4
185,1073,1073,1073,14,14,15,13,-888,0,0,0,-1,2,1,2,3,1,1,4
843,839,836,841,18,17,18,18,4,3,-5,1,-1,0,0,1,1,2,2,4
607,597,600,600,18,19,18,19,10,-3,0,-1,1,-1,-1,2,2,1,1,4
843,853,829,834,14,14,13,13,-10,24,-5,0,1,0,1,3,1,3,1,4
414,421,421,421,17,16,18,16,-7,0,0,1,-2,2,1,2,3,1,1,4
325,323,323,323,21,19,21,19,2,0,0,2,-2,2,2,2,1,1,1,4
374,365,363,356,13,14,12,13,9,2,7,-1,2,-1,0,1,1,2,1,4
907,909,902,900,18,19,18,19,-2,7,2,-1,1,-1,-1,2,3,2,1,4
297,295,295,297,18,17,18,16,2,0,-2,1,-1,2,2,2,1,3,2,4
1031,1026,1026,1028,17,19,18,18,5,0,-2,-2,1,0,-1,1,1,1,2,4
564,564,560,560,14,14,13,13,0,4,0,0,1,0,1,2,2,2,2,4
750,750,745,745,20,19,18,18,0,5,0,1,1,0,2,3,1,1,1,4
726,721,714,712,13,14,12,13,5,7,2,-1,2,-1,0,1,3,2,3,4
1045,1043,1040,1033,20,19,20,18,2,3,7,1,-1,2,2,1,2,3,2,4
977,974,974,974,17,16,15,16,3,0,0,1,1,-1,1,2,1,1,1,4
349,339,344,349,17,16,18,18,10,-5,-5,1,-2,0,-1,2,2,2,2,4
1059,1057,1054,1052,17,19,18,18,2,3,2,-2,1,0,-1,1,2,3,2,4
618,609,611,609,18,17,18,19,9,-2,2,1,-1,-1,-1,3,1,2,1,4
239,229,227,229,14,14,13,13,10,2,-2,0,1,0,1,1,3,2,1,4
311,304,302,302,14,17,15,16,7,2,0,-3,2,-1,-2,2,1,2,2,4
403,400,393,398,13,14,15,16,3,7,-5,-1,-1,-1,-3,1,2,1,3,4
328,325,323,328,14,14,13,13,3,2,-5,0,1,0,1,1,2,3,1,4
255,246,248,250,14,14,13,13,9,-2,-2,0,1,0,1,2,2,1,2,4
726,726,719,719,17,16,15,16,0,7,0,1,1,-1,1,1,1,2,2,4
187,187,182,182,18,17,18,16,0,5,0,1,-1,2,2,3,1,1,1,4
733,726,719,717,13,14,15,13,7,7,2,-1,-1,2,0,2,1,2,3,4
250,234,229,224,18,17,18,16,16,5,5,1,-1,2,2,2,1,3,1,4
531,527,520,520,18,17,18,19,4,7,0,1,-1,-1,-1,2,2,1,1,4
534,536,536,532,14,14,13,13,-2,0,4,0,1,0,1,3,2,2,2,4
227,227,229,224,21,19,20,21,0,-2,5,2,-1,-1,0,2,2,1,3,4
764,766,757,761,17,16,15,16,-2,9,-4,1,1,-1,1,1,2,2,2,4
447,447,445,443,20,19,18,18,0,2,2,1,1,0,2,2,2,1,2,4
571,560,560,557,18,19,18,18,11,0,3,-1,1,0,0,1,2,2,1,4
342,344,335,337,13,16,15,16,-2,9,-2,-3,1,-1,-3,3,2,2,1,4
403,391,382,379,17,16,18,18,12,9,3,1,-2,0,-1,1,2,2,3,4
281,278,267,271,14,14,13,13,3,11,-4,0,1,0,1,1,2,3,3,4
293,278,281,276,18,19,18,18,15,-3,5,-1,1,0,0,2,2,1,1,4
813,810,810,810,14,17,15,16,3,0,0,-3,2,-1,-2,2,3,1,1,4
374,370,365,367,13,14,12,13,4,5,-2,-1,2,-1,0,3,3,1,2,4
696,684,674,677,20,19,20,21,12,10,-3,1,-1,-1,-1,2,3,3,2,4
876,871,871,867,21,19,20,18,5,0,4,2,-1,2,3,1,3,1,1,4
609,604,597,597,14,14,13,13,5,7,0,0,1,0,1,3,1,2,2,4
185,1073,1068,1066,14,14,15,16,-888,5,2,0,-1,-1,-2,2,3,1,2,4
574,569,567,567,18,17,18,18,5,2,0,1,-1,0,0,2,2,1,1,4
801,796,806,796,18,19,20,19,5,-10,10,-1,-1,1,-1,3,3,1,1,4
496,485,485,482,14,14,13,13,11,0,3,0,1,0,1,1,2,2,1,4
356,351,346,346,13,14,12,13,5,5,0,-1,2,-1,0,3,3,1,1,4
450,424,421,421,17,16,18,18,26,3,0,1,-2,0,-1,1,2,1,1,4
1064,1066,1061,1059,20,19,18,18,-2,5,2,1,1,0,2,1,2,2,1,4
918,914,914,914,21,19,21,19,4,0,0,2,-2,2,2,1,1,1,1,4
227,220,215,213,21,19,20,19,7,5,2,2,-1,1,2,2,3,1,2,4
1031,1033,1031,1026,13,14,12,13,-2,2,5,-1,2,-1,0,3,2,1,1,4
609,602,602,600,14,14,13,13,7,0,2,0,1,0,1,1,2,2,3,4
867,867,867,864,18,19,18,18,0,0,3,-1,1,0,0,1,1,1,2,4
510,506,503,506,18,19,18,19,4,3,-3,-1,1,-1,-1,1,1,2,1,4
623,611,616,616,14,17,15,16,12,-5,0,-3,2,-1,-2,1,2,2,2,4
883,888,888,886,21,19,20,21,-5,0,2,2,-1,-1,0,2,2,2,1,4
199,199,199,196,21,19,21,21,0,0,3,2,-2,0,0,2,2,2,1,4
914,907,902,904,18,19,18,19,7,5,-2,-1,1,-1,-1,1,2,2,1,4
625,625,623,625,14,14,13,13,0,2,-2,0,1,0,1,2,2,1,2,4
222,217,213,215,14,14,13,13,5,4,-2,0,1,0,1,2,2,2,1,4
433,431,431,428,17,19,18,18,2,0,3,-2,1,0,-1,2,1,1,2,4
267,262,260,264,14,14,13,13,5,2,-4,0,1,0,1,3,3,2,2,4
210,208,206,210,18,17,18,16,2,2,-4,1,-1,2,2,1,2,1,1,4
1031,1033,1033,1031,17,16,15,16,-2,0,2,1,1,-1,1,1,2,2,1,4
363,358,353,353,13,14,15,13,5,5,0,-1,-1,2,0,2,2,2,2,4
316,314,316,316,21,19,21,21,2,-2,0,2,-2,0,0,2,1,2,2,4
302,288,295,295,14,14,15,13,14,-7,0,0,-1,2,1,2,2,1,1,4
381,382,379,379,13,14,12,13,-1,3,0,-1,2,-1,0,2,2,1,3,4
262,257,253,250,18,19,20,18,5,4,3,-1,-1,2,0,1,1,3,2,4
799,796,785,789,21,19,21,21,3,11,-4,2,-2,0,0,2,1,2,2,4
520,517,515,454,14,14,15,21,3,2,61,0,-1,-6,-7,3,2,1,1,4
325,325,321,323,14,14,13,13,0,4,-2,0,1,0,1,2,2,2,1,4
199,185,1075,1073,14,17,15,16,14,-890,2,-3,2,-1,-2,2,2,2,1,4
194,196,192,194,21,19,21,21,-2,4,-2,2,-2,0,0,2,1,1,2,4
257,257,253,250,18,19,18,18,0,4,3,-1,1,0,0,1,3,1,2,4
813,810,810,810,21,19,20,21,3,0,0,2,-1,-1,0,2,3,1,1,4
740,728,726,731,13,14,12,13,12,2,-5,-1,2,-1,0,1,2,3,3,4
822,817,815,817,18,19,18,19,5,2,-2,-1,1,-1,-1,2,2,1,2,4
996,986,979,986,13,14,12,13,10,7,-7,-1,2,-1,0,2,2,1,2,4
604,595,590,595,14,17,15,16,9,5,-5,-3,2,-1,-2,1,1,1,1,4
579,574,569,574,18,19,18,18,5,5,-5,-1,1,0,0,2,2,2,2,4
510,508,501,499,14,14,13,13,2,7,2,0,1,0,1,3,2,3,2,4
834,836,836,829,14,14,15,16,-2,0,7,0,-1,-1,-2,3,2,2,3,4
1000,1000,996,998,13,14,12,13,0,4,-2,-1,2,-1,0,2,2,2,1,4
965,963,956,960,13,14,15,13,2,7,-4,-1,-1,2,0,1,2,1,3,4
534,529,534,527,21,19,20,21,5,-5,7,2,-1,-1,0,1,1,1,2,4
752,747,740,750,13,14,12,13,5,7,-10,-1,2,-1,0,2,2,1,1,4
689,686,684,684,17,16,18,18,3,2,0,1,-2,0,-1,1,2,1,1,4
192,187,185,185,18,17,18,16,5,2,0,1,-1,2,2,1,1,2,2,4
534,534,527,529,18,19,18,19,0,7,-2,-1,1,-1,-1,1,1,2,1,4
946,946,949,949,13,14,12,13,0,-3,0,-1,2,-1,0,3,1,2,2,4
1003,1000,998,998,13,14,15,13,3,2,0,-1,-1,2,0,1,2,1,1,4
215,210,210,208,18,17,18,16,5,0,2,1,-1,2,2,1,1,3,2,4
562,553,548,548,14,14,13,13,9,5,0,0,1,0,1,1,3,1,1,4
1078,1073,1073,1073,17,16,15,16,5,0,0,1,1,-1,1,1,1,1,1,4
494,492,487,487,14,17,15,16,2,5,0,-3,2,-1,-2,2,1,1,1,4
1075,1071,1071,1078,20,19,20,21,4,0,-7,1,-1,-1,-1,2,2,2,1,4
210,201,201,201,14,14,15,16,9,0,0,0,-1,-1,-2,1,3,1,1,4
1036,1033,1031,1024,17,19,18,18,3,2,7,-2,1,0,-1,1,2,1,2,4
977,974,974,970,17,19,18,18,3,0,4,-2,1,0,-1,2,1,3,3,4
792,787,789,787,21,19,21,21,5,-2,2,2,-2,0,0,3,3,2,1,4
239,236,239,234,18,17,18,18,3,-3,5,1,-1,0,0,1,2,3,1,4
834,820,820,822,14,17,15,16,14,0,-2,-3,2,-1,-2,1,1,3,2,4
907,902,907,900,14,14,13,13,5,-5,7,0,1,0,1,2,2,2,1,4
986,989,984,982,17,16,15,16,-3,5,2,1,1,-1,1,2,1,1,2,4
937,932,928,935,13,14,15,13,5,4,-7,-1,-1,2,0,1,1,1,2,4
571,557,553,550,18,19,18,18,14,4,3,-1,1,0,0,3,1,1,2,4
199,199,196,194,18,19,18,19,0,3,2,-1,1,-1,-1,2,2,1,2,4
918,916,914,916,21,19,21,19,2,2,-2,2,-2,2,2,1,2,1,2,4
618,616,614,614,18,17,18,19,2,2,0,1,-1,-1,-1,1,2,1,1,4
996,1000,998,998,17,19,18,18,-4,2,0,-2,1,0,-1,2,2,3,1,4
893,886,886,886,18,17,18,19,7,0,0,1,-1,-1,-1,2,1,1,1,4
571,571,557,560,14,14,13,13,0,14,-3,0,1,0,1,1,1,1,2,4
635,632,623,625,20,19,21,21,3,9,-2,1,-2,0,-1,2,1,1,2,4
274,267,267,267,14,14,15,13,7,0,0,0,-1,2,1,2,1,1,1,4
421,417,417,417,20,19,20,21,4,0,0,1,-1,-1,-1,3,1,1,1,4
447,445,426,433,13,14,12,13,2,19,-7,-1,2,-1,0,2,1,1,2,4
860,857,857,853,21,19,20,18,3,0,4,2,-1,2,3,2,1,1,1,4
290,286,286,283,14,14,13,13,4,0,3,0,1,0,1,1,3,1,2,4
991,996,986,993,20,19,18,18,-5,10,-7,1,1,0,2,2,2,2,1,4
799,796,792,794,18,17,18,16,3,4,-2,1,-1,2,2,2,3,1,2,4
761,759,757,759,13,14,15,13,2,2,-2,-1,-1,2,0,2,3,2,1,4
855,848,843,846,18,17,18,16,7,5,-3,1,-1,2,2,2,3,1,2,4
201,196,201,201,18,19,18,19,5,-5,0,-1,1,-1,-1,1,3,1,1,4
187,1078,1078,1078,18,16,18,16,-891,0,0,2,-2,2,2,1,1,1,1,4
250,234,241,234,18,17,18,16,16,-7,7,1,-1,2,2,2,3,2,1,4
215,210,206,206,21,19,20,19,5,4,0,2,-1,1,2,1,1,1,1,4
916,904,904,904,14,17,15,16,12,0,0,-3,2,-1,-2,2,3,1,1,4
426,417,417,421,17,16,18,18,9,0,-4,1,-2,0,-1,1,3,3,1,4
656,646,637,642,13,14,15,13,10,9,-5,-1,-1,2,0,1,3,3,1,4
206,199,196,196,14,17,15,16,7,3,0,-3,2,-1,-2,1,2,3,1,4
1071,1068,1071,1071,17,16,18,18,3,-3,0,1,-2,0,-1,2,1,2,2,4
189,187,182,182,21,19,21,19,2,5,0,2,-2,2,2,2,1,1,1,4
283,283,283,286,14,14,13,13,0,0,-3,0,1,0,1,2,2,2,1,4
736,736,731,731,20,19,20,18,0,5,0,1,-1,2,2,1,1,1,1,4
255,253,250,253,14,14,13,13,2,3,-3,0,1,0,1,2,3,2,1,4
597,590,586,588,14,14,13,13,7,4,-2,0,1,0,1,2,3,1,2,4
257,260,257,253,14,17,15,16,-3,3,4,-3,2,-1,-2,3,2,1,3,4
510,506,506,501,14,14,13,13,4,0,5,0,1,0,1,1,1,3,1,4
754,750,750,754,20,19,18,18,4,0,-4,1,1,0,2,3,1,3,1,4
719,719,717,721,20,19,18,18,0,2,-4,1,1,0,2,2,2,1,1,4
907,902,895,895,14,14,15,13,5,7,0,0,-1,2,1,2,2,1,1,4
886,878,886,883,18,17,18,19,8,-8,3,1,-1,-1,-1,3,2,3,2,4
243,248,243,241,14,14,15,13,-5,5,2,0,-1,2,1,1,3,3,2,4
365,360,360,360,17,16,15,16,5,0,0,1,1,-1,1,1,1,1,1,4
276,267,269,271,14,14,15,13,9,-2,-2,0,-1,2,1,1,3,2,1,4
1017,1017,1014,1017,17,16,15,16,0,3,-3,1,1,-1,1,3,1,2,1,4
670,667,663,663,17,16,15,16,3,4,0,1,1,-1,1,1,2,2,2,4
794,789,789,792,21,19,21,21,5,0,-3,2,-2,0,0,2,2,2,1,4
1031,1031,1026,1021,13,16,15,16,0,5,5,-3,1,-1,-3,1,1,1,1,4
857,853,855,857,14,14,15,13,4,-2,-2,0,-1,2,1,1,3,2,1,4
257,260,253,253,21,19,20,21,-3,7,0,2,-1,-1,0,1,2,1,1,4
642,639,637,637,13,14,12,13,3,2,0,-1,2,-1,0,3,2,1,1,4
853,848,843,841,18,19,20,18,5,5,2,-1,-1,2,0,1,1,1,2,4
1007,1010,1000,1003,20,19,20,21,-3,10,-3,1,-1,-1,-1,1,2,2,1,4
196,189,192,192,14,14,13,13,7,-3,0,0,1,0,1,3,2,1,3,4
492,487,487,489,14,17,15,16,5,0,-2,-3,2,-1,-2,1,3,3,2,4
665,670,667,665,17,19,18,18,-5,3,2,-2,1,0,-1,3,1,2,1,4
932,932,928,928,20,19,18,19,0,4,0,1,1,-1,1,1,1,1,1,4
1059,1057,1052,1050,13,14,15,13,2,5,2,-1,-1,2,0,1,2,2,1,4
810,806,810,806,14,14,15,13,4,-4,4,0,-1,2,1,1,3,3,3,4
829,820,829,829,14,17,15,16,9,-9,0,-3,2,-1,-2,3,1,3,1,4
393,389,379,374,20,19,20,21,4,10,5,1,-1,-1,-1,3,1,1,3,4
236,210,210,227,14,14,15,16,26,0,-17,0,-1,-1,-2,2,1,1,2,4
665,663,660,658,17,16,15,16,2,3,2,1,1,-1,1,3,2,1,2,4
935,925,928,928,20,19,21,21,10,-3,0,1,-2,0,-1,2,2,1,1,4
935,925,928,925,17,17,18,19,10,-3,3,0,-1,-1,-2,2,2,1,2,4
806,796,794,792,14,14,15,13,10,2,2,0,-1,2,1,1,3,2,1,4
745,740,738,738,20,19,20,21,5,2,0,1,-1,-1,-1,1,1,2,2,4
295,293,295,295,18,17,18,19,2,-2,0,1,-1,-1,-1,1,2,1,1,4
928,925,923,923,14,14,15,16,3,2,0,0,-1,-1,-2,1,2,1,1,4
1010,1010,1003,1003,20,19,18,18,0,7,0,1,1,0,2,2,2,1,1,4
1017,1014,1017,1012,20,19,20,18,3,-3,5,1,-1,2,2,1,2,1,1,4
862,862,855,857,18,19,18,18,0,7,-2,-1,1,0,0,3,1,2,1,4
824,817,820,817,14,14,13,13,7,-3,3,0,1,0,1,1,2,3,2,4
794,792,782,785,14,17,15,16,2,10,-3,-3,2,-1,-2,2,1,1,2,4
998,998,993,993,20,19,20,18,0,5,0,1,-1,2,2,3,3,1,1,4
429,424,421,421,17,16,18,18,5,3,0,1,-2,0,-1,2,2,1,1,4
794,785,778,785,14,14,15,13,9,7,-7,0,-1,2,1,2,2,1,2,4
944,944,942,939,17,16,15,16,0,2,3,1,1,-1,1,2,2,1,2,4
443,440,438,440,13,14,12,13,3,2,-2,-1,2,-1,0,2,3,2,1,4
457,459,454,450,17,19,18,18,-2,5,4,-2,1,0,-1,2,1,3,1,4
307,295,295,295,14,14,13,13,12,0,0,0,1,0,1,2,1,1,1,4
679,679,677,677,17,16,15,16,0,2,0,1,1,-1,1,1,1,2,2,4
888,886,883,886,14,14,15,13,2,3,-3,0,-1,2,1,2,1,2,1,4
414,417,412,412,13,14,12,13,-3,5,0,-1,2,-1,0,2,3,1,1,4
951,946,942,944,13,14,15,13,5,4,-2,-1,-1,2,0,3,3,3,2,4
543,543,539,543,21,19,20,21,0,4,-4,2,-1,-1,0,1,3,1,1,4
646,642,646,642,17,19,18,18,4,-4,4,-2,1,0,-1,3,3,1,1,4
360,351,351,351,20,19,20,18,9,0,0,1,-1,2,2,3,1,1,1,4
288,276,281,283,21,19,20,21,12,-5,-2,2,-1,-1,0,2,1,1,2,4
632,625,628,628,17,17,18,19,7,-3,0,0,-1,-1,-2,1,2,1,1,4
353,351,346,344,17,16,15,16,2,5,2,1,1,-1,1,2,1,1,2,4
433,438,431,431,20,19,20,21,-5,7,0,1,-1,-1,-1,2,2,1,1,4
813,803,789,794,14,14,15,13,10,14,-5,0,-1,2,1,2,2,2,2,4
531,524,524,532,14,17,15,16,7,0,-8,-3,2,-1,-2,2,1,1,2,4
989,991,991,989,13,14,12,13,-2,0,2,-1,2,-1,0,3,2,2,3,4
206,201,201,201,18,17,18,16,5,0,0,1,-1,2,2,1,1,3,1,4
210,201,196,196,14,14,15,13,9,5,0,0,-1,2,1,3,1,3,1,4
215,208,210,210,18,19,18,19,7,-2,0,-1,1,-1,-1,3,2,1,1,4
925,914,918,923,14,14,15,13,11,-4,-5,0,-1,2,1,2,1,1,1,4
721,721,724,724,13,14,12,13,0,-3,0,-1,2,-1,0,1,3,2,2,4
253,243,241,241,18,19,18,18,10,2,0,-1,1,0,0,1,1,2,2,4
407,405,398,403,13,14,12,13,2,7,-5,-1,2,-1,0,3,2,1,1,4
286,283,278,281,18,17,18,19,3,5,-3,1,-1,-1,-1,1,2,2,1,4
541,536,532,529,21,19,20,21,5,4,3,2,-1,-1,0,2,2,2,3,4
794,792,792,789,14,14,13,13,2,0,3,0,1,0,1,2,1,3,2,4
360,353,346,351,13,14,12,13,7,7,-5,-1,2,-1,0,3,2,3,3,4
703,700,703,707,17,16,18,16,3,-3,-4,1,-2,2,1,1,2,3,1,4
946,942,942,935,13,14,12,13,4,0,7,-1,2,-1,0,3,1,1,2,4
839,834,827,829,14,14,13,13,5,7,-2,0,1,0,1,3,3,2,1,4
984,979,979,977,17,16,18,18,5,0,2,1,-2,0,-1,3,1,1,2,4
571,569,567,567,18,19,18,18,2,2,0,-1,1,0,0,1,2,3,1,4
487,475,478,482,21,19,20,19,12,-3,-4,2,-1,1,2,3,2,1,1,4
979,974,974,974,17,16,18,16,5,0,0,1,-2,2,1,1,3,1,1,4
309,302,302,304,18,19,18,19,7,0,-2,-1,1,-1,-1,3,2,2,1,4
951,946,942,946,17,16,18,18,5,4,-4,1,-2,0,-1,1,1,1,3,4
689,689,684,684,17,19,18,18,0,5,0,-2,1,0,-1,1,3,1,1,4
407,400,393,393,17,19,18,18,7,7,0,-2,1,0,-1,3,2,3,1,4
239,220,229,224,21,19,20,21,19,-9,5,2,-1,-1,0,1,1,1,1,4
374,374,370,370,13,14,15,13,0,4,0,-1,-1,2,0,1,3,3,1,4
618,614,604,604,14,14,15,13,4,10,0,0,-1,2,1,1,3,1,1,4
635,632,635,628,13,14,13,13,3,-3,7,-1,1,0,0,2,1,2,1,4
785,787,787,782,18,19,18,19,-2,0,5,-1,1,-1,-1,2,1,3,1,4
295,286,283,286,14,14,15,13,9,3,-3,0,-1,2,1,1,1,2,3,4
684,684,682,684,13,14,15,13,0,2,-2,-1,-1,2,0,1,1,2,1,4
283,276,281,281,14,17,15,16,7,-5,0,-3,2,-1,-2,2,1,1,1,4
267,262,257,260,14,14,13,13,5,5,-3,0,1,0,1,1,3,1,2,4
799,794,794,801,18,19,18,19,5,0,-7,-1,1,-1,-1,2,2,2,1,4
670,670,665,665,13,14,15,13,0,5,0,-1,-1,2,0,3,1,3,1,4
262,257,267,262,18,19,18,18,5,-10,5,-1,1,0,0,1,1,1,1,4
970,970,963,967,20,19,18,18,0,7,-4,1,1,0,2,1,3,2,2,4
1036,1031,1036,1031,20,19,20,18,5,-5,5,1,-1,2,2,3,3,1,1,4
972,972,967,970,20,19,18,18,0,5,-3,1,1,0,2,2,2,2,1,4
344,344,342,342,13,14,12,13,0,2,0,-1,2,-1,0,2,2,1,1,4
839,832,827,829,14,14,13,13,7,5,-2,0,1,0,1,3,2,2,1,4
1007,1012,1012,1012,13,14,12,13,-5,0,0,-1,2,-1,0,3,3,1,1,4
974,967,963,967,13,14,12,13,7,4,-4,-1,2,-1,0,3,2,2,2,4
302,302,295,295,14,14,15,13,0,7,0,0,-1,2,1,2,2,1,1,4
220,220,220,217,18,19,18,19,0,0,3,-1,1,-1,-1,3,3,1,2,4
1000,998,996,993,17,16,18,18,2,2,3,1,-2,0,-1,2,1,2,1,4
487,482,478,478,14,14,15,16,5,4,0,0,-1,-1,-2,1,1,1,1,4
243,234,234,234,14,17,15,16,9,0,0,-3,2,-1,-2,1,3,1,1,4
935,932,928,932,17,16,15,16,3,4,-4,1,1,-1,1,2,1,1,1,4
576,569,569,571,18,17,18,18,7,0,-2,1,-1,0,0,1,2,2,3,4
445,440,445,443,13,14,15,13,5,-5,2,-1,-1,2,0,1,1,1,2,4
871,862,862,864,21,19,20,21,9,0,-2,2,-1,-1,0,1,1,1,2,4
189,185,1075,182,21,19,20,21,4,-890,893,2,-1,-1,0,2,2,2,1,4
215,210,213,210,14,14,15,16,5,-3,3,0,-1,-1,-2,1,1,2,1,4
586,581,581,576,18,19,18,18,5,0,5,-1,1,0,0,1,1,3,1,4
1031,900,897,897,17,14,15,16,131,3,0,3,-1,-1,1,1,3,2,2,4
806,801,801,801,18,19,18,19,5,0,0,-1,1,-1,-1,1,1,1,1,4
250,248,241,246,14,14,13,13,2,7,-5,0,1,0,1,2,1,2,2,4
370,365,365,365,20,19,18,18,5,0,0,1,1,0,2,1,1,1,1,4
206,206,203,203,18,17,18,16,0,3,0,1,-1,2,2,3,1,2,2,4
1054,1052,1050,1050,20,19,20,18,2,2,0,1,-1,2,2,3,2,1,1,4
487,475,473,475,18,19,18,18,12,2,-2,-1,1,0,0,1,2,1,2,4
960,958,956,956,13,14,12,13,2,2,0,-1,2,-1,0,1,2,1,3,4
928,921,916,911,18,17,18,19,7,5,5,1,-1,-1,-1,1,2,2,2,4
440,440,436,436,13,14,15,13,0,4,0,-1,-1,2,0,1,3,1,1,4
707,700,698,700,13,14,12,13,7,2,-2,-1,2,-1,0,3,2,3,2,4
979,979,984,984,13,14,15,13,0,-5,0,-1,-1,2,0,1,1,1,3,4
600,588,576,574,14,14,15,16,12,12,2,0,-1,-1,-2,1,2,1,2,4
210,1061,1059,1059,18,16,18,18,-851,2,0,2,-2,0,0,1,2,1,1,4
187,1075,1075,1073,21,19,20,18,-888,0,2,2,-1,2,3,3,2,2,3,4
862,857,848,860,14,14,13,13,5,9,-12,0,1,0,1,1,1,1,2,4
1043,1040,1040,1045,20,19,20,21,3,0,-5,1,-1,-1,-1,2,1,1,1,4
803,794,794,796,14,17,15,16,9,0,-2,-3,2,-1,-2,2,2,2,1,4
318,309,304,309,18,17,18,16,9,5,-5,1,-1,2,2,1,3,3,1,4
853,848,834,850,14,14,13,13,5,14,-16,0,1,0,1,3,3,1,2,4
965,965,970,970,20,19,18,18,0,-5,0,1,1,0,2,1,1,1,1,4
1040,1033,1031,1028,13,14,15,13,7,2,3,-1,-1,2,0,1,2,3,2,4
1019,1014,1007,1007,20,19,18,18,5,7,0,1,1,0,2,2,2,1,1,4
881,876,876,874,21,19,20,21,5,0,2,2,-1,-1,0,1,3,1,2,4
576,569,562,562,14,14,15,13,7,7,0,0,-1,2,1,1,2,3,3,4
1007,998,989,984,13,14,15,13,9,9,5,-1,-1,2,0,1,1,3,1,4
956,956,953,956,20,19,20,18,0,3,-3,1,-1,2,2,1,1,2,1,4
522,515,506,503,18,17,18,19,7,9,3,1,-1,-1,-1,2,1,3,2,4
1005,1003,1007,1000,13,14,15,13,2,-4,7,-1,-1,2,0,2,3,3,2,4
522,522,522,522,14,14,15,16,0,0,0,0,-1,-1,-2,2,2,2,2,4
506,503,503,506,21,19,20,21,3,0,-3,2,-1,-1,0,1,2,2,3,4
431,431,433,428,17,16,18,18,0,-2,5,1,-2,0,-1,3,3,2,2,4
810,796,796,803,14,17,15,16,14,0,-7,-3,2,-1,-2,1,1,1,2,4
1061,1064,1064,1064,20,19,20,21,-3,0,0,1,-1,-1,-1,2,1,1,1,4
667,665,663,658,17,16,15,16,2,2,5,1,1,-1,1,2,1,2,2,4
989,984,982,989,13,14,12,13,5,2,-7,-1,2,-1,0,3,3,2,1,4
839,832,829,834,14,14,15,13,7,3,-5,0,-1,2,1,3,2,1,1,4
736,738,736,733,20,19,20,21,-2,2,3,1,-1,-1,-1,1,2,1,2,4
581,581,581,581,14,17,15,16,0,0,0,-3,2,-1,-2,3,3,3,1,4
339,337,335,335,13,16,15,16,2,2,0,-3,1,-1,-3,2,1,2,2,4
1033,1040,1019,1031,17,16,15,16,-7,21,-12,1,1,-1,1,2,1,2,1,4
986,984,982,984,13,14,12,13,2,2,-2,-1,2,-1,0,2,1,2,1,4
524,520,515,515,18,19,18,19,4,5,0,-1,1,-1,-1,1,1,1,1,4
850,839,843,841,18,19,18,18,11,-4,2,-1,1,0,0,2,1,1,2,4
1054,1047,1045,1043,20,19,20,21,7,2,2,1,-1,-1,-1,1,2,1,2,4
588,586,581,586,14,14,15,13,2,5,-5,0,-1,2,1,2,1,1,3,4
611,604,602,602,14,14,15,16,7,2,0,0,-1,-1,-2,2,3,2,2,4
1045,1038,1038,1040,17,16,18,16,7,0,-2,1,-2,2,1,1,2,2,1,4
747,747,745,754,20,19,20,18,0,2,-9,1,-1,2,2,2,2,1,1,4
496,496,492,489,18,17,18,19,0,4,3,1,-1,-1,-1,3,1,1,2,4
454,452,450,447,17,16,15,16,2,2,3,1,1,-1,1,1,2,1,2,4
895,895,890,890,18,17,18,19,0,5,0,1,-1,-1,-1,1,1,1,1,4
417,414,412,407,13,14,12,13,3,2,5,-1,2,-1,0,3,2,1,1,4
853,846,846,843,14,17,15,16,7,0,3,-3,2,-1,-2,1,2,2,1,4
831,824,824,827,14,14,13,13,7,0,-3,0,1,0,1,2,1,1,2,4
515,515,515,515,14,14,15,16,0,0,0,0,-1,-1,-2,3,3,3,3,4
998,998,989,996,13,14,15,13,0,9,-7,-1,-1,2,0,1,3,1,2,4
269,257,250,260,14,14,15,13,12,7,-10,0,-1,2,1,2,1,2,2,4
1012,1012,1007,1007,13,14,15,13,0,5,0,-1,-1,2,0,1,1,1,1,4
583,571,569,574,14,14,15,16,12,2,-5,0,-1,-1,-2,2,3,2,2,4
316,304,304,304,21,19,20,21,12,0,0,2,-1,-1,0,2,1,1,1,4
843,834,829,832,18,19,18,19,9,5,-3,-1,1,-1,-1,1,3,3,2,4
560,555,553,557,14,19,15,16,5,2,-4,-5,4,-1,-2,2,2,1,1,4
323,316,309,323,14,17,15,16,7,7,-14,-3,2,-1,-2,3,2,1,1,4
635,625,628,628,20,19,21,21,10,-3,0,1,-2,0,-1,2,2,1,1,4
989,984,984,977,20,19,20,18,5,0,7,1,-1,2,2,1,1,3,2,4
227,220,222,227,18,19,18,19,7,-2,-5,-1,1,-1,-1,2,3,2,2,4
1061,1057,1057,1054,17,16,18,18,4,0,3,1,-2,0,-1,2,2,2,1,4
646,639,646,646,13,14,15,13,7,-7,0,-1,-1,2,0,3,2,1,1,4
555,550,548,546,18,17,18,16,5,2,2,1,-1,2,2,2,2,1,2,4
461,457,454,459,17,16,18,16,4,3,-5,1,-2,2,1,2,2,1,3,4
417,412,410,410,13,14,12,13,5,2,0,-1,2,-1,0,1,1,2,2,4
253,241,246,239,21,19,20,18,12,-5,7,2,-1,2,3,1,2,2,3,4
1036,1033,1031,1036,17,16,18,18,3,2,-5,1,-2,0,-1,1,2,1,1,4
262,253,253,253,21,19,20,18,9,0,0,2,-1,2,3,3,1,1,1,4
628,623,625,623,14,14,15,13,5,-2,2,0,-1,2,1,1,1,2,3,4
307,302,302,307,14,14,15,13,5,0,-5,0,-1,2,1,2,2,2,2,4
710,700,698,707,13,14,12,13,10,2,-9,-1,2,-1,0,2,2,3,3,4
1026,1019,1024,1026,20,19,20,18,7,-5,-2,1,-1,2,2,1,2,2,1,4
745,740,738,736,13,14,12,13,5,2,2,-1,2,-1,0,3,1,2,3,4
632,621,618,621,17,17,18,19,11,3,-3,0,-1,-1,-2,1,2,3,2,4
900,900,897,895,18,17,18,16,0,3,2,1,-1,2,2,3,3,2,3,4
426,433,424,419,13,14,15,13,-7,9,5,-1,-1,2,0,1,2,2,2,4
963,963,960,960,20,19,18,18,0,3,0,1,1,0,2,2,2,3,1,4
642,637,635,637,17,16,15,16,5,2,-2,1,1,-1,1,1,1,2,1,4
421,414,414,417,20,19,20,18,7,0,-3,1,-1,2,2,1,2,2,1,4
998,993,993,993,20,19,20,21,5,0,0,1,-1,-1,-1,1,3,1,1,4
243,236,236,232,14,17,15,16,7,0,4,-3,2,-1,-2,1,2,2,2,4
513,506,506,508,14,17,15,16,7,0,-2,-3,2,-1,-2,2,1,1,2,4
827,815,810,810,18,17,18,19,12,5,0,1,-1,-1,-1,2,1,1,3,4
271,267,269,271,14,17,15,16,4,-2,-2,-3,2,-1,-2,1,1,2,1,4
792,787,782,782,14,17,15,16,5,5,0,-3,2,-1,-2,1,1,1,1,4
953,956,956,951,20,19,20,21,-3,0,5,1,-1,-1,-1,2,1,3,1,4
740,740,733,736,20,19,20,21,0,7,-3,1,-1,-1,-1,1,1,2,1,4
405,400,407,412,13,14,12,13,5,-7,-5,-1,2,-1,0,2,2,3,1,4
389,384,382,384,13,14,15,13,5,2,-2,-1,-1,2,0,3,3,2,3,4
953,953,951,953,13,14,15,16,0,2,-2,-1,-1,-1,-3,2,2,1,2,4
684,679,677,677,13,14,12,13,5,2,0,-1,2,-1,0,3,1,2,2,4
939,939,939,937,20,19,20,18,0,0,2,1,-1,2,2,2,2,2,1,4
949,946,942,944,17,16,15,16,3,4,-2,1,1,-1,1,2,1,1,2,4
262,257,255,257,14,14,15,13,5,2,-2,0,-1,2,1,3,3,2,1,4
841,836,829,829,14,14,13,13,5,7,0,0,1,0,1,2,2,3,3,4
524,520,517,517,14,14,13,13,4,3,0,0,1,0,1,1,3,2,2,4
1050,1050,1045,1045,17,16,15,16,0,5,0,1,1,-1,1,1,1,1,1,4
736,736,738,733,13,14,12,13,0,-2,5,-1,2,-1,0,1,1,2,2,4
194,201,194,194,14,14,13,13,-7,7,0,0,1,0,1,2,3,2,2,4
517,517,515,515,14,14,13,13,0,2,0,0,1,0,1,2,2,1,1,4
520,515,510,508,18,19,18,19,5,5,2,-1,1,-1,-1,1,1,1,2,4
785,787,775,775,14,14,13,13,-2,12,0,0,1,0,1,2,1,2,2,4
370,363,358,360,20,19,18,18,7,5,-2,1,1,0,2,1,2,2,1,4
731,726,726,724,20,19,20,18,5,0,2,1,-1,2,2,3,1,1,2,4
970,967,965,963,20,19,20,18,3,2,2,1,-1,2,2,1,2,1,2,4
213,210,206,203,14,14,13,13,3,4,3,0,1,0,1,2,3,1,2,4
656,656,653,653,20,19,20,21,0,3,0,1,-1,-1,-1,1,1,2,2,4
304,278,278,276,14,17,15,16,26,0,2,-3,2,-1,-2,1,2,2,1,4
656,651,646,646,13,14,12,13,5,5,0,-1,2,-1,0,3,3,3,1,4
778,778,773,773,20,19,20,21,0,5,0,1,-1,-1,-1,1,1,1,1,4
452,452,450,447,13,14,12,13,0,2,3,-1,2,-1,0,2,2,3,2,4
989,989,989,989,17,16,18,16,0,0,0,1,-2,2,1,1,1,1,1,4
1052,1054,1050,1054,20,19,18,18,-2,4,-4,1,1,0,2,2,1,1,1,4
510,506,506,499,14,14,13,13,4,0,7,0,1,0,1,3,1,1,2,4
309,307,300,300,14,14,15,16,2,7,0,0,-1,-1,-2,3,2,1,1,4
450,450,450,450,17,16,15,16,0,0,0,1,1,-1,1,1,1,1,1,4
524,508,503,506,14,14,15,13,16,5,-3,0,-1,2,1,3,2,2,1,4
553,546,543,541,14,14,15,13,7,3,2,0,-1,2,1,3,2,1,2,4
286,276,274,278,18,19,18,19,10,2,-4,-1,1,-1,-1,1,1,2,2,4
1033,1033,1028,1026,13,14,15,13,0,5,2,-1,-1,2,0,2,2,2,3,4
820,817,815,817,14,17,15,16,3,2,-2,-3,2,-1,-2,3,2,1,2,4
328,323,314,318,21,19,21,19,5,9,-4,2,-2,2,2,1,1,1,1,4
384,384,384,379,17,16,18,16,0,0,5,1,-2,2,1,3,3,1,1,4
325,323,318,323,14,14,15,13,2,5,-5,0,-1,2,1,2,3,3,1,4
979,974,970,970,17,16,18,18,5,4,0,1,-2,0,-1,1,3,1,1,4
286,278,276,276,18,17,18,18,8,2,0,1,-1,0,0,3,2,1,3,4
517,510,510,510,14,17,15,16,7,0,0,-3,2,-1,-2,2,3,1,1,4
393,391,389,384,20,19,20,18,2,2,5,1,-1,2,2,1,2,1,1,4
681,677,670,665,17,19,18,18,4,7,5,-2,1,0,-1,2,2,1,1,4
1071,1068,1064,1064,17,16,18,18,3,4,0,1,-2,0,-1,2,1,1,1,4
632,623,628,628,17,17,18,16,9,-5,0,0,-1,2,1,1,3,1,1,4
403,403,414,417,17,16,18,18,0,-11,-3,1,-2,0,-1,1,3,2,1,4
548,541,543,546,14,14,13,13,7,-2,-3,0,1,0,1,1,2,1,2,4
412,412,410,412,20,19,18,18,0,2,-2,1,1,0,2,1,1,2,1,4
302,297,295,297,18,19,18,19,5,2,-2,-1,1,-1,-1,2,2,1,2,4
609,611,609,611,18,17,18,19,-2,2,-2,1,-1,-1,-1,1,2,1,2,4
773,768,726,768,20,19,18,18,5,42,-42,1,1,0,2,1,1,3,1,4
517,513,508,510,18,19,18,19,4,5,-2,-1,1,-1,-1,2,2,2,1,4
393,391,389,421,13,14,12,13,2,2,-32,-1,2,-1,0,3,2,3,1,4
646,642,644,644,20,19,20,21,4,-2,0,1,-1,-1,-1,1,3,2,2,4
393,391,398,398,20,19,20,21,2,-7,0,1,-1,-1,-1,1,2,1,1,4
520,517,513,513,18,17,18,19,3,4,0,1,-1,-1,-1,3,2,2,2,4
1010,1007,1007,1005,17,16,15,16,3,0,2,1,1,-1,1,2,1,1,2,4
829,824,820,820,21,19,20,21,5,4,0,2,-1,-1,0,1,1,1,1,4
944,939,935,925,17,16,18,19,5,4,10,1,-2,-1,-2,2,2,2,2,4
370,370,367,370,17,19,18,18,0,3,-3,-2,1,0,-1,1,1,2,3,4
590,581,576,574,14,17,15,16,9,5,2,-3,2,-1,-2,1,3,1,2,4
623,628,628,628,18,19,18,19,-5,0,0,-1,1,-1,-1,3,1,1,1,4
328,323,323,328,21,19,21,19,5,0,-5,2,-2,2,2,1,1,1,1,4
703,684,684,684,20,19,18,18,19,0,0,1,1,0,2,3,1,3,1,4
625,618,614,616,14,14,13,13,7,4,-2,0,1,0,1,2,3,1,2,4
236,232,236,236,14,14,13,13,4,-4,0,0,1,0,1,2,2,2,2,4
867,864,860,860,14,14,13,13,3,4,0,0,1,0,1,1,2,2,2,4
236,227,227,229,14,17,15,16,9,0,-2,-3,2,-1,-2,2,2,2,1,4
691,686,684,686,17,19,18,18,5,2,-2,-2,1,0,-1,2,2,1,2,4
960,956,958,956,17,16,15,16,4,-2,2,1,1,-1,1,1,1,2,1,4
958,956,951,951,13,16,15,16,2,5,0,-3,1,-1,-3,2,3,1,1,4
944,939,939,937,13,14,15,13,5,0,2,-1,-1,2,0,2,2,2,1,4
864,848,848,848,14,14,13,13,16,0,0,0,1,0,1,2,1,3,3,4
318,318,314,314,21,19,21,21,0,4,0,2,-2,0,0,1,3,1,1,4
909,895,893,893,14,14,13,13,14,2,0,0,1,0,1,3,1,2,2,4
886,881,874,871,14,14,15,16,5,7,3,0,-1,-1,-2,1,1,2,3,4
1017,1010,1012,1012,13,14,15,16,7,-2,0,-1,-1,-1,-3,3,2,3,1,4
318,311,311,311,21,19,21,21,7,0,0,2,-2,0,0,1,2,2,2,4
485,482,482,482,14,14,15,16,3,0,0,0,-1,-1,-2,2,1,1,1,4
405,403,400,410,13,14,12,13,2,3,-10,-1,2,-1,0,2,1,2,2,4
895,893,890,890,21,19,20,19,2,3,0,2,-1,1,2,1,2,1,1,4
714,712,707,707,13,16,15,16,2,5,0,-3,1,-1,-3,2,1,1,1,4
1064,1064,1061,1054,17,16,15,16,0,3,7,1,1,-1,1,1,3,2,1,4
977,977,974,977,13,16,15,16,0,3,-3,-3,1,-1,-3,2,2,3,2,4
639,637,632,632,20,19,20,21,2,5,0,1,-1,-1,-1,2,1,1,1,4
925,923,923,921,14,14,15,13,2,0,2,0,-1,2,1,2,3,1,2,4
1052,1047,1043,1045,20,19,20,18,5,4,-2,1,-1,2,2,2,2,2,1,4
588,576,574,576,14,14,13,13,12,2,-2,0,1,0,1,2,1,2,1,4
426,426,417,414,20,19,20,18,0,9,3,1,-1,2,2,1,3,1,2,4
996,925,923,923,20,19,18,19,71,2,0,1,1,-1,1,2,2,1,1,4
541,424,417,421,14,14,12,13,117,7,-4,0,2,-1,1,2,2,1,1,4
1068,1068,1064,1066,20,19,18,18,0,4,-2,1,1,0,2,1,1,3,2,4
1024,1024,1021,1024,20,19,20,18,0,3,-3,1,-1,2,2,2,2,1,2,4
293,286,286,281,14,14,15,13,7,0,5,0,-1,2,1,2,3,1,1,4
424,421,414,417,13,14,12,13,3,7,-3,-1,2,-1,0,2,1,2,1,4
850,841,848,860,21,19,20,21,9,-7,-12,2,-1,-1,0,2,2,1,2,4
325,321,318,325,18,17,18,19,4,3,-7,1,-1,-1,-1,2,2,1,2,4
942,937,937,942,13,14,12,13,5,0,-5,-1,2,-1,0,3,3,3,3,4
356,349,346,346,17,16,18,18,7,3,0,1,-2,0,-1,3,2,1,1,4
700,703,703,703,13,14,15,13,-3,0,0,-1,-1,2,0,2,3,1,1,4
1003,993,984,989,13,14,15,16,10,9,-5,-1,-1,-1,-3,3,1,1,1,4
939,937,932,932,13,14,13,13,2,5,0,-1,1,0,0,2,1,1,1,4
454,452,445,450,20,19,20,21,2,7,-5,1,-1,-1,-1,1,2,1,1,4
321,311,304,309,21,19,20,19,10,7,-5,2,-1,1,2,2,2,1,1,4
471,466,461,464,13,14,12,13,5,5,-3,-1,2,-1,0,2,2,2,1,4
801,796,794,792,18,17,18,19,5,2,2,1,-1,-1,-1,1,1,2,1,4
295,286,281,286,14,14,15,13,9,5,-5,0,-1,2,1,1,3,3,3,4
881,874,878,876,21,19,20,21,7,-4,2,2,-1,-1,0,1,2,2,1,4
492,487,485,485,14,14,13,13,5,2,0,0,1,0,1,1,3,2,2,4
586,578,578,576,14,14,13,13,8,0,2,0,1,0,1,3,2,2,1,4
304,297,300,300,14,17,15,16,7,-3,0,-3,2,-1,-2,3,2,1,1,4
269,267,267,267,14,14,15,13,2,0,0,0,-1,2,1,2,1,1,1,4
588,581,578,576,18,19,18,18,7,3,2,-1,1,0,0,2,1,2,1,4
510,506,503,501,14,14,15,13,4,3,2,0,-1,2,1,1,3,2,1,4
531,532,527,529,18,17,18,16,-1,5,-2,1,-1,2,2,2,2,2,1,4
935,925,923,925,17,17,15,16,10,2,-2,0,2,-1,1,2,2,1,2,4
196,182,1073,1073,18,17,18,16,14,-891,0,1,-1,2,2,1,1,1,1,4
881,881,876,876,14,14,13,13,0,5,0,0,1,0,1,3,3,1,1,4
203,189,185,185,14,14,15,13,14,4,0,0,-1,2,1,2,2,2,2,4
886,883,876,881,14,17,15,16,3,7,-5,-3,2,-1,-2,1,2,3,1,4
445,443,445,445,13,14,15,16,2,-2,0,-1,-1,-1,-3,1,2,1,1,4
970,970,965,970,17,16,18,18,0,5,-5,1,-2,0,-1,1,3,1,1,4
937,925,923,928,20,19,21,21,12,2,-5,1,-2,0,-1,1,2,1,1,4
946,946,942,942,17,16,18,16,0,4,0,1,-2,2,1,1,1,1,1,4
771,766,768,764,13,14,15,13,5,-2,4,-1,-1,2,0,2,2,1,1,4
224,220,217,215,18,19,18,19,4,3,2,-1,1,-1,-1,3,3,2,1,4
220,215,213,213,18,17,18,16,5,2,0,1,-1,2,2,3,1,2,2,4
998,996,998,998,20,19,20,21,2,-2,0,1,-1,-1,-1,1,2,3,1,4
248,243,246,248,14,14,15,13,5,-3,-2,0,-1,2,1,1,1,2,1,4
424,424,421,421,17,16,18,16,0,3,0,1,-2,2,1,2,2,1,1,4
187,182,182,187,18,19,18,19,5,0,-5,-1,1,-1,-1,1,1,1,1,4
595,593,590,590,21,19,20,19,2,3,0,2,-1,1,2,3,2,1,1,4
482,475,475,478,14,14,13,13,7,0,-3,0,1,0,1,1,2,2,1,4
822,822,820,820,21,19,20,21,0,2,0,2,-1,-1,0,2,2,1,1,4
860,850,862,855,14,17,15,16,10,-12,7,-3,2,-1,-2,2,2,1,2,4
206,199,196,201,18,19,18,19,7,3,-5,-1,1,-1,-1,1,2,3,3,4
471,459,447,450,13,14,15,13,12,12,-3,-1,-1,2,0,2,3,2,1,4
1064,1061,1054,1054,17,16,15,16,3,7,0,1,1,-1,1,1,2,1,1,4
597,588,576,583,14,14,15,13,9,12,-7,0,-1,2,1,2,2,1,2,4
653,649,646,644,13,14,15,13,4,3,2,-1,-1,2,0,2,2,1,2,4
907,904,897,897,18,17,18,19,3,7,0,1,-1,-1,-1,2,1,2,2,4
283,281,278,278,18,19,18,19,2,3,0,-1,1,-1,-1,2,1,2,2,4
323,316,314,314,14,14,15,13,7,2,0,0,-1,2,1,1,2,1,3,4
356,351,349,349,13,14,12,13,5,2,0,-1,2,-1,0,1,3,2,2,4
342,337,335,332,13,14,13,13,5,2,3,-1,1,0,0,3,1,2,1,4
201,185,185,1078,14,14,13,13,16,0,-893,0,1,0,1,3,2,2,1,4
283,281,276,276,14,14,15,16,2,5,0,0,-1,-1,-2,2,3,1,1,4
381,377,379,379,20,19,20,21,4,-2,0,1,-1,-1,-1,2,2,1,1,4
879,876,876,876,14,14,13,13,3,0,0,0,1,0,1,2,1,1,1,4
281,274,271,269,14,14,15,16,7,3,2,0,-1,-1,-2,3,2,3,2,4
867,862,857,862,14,17,15,16,5,5,-5,-3,2,-1,-2,3,1,3,1,4
736,733,731,736,20,19,18,18,3,2,-5,1,1,0,2,3,2,3,1,4
904,888,874,876,14,14,15,13,16,14,-2,0,-1,2,1,1,2,2,1,4
991,991,991,993,13,14,12,13,0,0,-2,-1,2,-1,0,2,2,2,3,4
370,367,374,384,17,19,18,18,3,-7,-10,-2,1,0,-1,1,2,1,1,4
813,810,813,810,21,19,20,21,3,-3,3,2,-1,-1,0,2,1,2,1,4
597,595,588,595,14,14,13,13,2,7,-7,0,1,0,1,2,3,2,3,4
335,325,323,323,17,17,18,16,10,2,0,0,-1,2,1,2,2,1,1,4
440,436,436,431,17,16,18,16,4,0,5,1,-2,2,1,1,1,3,1,4
410,410,407,407,17,16,15,16,0,3,0,1,1,-1,1,2,2,1,3,4
1012,1003,998,998,13,14,15,13,9,5,0,-1,-1,2,0,1,3,1,3,4
396,389,393,389,13,14,12,13,7,-4,4,-1,2,-1,0,2,3,3,1,4
1026,1026,1021,1024,17,16,15,16,0,5,-3,1,1,-1,1,3,3,1,2,4
433,426,424,424,17,19,18,18,7,2,0,-2,1,0,-1,2,1,2,2,4
459,457,454,454,13,14,12,13,2,3,0,-1,2,-1,0,1,2,1,1,4
1012,1014,1014,1014,13,14,15,13,-2,0,0,-1,-1,2,0,1,2,2,2,4
1073,1071,1068,1071,13,16,15,16,2,3,-3,-3,1,-1,-3,3,2,1,2,4
1078,1071,1071,1073,17,16,18,16,7,0,-2,1,-2,2,1,1,2,2,1,4
494,454,450,452,18,16,18,18,40,4,-2,2,-2,0,0,2,3,1,2,4
562,557,548,553,14,14,15,13,5,9,-5,0,-1,2,1,1,1,3,3,4
257,253,241,239,14,14,15,13,4,12,2,0,-1,2,1,1,3,2,3,4
787,785,775,778,14,14,15,13,2,10,-3,0,-1,2,1,3,2,2,1,4
593,586,586,588,18,19,18,19,7,0,-2,-1,1,-1,-1,2,3,1,2,4
946,942,935,937,13,16,15,16,4,7,-2,-3,1,-1,-3,1,3,2,1,4
663,663,665,665,20,19,20,21,0,-2,0,1,-1,-1,-1,2,2,1,3,4
410,403,403,400,17,16,15,16,7,0,3,1,1,-1,1,2,3,1,2,4
916,911,909,909,14,17,15,16,5,2,0,-3,2,-1,-2,2,2,3,1,4
904,904,904,904,18,19,18,19,0,0,0,-1,1,-1,-1,1,1,1,1,4
248,248,248,246,14,14,15,16,0,0,2,0,-1,-1,-2,1,1,1,2,4
860,857,857,857,21,19,20,21,3,0,0,2,-1,-1,0,2,1,1,1,4
850,843,846,848,14,17,15,16,7,-3,-2,-3,2,-1,-2,2,1,2,1,4
1061,1059,1047,1050,13,14,15,13,2,12,-3,-1,-1,2,0,2,3,2,1,4
271,262,262,264,14,17,15,16,9,0,-2,-3,2,-1,-2,1,3,1,2,4
344,344,346,346,17,16,18,18,0,-2,0,1,-2,0,-1,2,2,1,1,4
553,541,546,543,18,19,18,18,12,-5,3,-1,1,0,0,3,2,2,1,4
241,239,239,239,18,17,18,18,2,0,0,1,-1,0,0,2,1,1,1,4
203,196,192,196,18,17,18,19,7,4,-4,1,-1,-1,-1,2,1,1,1,4
1061,1057,1059,1059,17,16,15,16,4,-2,0,1,1,-1,1,2,2,1,1,4
579,567,564,567,18,17,18,16,12,3,-3,1,-1,2,2,2,1,2,1,4
429,424,419,421,13,14,15,16,5,5,-2,-1,-1,-1,-3,2,2,2,1,4
290,283,281,281,14,17,15,16,7,2,0,-3,2,-1,-2,3,2,1,1,4
862,864,860,860,21,19,20,21,-2,4,0,2,-1,-1,0,3,2,2,2,4
236,217,208,210,14,14,13,13,19,9,-2,0,1,0,1,2,2,2,1,4
717,717,710,712,13,14,15,13,0,7,-2,-1,-1,2,0,1,1,2,1,4
194,187,187,189,21,19,21,21,7,0,-2,2,-2,0,0,2,1,1,2,4
834,822,824,824,14,14,13,13,12,-2,0,0,1,0,1,1,2,3,3,4
1000,1000,998,996,20,19,20,21,0,2,2,1,-1,-1,-1,2,2,1,2,4
276,276,271,269,18,17,18,16,0,5,2,1,-1,2,2,1,1,1,2,4
450,445,447,450,13,14,15,13,5,-2,-3,-1,-1,2,0,3,3,2,1,4
541,539,536,536,14,14,15,16,2,3,0,0,-1,-1,-2,2,1,2,2,4
1066,1066,1054,1050,13,14,12,13,0,12,4,-1,2,-1,0,2,2,3,3,4
714,712,714,714,13,14,15,16,2,-2,0,-1,-1,-1,-3,2,3,2,2,4
358,367,353,351,13,14,15,13,-9,14,2,-1,-1,2,0,2,2,2,1,4
431,424,419,419,13,14,12,13,7,5,0,-1,2,-1,0,3,2,2,2,4
593,583,578,578,14,14,15,13,10,5,0,0,-1,2,1,2,2,2,2,4
834,827,832,832,14,14,15,13,7,-5,0,0,-1,2,1,3,2,2,2,4
215,206,206,203,14,14,13,13,9,0,3,0,1,0,1,1,3,1,2,4
1000,1003,1003,1003,20,19,20,21,-3,0,0,1,-1,-1,-1,2,1,1,1,4
351,346,349,351,17,16,18,16,5,-3,-2,1,-2,2,1,1,3,2,3,4
307,302,304,302,18,17,18,16,5,-2,2,1,-1,2,2,2,2,1,2,4
848,834,832,834,14,14,13,13,14,2,-2,0,1,0,1,3,1,2,1,4
834,827,824,824,18,17,18,19,7,3,0,1,-1,-1,-1,1,2,1,1,4
665,667,663,667,13,14,12,13,-2,4,-4,-1,2,-1,0,3,2,2,2,4
1054,1045,1050,1045,13,16,15,16,9,-5,5,-3,1,-1,-3,1,1,1,3,4
527,520,515,513,14,14,15,13,7,5,2,0,-1,2,1,2,1,1,2,4
239,232,229,227,14,14,13,13,7,3,2,0,1,0,1,1,2,1,2,4
562,562,550,555,14,17,15,16,0,12,-5,-3,2,-1,-2,1,1,2,2,4
841,848,846,843,14,14,15,16,-7,2,3,0,-1,-1,-2,2,3,2,1,4
853,853,850,850,14,17,15,16,0,3,0,-3,2,-1,-2,3,3,2,2,4
595,588,586,590,21,19,20,21,7,2,-4,2,-1,-1,0,1,2,1,1,4
677,674,665,667,13,16,15,16,3,9,-2,-3,1,-1,-3,2,1,3,2,4
696,689,684,682,13,14,12,13,7,5,2,-1,2,-1,0,2,3,1,2,4
775,771,764,764,13,14,12,13,4,7,0,-1,2,-1,0,2,2,1,1,4
937,925,911,911,13,14,13,13,12,14,0,-1,1,0,0,3,2,2,2,4
867,864,862,862,21,19,20,18,3,2,0,2,-1,2,3,1,2,1,1,4
621,616,614,616,14,14,15,16,5,2,-2,0,-1,-1,-2,2,2,1,2,4
443,440,440,440,17,16,15,16,3,0,0,1,1,-1,1,2,1,3,1,4
290,288,286,286,21,19,20,21,2,2,0,2,-1,-1,0,1,2,1,1,4
1057,1054,1054,1052,20,19,20,21,3,0,2,1,-1,-1,-1,2,3,1,2,4
726,728,721,721,17,16,15,16,-2,7,0,1,1,-1,1,3,2,1,3,4
529,513,501,513,18,17,18,16,16,12,-12,1,-1,2,2,1,2,1,2,4
583,586,574,576,18,17,18,16,-3,12,-2,1,-1,2,2,2,1,2,1,4
321,309,309,309,18,17,18,16,12,0,0,1,-1,2,2,2,1,1,1,4
283,276,271,271,14,14,13,13,7,5,0,0,1,0,1,2,1,1,1,4
473,471,466,466,20,19,18,18,2,5,0,1,1,0,2,3,2,2,2,4
1054,1057,1040,1052,13,14,15,13,-3,17,-12,-1,-1,2,0,1,2,1,2,4
1040,1036,1036,1036,20,19,18,18,4,0,0,1,1,0,2,3,1,1,1,4
414,407,412,407,20,19,20,21,7,-5,5,1,-1,-1,-1,2,1,3,1,4
567,562,560,557,18,17,18,16,5,2,3,1,-1,2,2,3,3,2,1,4
1019,1014,1014,993,13,14,15,16,5,0,21,-1,-1,-1,-3,2,2,2,1,4
494,489,494,503,14,14,15,16,5,-5,-9,0,-1,-1,-2,2,2,2,2,4
904,900,895,895,14,14,15,16,4,5,0,0,-1,-1,-2,1,3,1,3,4
276,278,276,274,18,17,18,16,-2,2,2,1,-1,2,2,1,2,3,2,4
468,459,459,459,13,14,15,16,9,0,0,-1,-1,-1,-3,1,1,1,1,4
560,560,555,555,18,19,18,21,0,5,0,-1,1,-3,-3,2,2,2,2,4
674,672,674,674,20,19,20,21,2,-2,0,1,-1,-1,-1,1,2,1,1,4
590,588,583,586,14,17,15,16,2,5,-3,-3,2,-1,-2,3,2,2,1,4
524,524,527,522,18,17,18,19,0,-3,5,1,-1,-1,-1,3,1,2,2,4
909,902,895,893,14,14,13,13,7,7,2,0,1,0,1,1,2,1,2,4
553,548,539,539,18,19,18,18,5,9,0,-1,1,0,0,3,1,1,1,4
236,229,224,227,14,14,13,13,7,5,-3,0,1,0,1,2,3,3,2,4
1061,1057,1059,1052,13,14,15,13,4,-2,7,-1,-1,2,0,2,2,3,2,4
555,555,553,553,14,14,15,13,0,2,0,0,-1,2,1,2,2,1,1,4
534,536,534,539,18,17,18,18,-2,2,-5,1,-1,0,0,1,2,1,1,4
231,234,232,234,18,19,18,18,-3,2,-2,-1,1,0,0,2,1,2,3,4
974,972,974,972,17,16,15,16,2,-2,2,1,1,-1,1,3,2,1,2,4
192,185,185,182,14,17,15,16,7,0,3,-3,2,-1,-2,1,2,2,1,4
309,302,295,300,14,14,15,13,7,7,-5,0,-1,2,1,1,2,1,3,4
210,210,208,208,14,14,15,13,0,2,0,0,-1,2,1,1,1,2,2,4
201,201,194,199,21,19,21,21,0,7,-5,2,-2,0,0,1,1,2,2,4
1057,1052,1045,1036,20,19,20,21,5,7,9,1,-1,-1,-1,2,2,1,1,4
829,824,824,822,18,19,18,19,5,0,2,-1,1,-1,-1,1,1,1,2,4
759,752,752,750,20,19,20,21,7,0,2,1,-1,-1,-1,3,2,2,3,4
583,578,571,569,18,19,18,18,5,7,2,-1,1,0,0,2,2,1,2,4
614,600,607,600,14,17,15,16,14,-7,7,-3,2,-1,-2,1,1,2,1,4
337,335,337,332,13,14,12,13,2,-2,5,-1,2,-1,0,3,2,1,1,4
989,984,984,989,20,19,20,18,5,0,-5,1,-1,2,2,3,1,3,1,4
335,332,328,325,17,16,15,16,3,4,3,1,1,-1,1,2,1,1,2,4
843,839,839,832,14,14,15,13,4,0,7,0,-1,2,1,1,1,1,2,4
860,860,857,857,21,19,20,21,0,3,0,2,-1,-1,0,2,2,1,1,4
886,878,881,881,18,17,18,16,8,-3,0,1,-1,2,2,1,2,3,1,4
607,614,604,604,18,19,18,19,-7,10,0,-1,1,-1,-1,2,1,1,1,4
403,407,400,403,13,14,15,13,-4,7,-3,-1,-1,2,0,3,3,2,3,4
757,752,759,752,20,19,20,21,5,-7,7,1,-1,-1,-1,2,2,1,2,4
979,979,974,977,17,16,18,18,0,5,-3,1,-2,0,-1,3,3,1,2,4
935,932,932,932,17,16,18,18,3,0,0,1,-2,0,-1,2,1,1,1,4
286,276,274,278,14,14,15,13,10,2,-4,0,-1,2,1,1,3,2,2,4
524,520,517,520,14,17,15,16,4,3,-3,-3,2,-1,-2,1,3,2,1,4
1003,996,996,996,17,16,18,18,7,0,0,1,-2,0,-1,1,2,2,2,4
977,972,970,970,17,16,15,16,5,2,0,1,1,-1,1,2,2,1,1,4
215,217,213,215,18,17,18,16,-2,4,-2,1,-1,2,2,1,2,2,1,4
1031,1028,1026,1024,20,19,18,18,3,2,2,1,1,0,2,3,2,1,2,4
618,635,623,628,21,19,21,21,-17,12,-5,2,-2,0,0,1,2,1,1,4
876,869,867,869,21,19,20,18,7,2,-2,2,-1,2,3,1,2,1,2,4
524,520,520,517,14,17,15,16,4,0,3,-3,2,-1,-2,3,1,3,2,4
750,745,743,738,13,14,15,16,5,2,5,-1,-1,-1,-3,1,3,2,2,4
253,250,241,243,14,17,15,16,3,9,-2,-3,2,-1,-2,3,2,2,1,4
923,918,923,923,21,19,21,21,5,-5,0,2,-2,0,0,3,1,1,1,4
1040,1038,1033,1036,13,14,15,16,2,5,-3,-1,-1,-1,-3,1,2,2,1,4
593,583,586,586,18,17,18,19,10,-3,0,1,-1,-1,-1,2,2,1,1,4
450,445,436,440,17,16,18,16,5,9,-4,1,-2,2,1,1,1,1,1,4
220,215,213,215,18,19,18,19,5,2,-2,-1,1,-1,-1,1,3,2,3,4
300,295,295,295,18,17,18,19,5,0,0,1,-1,-1,-1,1,1,1,1,4
1003,1007,1007,1003,20,19,20,18,-4,0,4,1,-1,2,2,1,3,1,1,4
553,550,543,543,14,14,15,13,3,7,0,0,-1,2,1,1,2,3,3,4
1003,1014,998,996,17,16,18,18,-11,16,2,1,-2,0,-1,3,2,1,2,4
850,841,824,820,14,17,15,16,9,17,4,-3,2,-1,-2,2,2,1,1,4
227,220,217,220,18,19,18,19,7,3,-3,-1,1,-1,-1,2,1,2,1,4
243,232,227,224,21,19,20,21,11,5,3,2,-1,-1,0,1,2,2,1,4
567,564,557,560,21,19,20,21,3,7,-3,2,-1,-1,0,1,2,1,2,4
524,524,520,520,18,19,20,19,0,4,0,-1,-1,1,-1,1,1,1,3,4
794,787,785,782,18,17,18,19,7,2,3,1,-1,-1,-1,2,1,2,1,4
911,909,907,907,14,14,13,13,2,2,0,0,1,0,1,2,3,2,2,4
764,766,764,764,20,19,20,18,-2,2,0,1,-1,2,2,1,2,1,1,4
325,314,318,318,18,17,18,16,11,-4,0,1,-1,2,2,2,1,1,1,4
185,1078,1068,1071,14,16,15,16,-893,10,-3,-2,1,-1,-2,2,1,1,2,4
445,436,431,433,13,14,15,13,9,5,-2,-1,-1,2,0,1,1,1,2,4
269,262,262,260,14,17,15,16,7,0,2,-3,2,-1,-2,2,1,3,2,4
595,586,586,586,18,19,18,19,9,0,0,-1,1,-1,-1,1,1,1,1,4
939,937,923,928,13,14,15,13,2,14,-5,-1,-1,2,0,2,1,1,1,4
974,974,970,972,13,14,12,13,0,4,-2,-1,2,-1,0,1,3,1,2,4
250,253,253,253,18,19,18,18,-3,0,0,-1,1,0,0,2,1,1,1,4
1054,1054,1045,1043,13,14,15,16,0,9,2,-1,-1,-1,-3,3,1,1,2,4
529,527,524,524,18,19,18,19,2,3,0,-1,1,-1,-1,3,2,1,1,4
314,311,309,309,21,19,21,21,3,2,0,2,-2,0,0,1,2,3,1,4
1026,1019,1012,1017,20,19,20,21,7,7,-5,1,-1,-1,-1,1,2,1,1,4
1078,1073,1073,1073,17,16,15,16,5,0,0,1,1,-1,1,1,3,1,1,4
360,360,358,358,20,19,20,21,0,2,0,1,-1,-1,-1,1,1,2,2,4
342,342,339,339,20,19,20,21,0,3,0,1,-1,-1,-1,3,1,2,2,4
199,196,194,199,14,14,15,13,3,2,-5,0,-1,2,1,2,3,2,2,4
356,349,346,346,17,16,15,16,7,3,0,1,1,-1,1,1,2,3,1,4
810,801,792,796,14,17,15,16,9,9,-4,-3,2,-1,-2,3,1,3,1,4
839,803,799,799,14,14,15,13,36,4,0,0,-1,2,1,1,2,2,2,4
803,808,806,806,14,17,15,16,-5,2,0,-3,2,-1,-2,2,2,3,1,4
229,229,229,229,14,17,15,16,0,0,0,-3,2,-1,-2,3,1,1,1,4
241,234,232,229,14,14,15,13,7,2,3,0,-1,2,1,2,1,2,3,4
548,543,543,543,21,19,20,21,5,0,0,2,-1,-1,0,1,1,3,1,4
529,520,515,515,14,14,13,13,9,5,0,0,1,0,1,3,3,1,3,4
909,911,904,904,18,17,18,19,-2,7,0,1,-1,-1,-1,1,2,1,1,4
314,309,314,318,18,19,21,19,5,-5,-4,-1,-2,2,-1,1,1,3,1,4
344,342,335,335,17,16,15,16,2,7,0,1,1,-1,1,2,1,2,2,4
539,534,536,539,21,19,20,21,5,-2,-3,2,-1,-1,0,3,3,2,1,4
632,632,628,628,20,19,21,19,0,4,0,1,-2,2,1,1,1,1,1,4
210,199,194,194,14,14,13,13,11,5,0,0,1,0,1,1,2,2,2,4
464,457,457,459,13,14,15,13,7,0,-2,-1,-1,2,0,3,2,2,1,4
625,628,623,623,21,19,21,21,-3,5,0,2,-2,0,0,2,1,1,1,4
255,253,267,276,18,17,18,16,2,-14,-9,1,-1,2,2,2,1,1,3,4
471,471,473,468,20,19,20,21,0,-2,5,1,-1,-1,-1,2,2,3,1,4
445,443,440,445,17,16,18,18,2,3,-5,1,-2,0,-1,3,2,1,1,4
553,548,548,548,14,17,15,16,5,0,0,-3,2,-1,-2,1,1,1,3,4
234,224,220,220,18,17,18,19,10,4,0,1,-1,-1,-1,1,3,1,1,4
843,839,834,834,14,14,15,13,4,5,0,0,-1,2,1,1,1,1,1,4
602,590,588,588,14,17,15,16,12,2,0,-3,2,-1,-2,2,1,2,2,4
609,604,600,595,18,17,18,19,5,4,5,1,-1,-1,-1,3,3,1,1,4
998,989,986,986,13,14,15,13,9,3,0,-1,-1,2,0,3,1,2,2,4
389,386,384,386,20,19,20,21,3,2,-2,1,-1,-1,-1,1,2,1,2,4
693,689,682,679,17,16,18,16,4,7,3,1,-2,2,1,1,1,2,3,4
274,264,269,269,18,19,18,18,10,-5,0,-1,1,0,0,2,2,2,2,4
989,993,986,989,13,16,15,16,-4,7,-3,-3,1,-1,-3,1,1,2,1,4
248,236,234,234,14,14,13,13,12,2,0,0,1,0,1,3,2,3,1,4
604,600,602,600,21,19,20,19,4,-2,2,2,-1,1,2,1,1,2,1,4
862,860,857,857,18,19,18,18,2,3,0,-1,1,0,0,1,2,1,1,4
1054,1054,1054,1052,13,14,12,13,0,0,2,-1,2,-1,0,1,1,3,2,4
958,956,951,951,17,16,18,16,2,5,0,1,-2,2,1,2,1,1,1,4
663,660,658,665,13,14,12,13,3,2,-7,-1,2,-1,0,2,3,2,3,4
576,569,567,574,14,14,13,13,7,2,-7,0,1,0,1,1,2,3,2,4
670,674,667,663,13,14,12,13,-4,7,4,-1,2,-1,0,1,1,2,2,4
864,857,853,853,18,19,18,18,7,4,0,-1,1,0,0,2,3,1,1,4
436,431,431,431,17,16,15,16,5,0,0,1,1,-1,1,3,1,3,3,4
187,182,182,187,21,19,21,21,5,0,-5,2,-2,0,0,1,1,1,3,4
712,712,707,707,17,16,18,18,0,5,0,1,-2,0,-1,3,1,1,1,4
810,806,810,810,14,14,13,13,4,-4,0,0,1,0,1,1,3,3,1,4
384,374,377,370,13,14,12,13,10,-3,7,-1,2,-1,0,3,3,2,1,4
529,527,524,522,18,17,18,16,2,3,2,1,-1,2,2,1,2,1,2,4
1003,1003,998,998,20,19,20,18,0,5,0,1,-1,2,2,1,1,1,1,4
796,799,799,794,14,17,15,16,-3,0,5,-3,2,-1,-2,3,2,2,2,4
817,810,801,806,14,14,15,13,7,9,-5,0,-1,2,1,2,1,1,1,4
960,963,960,960,13,16,15,16,-3,3,0,-3,1,-1,-3,1,2,1,1,4
904,902,895,895,18,19,18,19,2,7,0,-1,1,-1,-1,1,2,1,1,4
431,426,426,426,17,16,18,16,5,0,0,1,-2,2,1,1,1,1,3,4
623,618,616,618,21,19,21,21,5,2,-2,2,-2,0,0,1,1,2,1,4
508,503,506,506,18,19,18,19,5,-3,0,-1,1,-1,-1,2,2,1,1,4
421,414,414,410,13,14,12,13,7,0,4,-1,2,-1,0,3,2,2,2,4
979,982,979,979,17,19,18,18,-3,3,0,-2,1,0,-1,1,2,1,1,4
1033,1026,1028,1031,17,16,18,18,7,-2,-3,1,-2,0,-1,2,1,2,1,4
454,450,445,447,13,14,12,13,4,5,-2,-1,2,-1,0,3,3,1,2,4
1052,1045,1045,1045,17,19,18,18,7,0,0,-2,1,0,-1,2,3,1,1,4
314,318,314,309,18,19,18,19,-4,4,5,-1,1,-1,-1,1,1,3,1,4
993,984,984,979,13,14,15,13,9,0,5,-1,-1,2,0,1,3,1,1,4
637,609,611,609,20,19,18,19,28,-2,2,1,1,-1,1,1,3,2,1,4
560,553,555,548,14,14,15,13,7,-2,7,0,-1,2,1,2,3,2,1,4
674,677,670,674,13,14,15,13,-3,7,-4,-1,-1,2,0,1,2,1,3,4
201,196,201,199,18,19,18,19,5,-5,2,-1,1,-1,-1,1,1,1,2,4
189,192,192,194,14,14,13,13,-3,0,-2,0,1,0,1,2,3,1,2,4
550,546,541,539,18,19,18,18,4,5,2,-1,1,0,0,2,2,2,1,4
1029,1026,1024,1026,13,14,15,13,3,2,-2,-1,-1,2,0,2,1,2,3,4
637,637,632,632,20,19,20,18,0,5,0,1,-1,2,2,1,1,1,1,4
674,672,670,672,17,16,18,16,2,2,-2,1,-2,2,1,1,2,1,2,4
974,974,974,974,20,19,20,21,0,0,0,1,-1,-1,-1,1,1,1,1,4
935,932,925,928,17,16,18,16,3,7,-3,1,-2,2,1,2,1,2,1,4
325,318,318,316,18,17,18,16,7,0,2,1,-1,2,2,2,1,1,2,4
215,208,206,201,21,19,20,19,7,2,5,2,-1,1,2,1,2,1,1,4
452,452,450,450,17,16,18,16,0,2,0,1,-2,2,1,2,2,1,3,4
974,972,970,970,20,19,20,21,2,2,0,1,-1,-1,-1,1,2,1,1,4
670,665,663,665,20,19,20,18,5,2,-2,1,-1,2,2,3,3,2,1,4
876,867,867,867,21,19,20,21,9,0,0,2,-1,-1,0,1,1,1,1,4
276,269,264,267,14,14,13,13,7,5,-3,0,1,0,1,3,2,2,1,4
888,888,881,878,14,17,15,16,0,7,3,-3,2,-1,-2,2,2,1,2,4
820,815,815,815,18,17,18,19,5,0,0,1,-1,-1,-1,1,1,3,3,4
478,473,468,468,17,16,15,16,5,5,0,1,1,-1,1,1,3,3,1,4
400,400,398,400,17,19,18,18,0,2,-2,-2,1,0,-1,2,2,1,2,4
611,609,604,609,21,19,20,21,2,5,-5,2,-1,-1,0,2,1,1,1,4
754,754,750,750,17,19,18,18,0,4,0,-2,1,0,-1,3,3,1,1,4
522,517,515,520,14,14,15,13,5,2,-5,0,-1,2,1,2,2,1,1,4
810,810,801,806,14,14,15,16,0,9,-5,0,-1,-1,-2,1,1,3,1,4
231,222,222,220,18,17,18,16,9,0,2,1,-1,2,2,2,2,2,1,4
1024,1017,1017,1021,13,14,15,13,7,0,-4,-1,-1,2,0,2,1,3,1,4
203,199,194,192,18,17,18,19,4,5,2,1,-1,-1,-1,2,2,2,3,4
1003,1003,1003,1003,20,19,20,21,0,0,0,1,-1,-1,-1,3,1,1,1,4
949,946,944,946,13,14,15,16,3,2,-2,-1,-1,-1,-3,2,1,2,1,4
386,384,386,379,20,19,20,18,2,-2,7,1,-1,2,2,2,1,2,3,4
862,860,862,860,18,19,20,18,2,-2,2,-1,-1,2,0,3,2,1,2,4
1031,1026,1024,1021,17,16,18,18,5,2,3,1,-2,0,-1,1,1,2,1,4
588,581,586,581,21,19,20,21,7,-5,5,2,-1,-1,0,2,3,3,3,4
393,396,391,391,13,16,15,16,-3,5,0,-3,1,-1,-3,3,2,2,2,4
745,743,743,743,13,14,15,13,2,0,0,-1,-1,2,0,3,2,2,2,4
806,792,787,785,14,14,15,16,14,5,2,0,-1,-1,-2,1,3,1,2,4
424,419,412,417,13,14,12,13,5,7,-5,-1,2,-1,0,2,2,1,1,4
1047,1045,1052,1045,13,16,15,16,2,-7,7,-3,1,-1,-3,2,1,2,1,4
846,843,839,841,21,19,20,18,3,4,-2,2,-1,2,3,2,1,1,2,4
325,321,318,316,21,19,21,21,4,3,2,2,-2,0,0,2,2,3,2,4
325,321,323,321,14,14,15,13,4,-2,2,0,-1,2,1,2,2,3,2,4
300,288,281,281,14,17,15,16,12,7,0,-3,2,-1,-2,1,2,1,1,4
314,316,311,309,18,19,18,19,-2,5,2,-1,1,-1,-1,3,2,2,1,4
998,998,1003,1003,17,16,18,18,0,-5,0,1,-2,0,-1,3,1,3,1,4
384,379,379,374,20,19,20,21,5,0,5,1,-1,-1,-1,1,3,1,1,4
553,560,548,548,21,19,20,21,-7,12,0,2,-1,-1,0,1,2,1,1,4
424,417,417,414,13,14,15,13,7,0,3,-1,-1,2,0,2,3,1,2,4
670,670,667,665,20,19,20,18,0,3,2,1,-1,2,2,1,1,2,1,4
586,586,581,578,18,17,18,19,0,5,3,1,-1,-1,-1,1,1,1,2,4
918,918,911,916,21,19,21,19,0,7,-5,2,-2,2,2,1,3,2,2,4
379,372,374,372,17,16,18,18,7,-2,2,1,-2,0,-1,1,2,3,2,4
379,377,377,379,13,14,15,13,2,0,-2,-1,-1,2,0,1,2,2,3,4
203,196,196,196,18,19,18,19,7,0,0,-1,1,-1,-1,2,1,1,1,4
806,803,796,796,14,14,13,13,3,7,0,0,1,0,1,1,2,1,1,4
234,217,217,220,14,14,15,13,17,0,-3,0,-1,2,1,3,2,2,1,4
886,881,871,869,14,14,13,13,5,10,2,0,1,0,1,1,3,1,2,4
239,236,227,229,14,17,15,16,3,9,-2,-3,2,-1,-2,1,2,2,3,4
393,393,393,393,20,19,20,18,0,0,0,1,-1,2,2,1,1,1,1,4
203,203,201,206,14,17,15,16,0,2,-5,-3,2,-1,-2,2,2,1,3,4
496,485,492,487,14,14,15,16,11,-7,5,0,-1,-1,-2,3,2,3,1,4
1068,1064,1061,1059,17,16,18,18,4,3,2,1,-2,0,-1,1,1,2,1,4
419,417,417,417,20,19,20,18,2,0,0,1,-1,2,2,2,1,3,1,4
998,996,993,991,17,16,18,18,2,3,2,1,-2,0,-1,3,2,3,2,4
236,229,224,222,18,19,18,19,7,5,2,-1,1,-1,-1,2,3,3,2,4
949,946,946,946,17,16,18,18,3,0,0,1,-2,0,-1,2,1,1,1,4
618,609,616,616,18,19,18,19,9,-7,0,-1,1,-1,-1,3,1,2,2,4
189,1075,1071,1075,14,14,15,13,-886,4,-4,0,-1,2,1,2,2,2,2,4
217,215,213,215,18,19,18,19,2,2,-2,-1,1,-1,-1,2,1,2,1,4
946,944,942,946,13,14,12,13,2,2,-4,-1,2,-1,0,3,2,3,1,4
309,309,309,309,21,19,21,21,0,0,0,2,-2,0,0,1,1,1,1,4
297,286,286,286,18,19,18,19,11,0,0,-1,1,-1,-1,2,1,3,1,4
224,220,217,215,21,19,20,21,4,3,2,2,-1,-1,0,3,1,2,1,4
424,414,417,417,20,19,18,18,10,-3,0,1,1,0,2,2,2,1,3,4
499,494,492,492,18,17,18,19,5,2,0,1,-1,-1,-1,2,2,1,1,4
796,792,785,787,18,19,18,19,4,7,-2,-1,1,-1,-1,1,3,2,1,4
569,557,557,553,14,14,15,16,12,0,4,0,-1,-1,-2,2,3,1,1,4
440,436,431,426,13,14,15,13,4,5,5,-1,-1,2,0,3,3,1,1,4
857,857,853,853,18,17,18,16,0,4,0,1,-1,2,2,1,3,1,3,4
229,227,220,220,18,17,18,16,2,7,0,1,-1,2,2,1,2,3,1,4
660,656,649,651,17,16,15,16,4,7,-2,1,1,-1,1,1,3,2,1,4
836,832,829,832,18,19,18,19,4,3,-3,-1,1,-1,-1,2,2,1,2,4
843,836,836,832,14,14,13,13,7,0,4,0,1,0,1,1,2,2,2,4
895,897,871,890,14,17,15,16,-2,26,-19,-3,2,-1,-2,1,2,1,3,4
297,290,286,286,18,19,18,19,7,4,0,-1,1,-1,-1,2,1,1,1,4
621,621,616,618,14,14,13,13,0,5,-2,0,1,0,1,2,2,2,1,4
417,417,417,414,17,16,18,16,0,0,3,1,-2,2,1,1,3,1,2,4
993,993,991,993,20,19,20,21,0,2,-2,1,-1,-1,-1,1,1,2,3,4
1024,1021,1019,1014,20,19,18,18,3,2,5,1,1,0,2,2,3,2,2,4
440,436,428,428,13,14,12,13,4,8,0,-1,2,-1,0,3,3,2,2,4
761,754,750,750,20,19,20,18,7,4,0,1,-1,2,2,2,1,3,1,4
196,185,185,1075,14,14,13,13,11,0,-890,0,1,0,1,1,2,2,2,4
900,895,895,895,14,14,13,13,5,0,0,0,1,0,1,1,3,1,3,4
398,396,389,389,20,19,18,18,2,7,0,1,1,0,2,3,2,1,1,4
293,286,283,286,18,19,18,19,7,3,-3,-1,1,-1,-1,2,1,2,3,4
1019,1014,1007,1012,13,14,15,13,5,7,-5,-1,-1,2,0,2,2,3,3,4
288,286,286,281,18,19,18,19,2,0,5,-1,1,-1,-1,2,3,3,1,4
768,766,768,766,20,19,18,18,2,-2,2,1,1,0,2,3,2,1,2,4
684,674,674,674,20,19,20,18,10,0,0,1,-1,2,2,3,3,3,1,4
691,693,693,693,13,14,15,13,-2,0,0,-1,-1,2,0,2,1,1,1,4
1017,1014,1010,1012,17,16,15,16,3,4,-2,1,1,-1,1,3,2,2,1,4
185,182,1073,1075,14,17,15,16,3,-891,-2,-3,2,-1,-2,2,1,1,2,4
318,318,311,309,14,14,15,13,0,7,2,0,-1,2,1,1,3,2,3,4
609,607,609,607,18,19,18,19,2,-2,2,-1,1,-1,-1,3,2,1,2,4
321,318,316,309,18,17,18,19,3,2,7,1,-1,-1,-1,2,1,2,1,4
304,300,295,295,18,19,18,19,4,5,0,-1,1,-1,-1,1,3,1,1,4
900,897,900,895,18,19,20,19,3,-3,5,-1,-1,1,-1,3,2,1,1,4
989,986,984,984,13,14,15,13,3,2,0,-1,-1,2,0,1,2,1,1,4
560,548,546,550,14,17,15,16,12,2,-4,-3,2,-1,-2,2,1,2,2,4
243,239,236,239,21,19,20,21,4,3,-3,2,-1,-1,0,1,3,2,1,4
370,365,367,365,17,16,15,16,5,-2,2,1,1,-1,1,1,1,2,1,4
813,810,806,810,21,19,20,21,3,4,-4,2,-1,-1,0,2,1,3,1,4
689,686,689,689,13,14,12,13,3,-3,0,-1,2,-1,0,1,2,3,1,4
344,337,337,335,20,19,20,21,7,0,2,1,-1,-1,-1,2,1,3,2,4
614,614,616,614,18,17,18,19,0,-2,2,1,-1,-1,-1,3,3,2,1,4
496,492,489,492,14,14,15,13,4,3,-3,0,-1,2,1,3,3,2,1,4
874,827,829,829,14,14,15,13,47,-2,0,0,-1,2,1,2,2,1,1,4
567,560,562,560,21,19,20,21,7,-2,2,2,-1,-1,0,1,2,3,2,4
403,398,398,398,20,19,18,18,5,0,0,1,1,0,2,1,3,1,1,4
557,553,546,548,14,17,15,16,4,7,-2,-3,2,-1,-2,1,3,2,1,4
393,389,386,386,20,19,18,18,4,3,0,1,1,0,2,1,1,2,2,4
459,452,452,454,17,16,18,16,7,0,-2,1,-2,2,1,1,2,2,1,4
586,590,586,588,14,17,15,16,-4,4,-2,-3,2,-1,-2,1,1,1,2,4
295,286,283,281,18,17,18,16,9,3,2,1,-1,2,2,1,3,2,1,4
904,900,895,897,14,14,15,13,4,5,-2,0,-1,2,1,3,1,1,2,4
1029,1021,1017,1017,13,14,12,13,8,4,0,-1,2,-1,0,2,3,1,1,4
848,846,843,843,18,17,18,18,2,3,0,1,-1,0,0,1,2,1,1,4
750,750,745,745,13,14,12,13,0,5,0,-1,2,-1,0,1,3,1,1,4
213,210,206,199,14,14,13,13,3,4,7,0,1,0,1,2,3,3,2,4
485,478,478,478,18,19,18,18,7,0,0,-1,1,0,0,2,1,1,1,4
609,604,602,604,21,19,20,19,5,2,-2,2,-1,1,2,1,3,2,1,4
510,499,499,499,21,19,21,21,11,0,0,2,-2,0,0,3,2,2,2,4
616,609,607,609,14,17,15,16,7,2,-2,-3,2,-1,-2,2,1,2,1,4
911,909,909,909,14,14,15,13,2,0,0,0,-1,2,1,2,1,1,1,4
778,775,773,775,13,14,12,13,3,2,-2,-1,2,-1,0,1,2,1,2,4
445,445,438,440,13,14,12,13,0,7,-2,-1,2,-1,0,3,3,2,3,4
436,431,426,426,20,19,20,18,5,5,0,1,-1,2,2,1,1,3,1,4
996,989,998,989,13,14,12,13,7,-9,9,-1,2,-1,0,2,3,1,3,4
996,998,998,1040,13,14,15,16,-2,0,-42,-1,-1,-1,-3,2,3,1,1,4
597,593,588,590,14,14,15,16,4,5,-2,0,-1,-1,-2,2,2,2,1,4
293,288,288,288,18,19,18,19,5,0,0,-1,1,-1,-1,2,2,2,2,4
672,665,658,665,17,16,18,16,7,7,-7,1,-2,2,1,2,1,2,1,4
506,496,494,496,14,14,15,13,10,2,-2,0,-1,2,1,1,3,2,1,4
883,890,876,881,14,14,13,13,-7,14,-5,0,1,0,1,2,1,1,1,4
363,365,363,363,13,14,12,13,-2,2,0,-1,2,-1,0,2,3,2,2,4
459,457,459,454,20,19,20,21,2,-2,5,1,-1,-1,-1,1,2,1,1,4
290,281,281,281,18,19,18,19,9,0,0,-1,1,-1,-1,1,1,1,1,4
684,682,677,679,13,14,12,13,2,5,-2,-1,2,-1,0,3,2,2,1,4
496,487,485,485,14,14,13,13,9,2,0,0,1,0,1,1,3,2,2,4
253,248,234,236,14,17,15,16,5,14,-2,-3,2,-1,-2,3,1,1,2,4
571,564,569,576,21,19,20,21,7,-5,-7,2,-1,-1,0,1,2,2,3,4
210,206,210,201,18,17,18,16,4,-4,9,1,-1,2,2,3,1,3,1,4
637,637,632,642,13,14,13,13,0,5,-10,-1,1,0,0,3,1,1,1,4
796,789,785,787,14,14,15,13,7,4,-2,0,-1,2,1,3,2,2,1,4
489,485,478,475,18,17,18,18,4,7,3,1,-1,0,0,2,2,1,2,4
712,705,700,705,17,19,15,16,7,5,-5,-2,4,-1,1,1,2,2,2,4
965,965,963,967,20,19,18,18,0,2,-4,1,1,0,2,1,3,2,2,4
358,349,349,349,17,16,15,16,9,0,0,1,1,-1,1,2,2,2,2,4
539,532,529,529,18,19,20,19,7,3,0,-1,-1,1,-1,1,2,1,1,4
250,250,248,248,18,17,18,18,0,2,0,1,-1,0,0,2,2,1,1,4
897,895,893,893,18,17,18,19,2,2,0,1,-1,-1,-1,2,1,2,2,4
286,276,274,271,21,19,20,21,10,2,3,2,-1,-1,0,1,1,2,1,4
543,534,534,536,14,14,13,13,9,0,-2,0,1,0,1,1,1,3,2,4
501,503,494,501,14,17,15,16,-2,9,-7,-3,2,-1,-2,1,2,2,1,4
600,593,574,586,18,17,18,16,7,19,-12,1,-1,2,2,3,2,2,1,4
745,743,743,745,13,14,12,13,2,0,-2,-1,2,-1,0,3,2,2,3,4
616,609,611,609,18,19,18,19,7,-2,2,-1,1,-1,-1,2,1,2,1,4
286,271,274,283,14,14,13,13,15,-3,-9,0,1,0,1,3,3,2,2,4
403,398,398,393,17,16,18,16,5,0,5,1,-2,2,1,3,3,1,1,4
492,485,478,478,18,19,18,18,7,7,0,-1,1,0,0,3,2,1,1,4
222,224,220,222,21,19,20,21,-2,4,-2,2,-1,-1,0,2,1,1,2,4
864,862,860,862,21,19,20,21,2,2,-2,2,-1,-1,0,2,1,2,3,4
492,487,485,482,14,14,15,13,5,2,3,0,-1,2,1,3,1,2,1,4
227,220,215,215,18,17,18,19,7,5,0,1,-1,-1,-1,2,3,1,1,4
782,778,773,778,18,19,18,18,4,5,-5,-1,1,0,0,1,1,1,1,4
989,984,984,984,17,16,18,16,5,0,0,1,-2,2,1,1,1,1,1,4
447,440,436,436,17,19,18,18,7,4,0,-2,1,0,-1,2,1,3,1,4
726,724,724,726,20,19,18,18,2,0,-2,1,1,0,2,1,2,2,3,4
325,321,321,323,21,19,21,21,4,0,-2,2,-2,0,0,2,2,2,1,4
199,196,196,196,18,17,18,16,3,0,0,1,-1,2,2,2,3,1,1,4
271,267,264,264,14,14,13,13,4,3,0,0,1,0,1,3,1,2,2,4
937,935,935,937,13,14,13,13,2,0,-2,-1,1,0,0,3,2,2,1,4
417,414,407,405,17,16,18,21,3,7,2,1,-2,-3,-4,3,2,1,2,4
234,236,232,229,21,19,20,19,-2,4,3,2,-1,1,2,3,2,2,1,4
656,653,651,646,20,19,20,21,3,2,5,1,-1,-1,-1,1,2,1,1,4
696,700,696,693,20,19,20,21,-4,4,3,1,-1,-1,-1,2,2,2,1,4
782,782,773,773,18,17,18,18,0,9,0,1,-1,0,0,1,1,1,1,4
475,478,468,473,17,16,18,16,-3,10,-5,1,-2,2,1,2,1,3,3,4
914,904,909,909,14,17,15,16,10,-5,0,-3,2,-1,-2,3,3,1,1,4
257,257,248,253,14,17,15,16,0,9,-5,-3,2,-1,-2,1,1,1,3,4
534,529,524,527,21,19,20,21,5,5,-3,2,-1,-1,0,1,1,1,2,4
679,679,679,679,20,19,20,18,0,0,0,1,-1,2,2,1,1,1,1,4
942,937,935,932,13,14,13,13,5,2,3,-1,1,0,0,3,3,2,1,4
914,909,902,907,14,14,13,13,5,7,-5,0,1,0,1,1,3,2,2,4
942,937,937,932,20,19,18,18,5,0,5,1,1,0,2,1,1,1,1,4
660,656,658,656,20,19,20,21,4,-2,2,1,-1,-1,-1,1,1,2,1,4
468,468,464,464,13,14,15,16,0,4,0,-1,-1,-1,-3,3,3,1,1,4
871,864,862,862,14,17,15,16,7,2,0,-3,2,-1,-2,1,2,3,1,4
1019,1014,1012,1010,17,16,18,16,5,2,2,1,-2,2,1,2,2,1,2,4
907,911,907,904,18,19,18,19,-4,4,3,-1,1,-1,-1,2,2,2,1,4
389,384,377,374,13,14,15,13,5,7,3,-1,-1,2,0,3,3,2,1,4
548,548,541,546,14,14,13,13,0,7,-5,0,1,0,1,1,3,2,2,4
658,651,653,653,20,19,18,18,7,-2,0,1,1,0,2,2,3,2,2,4
253,248,243,246,14,14,13,13,5,5,-3,0,1,0,1,1,3,1,2,4
888,893,886,886,14,14,15,13,-5,7,0,0,-1,2,1,2,2,1,3,4
187,189,1078,1078,14,17,15,16,-2,-889,0,-3,2,-1,-2,1,2,1,1,4
949,949,944,944,13,14,15,16,0,5,0,-1,-1,-1,-3,2,2,2,2,4
632,625,623,628,20,19,18,19,7,2,-5,1,1,-1,1,1,2,1,1,4
778,771,773,775,13,14,15,13,7,-2,-2,-1,-1,2,0,1,2,1,2,4
424,417,412,412,13,14,12,13,7,5,0,-1,2,-1,0,2,1,1,3,4
473,473,473,473,17,16,15,16,0,0,0,1,1,-1,1,1,1,3,1,4
454,459,454,454,20,19,20,18,-5,5,0,1,-1,2,2,1,1,1,1,4
264,262,257,262,14,17,15,16,2,5,-5,-3,2,-1,-2,2,1,1,1,4
346,346,344,342,13,14,12,13,0,2,2,-1,2,-1,0,3,3,2,1,4
304,295,293,293,14,14,13,13,9,2,0,0,1,0,1,3,1,2,2,4
731,728,721,721,13,14,15,13,3,7,0,-1,-1,2,0,3,2,1,1,4
890,890,890,897,14,14,15,13,0,0,-7,0,-1,2,1,3,1,1,2,4
974,946,942,944,20,19,18,18,28,4,-2,1,1,0,2,1,1,1,2,4
384,382,379,384,20,19,18,18,2,3,-5,1,1,0,2,1,2,1,1,4
1057,1059,1057,1057,17,16,18,18,-2,2,0,1,-2,0,-1,2,3,2,2,4
799,799,796,799,14,14,15,13,0,3,-3,0,-1,2,1,2,2,3,2,4
726,719,714,717,13,14,15,13,7,5,-3,-1,-1,2,0,3,2,2,3,4
346,342,346,342,20,19,18,18,4,-4,4,1,1,0,2,3,1,1,1,4
539,532,529,524,14,14,15,13,7,3,5,0,-1,2,1,3,2,1,3,4
1068,1068,1064,1061,20,19,18,18,0,4,3,1,1,0,2,3,1,1,2,4
693,689,679,684,13,14,12,13,4,10,-5,-1,2,-1,0,3,3,3,1,4
764,759,754,754,20,19,18,18,5,5,0,1,1,0,2,1,1,1,1,4
1050,1043,1036,1031,17,19,18,18,7,7,5,-2,1,0,-1,3,2,1,1,4
864,862,860,871,21,19,18,18,2,2,-11,2,1,0,3,2,3,2,1,4
363,363,356,360,20,19,20,18,0,7,-4,1,-1,2,2,2,2,1,1,4
918,921,914,918,14,14,15,13,-3,7,-4,0,-1,2,1,1,2,1,1,4
1068,1068,1064,1064,20,19,20,18,0,4,0,1,-1,2,2,1,1,1,1,4
454,457,450,452,13,14,15,13,-3,7,-2,-1,-1,2,0,1,2,1,2,4
960,960,960,960,13,14,15,13,0,0,0,-1,-1,2,0,1,1,1,3,4
834,815,813,813,14,14,15,13,19,2,0,0,-1,2,1,1,1,2,2,4
213,206,210,208,14,17,15,16,7,-4,2,-3,2,-1,-2,2,1,3,2,4
632,625,623,623,13,14,13,13,7,2,0,-1,1,0,0,1,2,1,1,4
604,595,593,595,14,14,15,13,9,2,-2,0,-1,2,1,1,3,2,1,4
860,848,843,843,21,19,20,21,12,5,0,2,-1,-1,0,2,1,3,1,4
705,703,700,698,13,14,12,13,2,3,2,-1,2,-1,0,2,3,2,3,4
464,461,459,454,17,16,15,16,3,2,5,1,1,-1,1,1,2,1,1,4
724,724,724,717,13,14,12,13,0,0,7,-1,2,-1,0,2,2,2,1,4
979,977,982,972,17,16,18,16,2,-5,10,1,-2,2,1,1,2,2,2,4
531,524,524,520,14,14,15,13,7,0,4,0,-1,2,1,2,3,1,1,4
199,199,192,192,14,14,15,16,0,7,0,0,-1,-1,-2,2,2,1,1,4
817,810,806,806,14,17,15,16,7,4,0,-3,2,-1,-2,2,1,1,1,4
1066,1064,1064,1064,13,16,15,16,2,0,0,-3,1,-1,-3,2,1,1,1,4
689,691,691,691,17,16,18,18,-2,0,0,1,-2,0,-1,1,2,2,2,4
569,553,534,532,14,17,15,16,16,19,2,-3,2,-1,-2,2,1,1,2,4
843,836,836,832,14,14,13,13,7,0,4,0,1,0,1,3,2,2,2,4
398,396,389,386,13,14,15,13,2,7,3,-1,-1,2,0,1,2,3,2,4
1040,1036,1036,1038,13,14,15,13,4,0,-2,-1,-1,2,0,3,1,1,2,4
670,670,660,660,17,16,18,18,0,10,0,1,-2,0,-1,1,3,1,1,4
224,222,215,217,14,14,13,13,2,7,-2,0,1,0,1,1,2,1,2,4
853,855,846,846,14,19,15,16,-2,9,0,-5,4,-1,-2,1,2,2,2,4
848,846,841,843,18,17,18,16,2,5,-2,1,-1,2,2,1,2,2,1,4
674,672,670,670,17,16,18,18,2,2,0,1,-2,0,-1,1,2,1,1,4
935,923,925,925,13,17,15,16,12,-2,0,-4,2,-1,-3,2,1,2,2,4
346,344,344,342,17,19,18,18,2,0,2,-2,1,0,-1,1,2,2,1,4
586,581,571,571,14,17,15,16,5,10,0,-3,2,-1,-2,3,3,1,1,4
311,309,302,321,18,19,18,19,2,7,-19,-1,1,-1,-1,2,3,2,2,4
782,778,778,778,18,19,18,18,4,0,0,-1,1,0,0,1,1,1,1,4
281,269,262,262,14,14,15,13,12,7,0,0,-1,2,1,3,2,1,1,4
909,895,895,900,18,19,18,19,14,0,-5,-1,1,-1,-1,1,1,1,3,4
590,586,586,583,21,19,20,21,4,0,3,2,-1,-1,0,1,1,1,2,4
1064,1064,1059,1059,13,16,15,16,0,5,0,-3,1,-1,-3,3,1,1,1,4
759,757,750,754,13,14,12,13,2,7,-4,-1,2,-1,0,1,2,1,3,4
412,410,400,403,13,14,15,13,2,10,-3,-1,-1,2,0,1,2,2,3,4
475,473,466,468,20,19,18,18,2,7,-2,1,1,0,2,2,3,2,3,4
871,871,867,869,18,17,18,16,0,4,-2,1,-1,2,2,3,1,1,2,4
307,295,286,283,18,17,18,19,12,9,3,1,-1,-1,-1,2,1,1,2,4
1019,1012,1007,1003,13,14,12,13,7,5,4,-1,2,-1,0,2,3,1,3,4
389,384,386,389,20,19,18,18,5,-2,-3,1,1,0,2,1,1,2,1,4
1019,1012,1003,1003,13,14,15,16,7,9,0,-1,-1,-1,-3,2,1,1,1,4
789,787,782,782,14,14,15,16,2,5,0,0,-1,-1,-2,2,1,1,1,4
600,597,588,583,14,14,15,13,3,9,5,0,-1,2,1,1,2,2,2,4
909,909,907,904,18,19,18,19,0,2,3,-1,1,-1,-1,1,3,2,1,4
911,909,909,911,14,14,15,13,2,0,-2,0,-1,2,1,2,3,1,2,4
864,862,862,857,21,19,20,21,2,0,5,2,-1,-1,0,2,1,1,1,4
452,450,445,445,20,19,20,21,2,5,0,1,-1,-1,-1,2,1,1,1,4
813,820,815,815,14,14,15,13,-7,5,0,0,-1,2,1,2,3,1,1,4
890,890,886,886,18,17,18,16,0,4,0,1,-1,2,2,3,3,1,3,4
239,217,217,215,14,14,13,13,22,0,2,0,1,0,1,1,2,2,3,4
1010,1007,1007,1007,17,16,18,16,3,0,0,1,-2,2,1,2,3,1,3,4
560,548,560,567,21,19,20,21,12,-12,-7,2,-1,-1,0,2,1,2,1,4
410,405,403,400,17,19,15,16,5,2,3,-2,4,-1,1,2,2,1,2,4
649,621,621,623,13,14,15,13,28,0,-2,-1,-1,2,0,2,2,2,3,4
607,595,590,590,14,17,15,16,12,5,0,-3,2,-1,-2,2,3,3,1,4
750,750,743,745,13,16,15,16,0,7,-2,-3,1,-1,-3,1,3,2,1,4
586,586,581,583,21,19,20,21,0,5,-2,2,-1,-1,0,3,3,1,2,4
276,274,271,271,18,17,18,18,2,3,0,1,-1,0,0,1,2,1,1,4
593,581,571,571,14,14,15,13,12,10,0,0,-1,2,1,2,3,1,1,4
307,304,304,304,21,19,20,21,3,0,0,2,-1,-1,0,2,1,1,1,4
618,611,609,607,14,14,13,13,7,2,2,0,1,0,1,3,2,3,2,4
1012,1007,1010,1010,13,16,15,16,5,-3,0,-3,1,-1,-3,3,1,2,2,4
935,935,928,925,13,14,15,13,0,7,3,-1,-1,2,0,2,2,1,2,4
621,623,621,625,21,19,21,19,-2,2,-4,2,-2,2,2,2,1,2,2,4
637,635,632,632,20,19,20,18,2,3,0,1,-1,2,2,1,2,1,1,4
888,886,881,871,18,19,18,18,2,5,10,-1,1,0,0,2,1,1,3,4
328,318,314,321,18,19,18,19,10,4,-7,-1,1,-1,-1,1,3,3,2,4
839,834,834,834,18,17,18,18,5,0,0,1,-1,0,0,1,3,1,3,4
332,339,323,328,17,16,18,16,-7,16,-5,1,-2,2,1,1,2,1,1,4
248,239,229,234,14,14,13,13,9,10,-5,0,1,0,1,1,3,1,1,4
210,199,192,192,14,14,15,13,11,7,0,0,-1,2,1,3,2,1,1,4
754,754,745,745,20,19,20,18,0,9,0,1,-1,2,2,1,3,1,1,4
848,843,839,836,18,17,18,16,5,4,3,1,-1,2,2,1,3,3,2,4
977,970,972,974,20,19,20,18,7,-2,-2,1,-1,2,2,2,1,2,1,4
192,192,192,187,18,19,18,19,0,0,5,-1,1,-1,-1,1,3,1,1,4
515,510,506,506,21,19,20,21,5,4,0,2,-1,-1,0,1,1,1,1,4
782,782,771,775,14,14,15,16,0,11,-4,0,-1,-1,-2,1,1,2,2,4
220,210,206,203,14,14,13,13,10,4,3,0,1,0,1,3,3,1,2,4
820,815,815,815,14,17,15,16,5,0,0,-3,2,-1,-2,1,1,1,1,4
663,656,653,656,17,16,15,16,7,3,-3,1,1,-1,1,2,1,2,1,4
412,412,410,412,17,16,18,18,0,2,-2,1,-2,0,-1,1,3,2,1,4
304,300,297,295,18,19,18,19,4,3,2,-1,1,-1,-1,1,1,2,1,4
604,600,595,595,14,14,15,13,4,5,0,0,-1,2,1,3,1,1,1,4
595,588,590,557,18,17,18,16,7,-2,33,1,-1,2,2,1,2,1,3,4
461,461,459,459,20,19,18,18,0,2,0,1,1,0,2,2,2,1,1,4
370,367,363,365,13,14,15,16,3,4,-2,-1,-1,-1,-3,3,2,2,1,4
590,578,574,581,14,14,13,13,12,4,-7,0,1,0,1,3,2,2,3,4
801,792,787,789,14,14,13,13,9,5,-2,0,1,0,1,3,3,1,2,4
482,482,485,487,14,14,15,13,0,-3,-2,0,-1,2,1,1,1,2,1,4
707,696,691,691,13,14,15,13,11,5,0,-1,-1,2,0,1,2,2,2,4
745,731,726,731,13,14,15,13,14,5,-5,-1,-1,2,0,3,3,1,1,4
482,482,482,487,18,19,18,19,0,0,-5,-1,1,-1,-1,1,1,1,1,4
925,923,921,923,21,19,21,19,2,2,-2,2,-2,2,2,2,1,2,1,4
958,956,951,956,13,16,15,16,2,5,-5,-3,1,-1,-3,2,3,1,1,4
520,515,508,508,18,17,18,19,5,7,0,1,-1,-1,-1,1,1,2,2,4
977,974,977,974,20,19,20,21,3,-3,3,1,-1,-1,-1,2,1,2,1,4
881,867,869,869,14,14,13,13,14,-2,0,0,1,0,1,1,3,2,2,4
642,637,635,632,20,19,18,18,5,2,3,1,1,0,2,1,1,2,1,4
944,942,935,935,20,19,20,18,2,7,0,1,-1,2,2,2,1,2,2,4
813,806,806,810,18,17,18,19,7,0,-4,1,-1,-1,-1,2,3,3,3,4
215,201,199,201,14,17,15,16,14,2,-2,-3,2,-1,-2,1,1,2,1,4
681,679,677,677,13,16,15,16,2,2,0,-3,1,-1,-3,2,3,2,2,4
787,778,778,775,14,16,15,16,9,0,3,-2,1,-1,-2,3,1,1,2,4
271,271,269,267,14,14,13,13,0,2,2,0,1,0,1,1,1,2,1,4
729,724,717,721,17,16,18,18,5,7,-4,1,-2,0,-1,2,2,1,1,4
248,236,232,236,14,17,15,16,12,4,-4,-3,2,-1,-2,1,2,2,2,4
595,593,590,588,21,19,20,21,2,3,2,2,-1,-1,0,1,2,1,2,4
436,431,424,419,17,16,15,16,5,7,5,1,1,-1,1,1,3,2,2,4
393,391,391,384,13,14,12,13,2,0,7,-1,2,-1,0,3,2,2,3,4
815,810,806,803,21,19,20,21,5,4,3,2,-1,-1,0,1,1,1,2,4
979,977,967,970,13,14,15,16,2,10,-3,-1,-1,-1,-3,3,2,2,1,4
639,635,632,637,13,14,15,13,4,3,-5,-1,-1,2,0,2,2,1,1,4
869,871,860,867,14,14,15,13,-2,11,-7,0,-1,2,1,2,1,2,3,4
911,904,916,904,14,14,13,13,7,-12,12,0,1,0,1,2,3,2,1,4
1036,1036,1033,1040,17,19,18,18,0,3,-7,-2,1,0,-1,1,1,2,1,4
864,867,857,857,18,17,18,16,-3,10,0,1,-1,2,2,2,1,3,3,4
436,436,431,431,17,16,18,18,0,5,0,1,-2,0,-1,3,1,1,1,4
379,379,377,377,20,19,18,18,0,2,0,1,1,0,2,1,1,2,2,4
698,689,684,689,13,14,15,13,9,5,-5,-1,-1,2,0,1,3,3,1,4
182,1071,1066,1068,14,14,15,16,-889,5,-2,0,-1,-1,-2,1,2,2,1,4
834,820,815,813,18,19,18,19,14,5,2,-1,1,-1,-1,3,1,1,2,4
939,937,925,928,13,14,15,13,2,12,-3,-1,-1,2,0,2,1,2,1,4
466,471,466,466,20,19,20,18,-5,5,0,1,-1,2,2,2,2,2,2,4
958,953,949,951,13,14,15,13,5,4,-2,-1,-1,2,0,2,2,2,1,4
499,496,489,487,18,17,15,16,3,7,2,1,2,-1,2,2,1,2,1,4
942,939,939,939,17,16,18,16,3,0,0,1,-2,2,1,3,2,2,2,4
293,290,288,290,14,17,15,16,3,2,-2,-3,2,-1,-2,2,1,2,1,4
447,447,440,443,13,14,15,16,0,7,-3,-1,-1,-1,-3,2,2,3,2,4
618,614,614,616,14,14,13,13,4,0,-2,0,1,0,1,1,3,3,2,4
1040,1036,1031,1031,13,14,12,13,4,5,0,-1,2,-1,0,1,3,1,1,4
1038,1043,1036,1036,20,19,18,18,-5,7,0,1,1,0,2,2,2,1,1,4
782,787,785,782,21,19,21,21,-5,2,3,2,-2,0,0,1,1,2,1,4
342,342,344,344,13,16,15,16,0,-2,0,-3,1,-1,-3,1,1,2,2,4
998,993,996,996,20,19,20,18,5,-3,0,1,-1,2,2,1,1,2,2,4
998,996,984,989,20,19,20,18,2,12,-5,1,-1,2,2,1,2,1,1,4
942,942,942,942,17,16,18,18,0,0,0,1,-2,0,-1,3,1,3,1,4
543,534,529,524,14,14,13,13,9,5,5,0,1,0,1,1,3,3,3,4
1054,1052,1050,1052,17,16,15,16,2,2,-2,1,1,-1,1,1,2,1,2,4
271,269,267,269,21,19,20,21,2,2,-2,2,-1,-1,0,3,2,1,2,4
1052,1050,1024,1045,17,16,18,18,2,26,-21,1,-2,0,-1,2,1,2,1,4
857,848,848,843,14,14,15,16,9,0,5,0,-1,-1,-2,3,3,1,1,4
782,778,778,778,14,14,15,13,4,0,0,0,-1,2,1,1,1,1,1,4
881,876,878,878,14,17,15,16,5,-2,0,-3,2,-1,-2,1,1,2,2,4
478,468,464,468,20,19,20,18,10,4,-4,1,-1,2,2,1,1,3,1,4
679,674,674,674,13,14,15,13,5,0,0,-1,-1,2,0,1,3,1,3,4
349,344,342,342,17,16,18,16,5,2,0,1,-2,2,1,2,2,3,1,4
553,550,550,548,14,14,15,13,3,0,2,0,-1,2,1,1,2,2,1,4
314,316,314,311,14,14,13,13,-2,2,3,0,1,0,1,1,2,3,2,4
984,982,979,974,13,14,15,16,2,3,5,-1,-1,-1,-3,1,2,3,1,4
524,513,510,510,14,14,13,13,11,3,0,0,1,0,1,1,2,1,3,4
1068,1066,1064,1064,20,19,18,18,2,2,0,1,1,0,2,1,2,3,1,4
900,883,886,886,18,19,18,19,17,-3,0,-1,1,-1,-1,1,2,1,1,4
909,904,897,893,21,19,20,19,5,7,4,2,-1,1,2,3,1,2,2,4
853,855,850,848,18,19,18,18,-2,5,2,-1,1,0,0,3,2,2,1,4
590,581,576,574,21,19,20,21,9,5,2,2,-1,-1,0,3,1,1,2,4
1073,1068,1068,1068,13,16,15,16,5,0,0,-3,1,-1,-3,1,1,1,1,4
1003,998,993,996,13,14,15,13,5,5,-3,-1,-1,2,0,3,3,1,2,4
196,185,182,182,21,19,21,19,11,3,0,2,-2,2,2,3,2,1,1,4
1014,1007,998,1000,13,14,15,13,7,9,-2,-1,-1,2,0,2,1,3,2,4
656,656,651,646,17,16,18,18,0,5,5,1,-2,0,-1,1,3,3,1,4
637,632,632,637,17,19,18,18,5,0,-5,-2,1,0,-1,3,1,1,1,4
731,726,726,726,20,19,20,18,5,0,0,1,-1,2,2,1,1,1,1,4
250,243,239,241,18,17,18,18,7,4,-2,1,-1,0,0,2,1,3,2,4
562,553,557,560,14,14,15,13,9,-4,-3,0,-1,2,1,1,1,1,2,4
426,421,410,410,13,16,15,16,5,11,0,-3,1,-1,-3,3,1,2,2,4
848,836,834,834,14,17,15,16,12,2,0,-3,2,-1,-2,1,2,3,3,4
510,557,550,548,14,17,15,16,-47,7,2,-3,2,-1,-2,1,1,2,1,4
900,904,897,895,14,17,15,16,-4,7,2,-3,2,-1,-2,3,1,2,3,4
309,300,300,307,18,17,18,16,9,0,-7,1,-1,2,2,1,1,1,2,4
904,890,895,895,14,17,15,16,14,-5,0,-3,2,-1,-2,3,1,3,1,4
492,489,489,492,21,19,21,21,3,0,-3,2,-2,0,0,3,2,2,3,4
189,187,187,187,21,19,21,21,2,0,0,2,-2,0,0,2,1,1,3,4
389,384,384,396,17,16,18,16,5,0,-12,1,-2,2,1,3,1,1,2,4
761,757,752,754,13,14,15,16,4,5,-2,-1,-1,-1,-3,2,2,2,1,4
609,602,600,597,18,19,18,19,7,2,3,-1,1,-1,-1,3,2,1,2,4
332,346,323,328,13,16,15,16,-14,23,-5,-3,1,-1,-3,1,1,1,1,4
531,522,508,513,14,14,15,13,9,14,-5,0,-1,2,1,2,2,2,2,4
243,236,229,229,21,19,20,21,7,7,0,2,-1,-1,0,3,2,1,1,4
611,597,597,595,18,17,18,19,14,0,2,1,-1,-1,-1,2,2,2,1,4
1031,1033,1031,1026,13,14,15,13,-2,2,5,-1,-1,2,0,1,2,1,1,4
374,365,358,360,13,14,12,13,9,7,-2,-1,2,-1,0,1,3,2,3,4
595,588,574,569,14,17,15,16,7,14,5,-3,2,-1,-2,3,2,2,2,4
283,274,269,276,14,14,13,13,9,5,-7,0,1,0,1,2,2,2,1,4
464,466,468,464,17,16,15,16,-2,-2,4,1,1,-1,1,1,2,1,3,4
820,808,806,806,14,14,15,13,12,2,0,0,-1,2,1,1,2,1,1,4
743,736,738,736,13,14,12,13,7,-2,2,-1,2,-1,0,2,1,2,3,4
374,370,365,372,20,19,20,18,4,5,-7,1,-1,2,2,3,1,1,2,4
356,353,358,365,20,19,20,21,3,-5,-7,1,-1,-1,-1,1,2,2,1,4
276,255,243,243,14,14,15,13,21,12,0,0,-1,2,1,3,2,1,1,4
224,220,215,217,14,14,15,16,4,5,-2,0,-1,-1,-2,1,3,3,2,4
206,201,196,196,14,17,15,16,5,5,0,-3,2,-1,-2,3,1,1,1,4
1068,1068,1066,1068,13,14,12,13,0,2,-2,-1,2,-1,0,3,1,2,3,4
557,557,550,553,14,17,15,16,0,7,-3,-3,2,-1,-2,3,3,2,1,4
192,187,187,187,18,17,18,16,5,0,0,1,-1,2,2,1,1,1,1,4
600,593,586,588,14,17,15,16,7,7,-2,-3,2,-1,-2,1,2,3,2,4
843,841,839,834,18,19,18,18,2,2,5,-1,1,0,0,3,2,1,1,4
468,466,466,464,20,19,20,18,2,0,2,1,-1,2,2,1,2,2,1,4
386,379,379,384,20,19,20,18,7,0,-5,1,-1,2,2,2,1,1,3,4
429,421,421,426,13,14,15,13,8,0,-5,-1,-1,2,0,2,3,3,1,4
426,426,426,426,20,19,18,18,0,0,0,1,1,0,2,1,1,1,1,4
300,295,293,288,18,19,18,19,5,2,5,-1,1,-1,-1,1,3,2,2,4
787,773,759,757,14,14,15,13,14,14,2,0,-1,2,1,1,1,3,2,4
843,841,841,836,18,17,18,16,2,0,5,1,-1,2,2,3,2,2,2,4
623,618,621,618,14,14,13,13,5,-3,3,0,1,0,1,1,3,2,1,4
1029,1031,1026,1031,17,16,15,16,-2,5,-5,1,1,-1,1,2,1,1,1,4
932,925,923,925,13,14,13,13,7,2,-2,-1,1,0,0,1,2,1,2,4
398,400,398,400,13,14,12,13,-2,2,-2,-1,2,-1,0,3,2,1,2,4
335,325,323,323,20,19,21,21,10,2,0,1,-2,0,-1,2,2,1,1,4
628,623,623,625,21,19,21,21,5,0,-2,2,-2,0,0,1,1,1,2,4
900,895,890,890,18,19,18,19,5,5,0,-1,1,-1,-1,1,1,1,1,4
834,827,824,824,14,14,15,13,7,3,0,0,-1,2,1,1,2,1,1,4
468,468,468,468,20,19,20,21,0,0,0,1,-1,-1,-1,1,3,1,1,4
267,264,264,267,14,14,15,13,3,0,-3,0,-1,2,1,1,2,2,1,4
248,248,248,253,18,17,18,16,0,0,-5,1,-1,2,2,1,3,1,3,4
1043,1036,1036,1033,17,19,18,18,7,0,3,-2,1,0,-1,2,1,1,2,4
1003,993,991,996,17,16,18,16,10,2,-5,1,-2,2,1,3,1,2,2,4
271,262,264,264,18,19,18,18,9,-2,0,-1,1,0,0,3,1,2,2,4
276,271,271,269,14,14,13,13,5,0,2,0,1,0,1,1,1,3,2,4
740,736,740,738,13,14,12,13,4,-4,2,-1,2,-1,0,1,3,1,2,4
881,876,867,874,18,17,18,18,5,9,-7,1,-1,0,0,3,1,3,2,4
759,759,759,759,17,16,18,16,0,0,0,1,-2,2,1,1,1,1,1,4
588,583,578,581,14,14,15,13,5,5,-3,0,-1,2,1,2,2,2,3,4
328,318,309,311,14,14,15,13,10,9,-2,0,-1,2,1,1,3,1,2,4
248,248,239,243,21,19,20,18,0,9,-4,2,-1,2,3,1,3,3,1,4
524,515,515,510,14,17,15,16,9,0,5,-3,2,-1,-2,1,3,3,1,4
485,473,473,468,18,16,18,18,12,0,5,2,-2,0,0,2,1,3,1,4
325,321,309,314,14,17,15,16,4,12,-5,-3,2,-1,-2,2,2,1,3,4
342,328,318,325,13,17,18,16,14,10,-7,-4,-1,2,-3,1,1,1,2,4
946,942,939,939,13,14,15,13,4,3,0,-1,-1,2,0,3,1,2,2,4
248,246,241,239,18,19,18,18,2,5,2,-1,1,0,0,1,2,2,1,4
815,815,813,815,14,14,13,13,0,2,-2,0,1,0,1,3,3,2,1,4
792,789,787,789,18,17,18,16,3,2,-2,1,-1,2,2,1,2,3,2,4
750,745,743,745,13,14,12,13,5,2,-2,-1,2,-1,0,3,1,2,3,4
217,206,196,194,14,14,13,13,11,10,2,0,1,0,1,2,3,1,2,4
937,937,935,932,13,14,13,13,0,2,3,-1,1,0,0,1,3,2,1,4
337,335,335,332,20,19,20,18,2,0,3,1,-1,2,2,1,2,2,1,4
1017,1014,1007,1012,13,14,15,13,3,7,-5,-1,-1,2,0,3,2,1,1,4
478,475,468,468,13,14,12,13,3,7,0,-1,2,-1,0,1,2,3,1,4
815,810,808,806,14,14,13,13,5,2,2,0,1,0,1,3,3,2,1,4
229,220,217,217,14,17,15,16,9,3,0,-3,2,-1,-2,3,1,2,2,4
520,515,513,513,18,17,18,16,5,2,0,1,-1,2,2,1,1,2,2,4
628,625,625,621,14,14,15,16,3,0,4,0,-1,-1,-2,1,2,2,2,4
407,407,403,403,20,19,20,18,0,4,0,1,-1,2,2,1,1,1,1,4
1054,1045,1040,1038,13,14,12,13,9,5,2,-1,2,-1,0,1,3,1,2,4
768,768,768,766,20,19,18,18,0,0,2,1,1,0,2,3,1,1,2,4
328,325,323,323,21,19,21,21,3,2,0,2,-2,0,0,1,2,1,1,4
1054,1050,1047,1047,13,14,15,13,4,3,0,-1,-1,2,0,1,1,2,2,4
506,499,496,494,14,14,13,13,7,3,2,0,1,0,1,1,2,3,2,4
879,878,867,867,18,19,18,18,1,11,0,-1,1,0,0,2,2,1,1,4
433,431,431,431,17,16,18,18,2,0,0,1,-2,0,-1,2,3,1,1,4
1050,1050,1043,1043,17,16,18,18,0,7,0,1,-2,0,-1,3,1,2,2,4
215,213,208,208,14,14,13,13,2,5,0,0,1,0,1,3,2,2,2,4
1031,1031,1026,1024,13,14,12,13,0,5,2,-1,2,-1,0,1,3,1,2,4
960,956,958,956,13,14,12,13,4,-2,2,-1,2,-1,0,1,3,2,1,4
590,586,586,583,18,17,18,16,4,0,3,1,-1,2,2,3,3,1,2,4
1003,1000,1003,1005,17,16,18,21,3,-3,-2,1,-2,-3,-4,1,2,3,2,4
571,567,557,564,21,19,20,21,4,10,-7,2,-1,-1,0,1,1,1,2,4
618,614,616,616,18,17,18,19,4,-2,0,1,-1,-1,-1,3,3,2,2,4
344,342,342,344,17,19,18,18,2,0,-2,-2,1,0,-1,2,1,1,2,4
909,900,888,890,14,14,13,13,9,12,-2,0,1,0,1,1,1,2,1,4
839,836,832,834,14,17,15,16,3,4,-2,-3,2,-1,-2,1,2,2,1,4
377,374,374,374,20,19,20,21,3,0,0,1,-1,-1,-1,2,1,1,1,4
946,944,935,932,17,16,15,16,2,9,3,1,1,-1,1,3,2,2,1,4
241,232,232,229,18,19,18,19,9,0,3,-1,1,-1,-1,2,2,2,3,4
625,628,623,623,18,19,18,19,-3,5,0,-1,1,-1,-1,2,1,1,1,4
342,335,335,342,13,14,15,13,7,0,-7,-1,-1,2,0,1,2,2,1,4
618,614,609,614,14,14,13,13,4,5,-5,0,1,0,1,1,1,3,1,4
431,428,426,424,17,16,18,18,3,2,2,1,-2,0,-1,1,2,1,2,4
712,707,703,703,17,16,15,16,5,4,0,1,1,-1,1,1,1,1,1,4
403,410,403,403,20,19,20,21,-7,7,0,1,-1,-1,-1,1,2,1,3,4
981,977,970,965,13,14,12,13,4,7,5,-1,2,-1,0,2,2,1,1,4
900,888,890,890,14,17,15,16,12,-2,0,-3,2,-1,-2,1,2,1,3,4
393,389,384,384,17,16,15,16,4,5,0,1,1,-1,1,1,3,3,3,4
1040,1040,1036,1036,13,14,15,16,0,4,0,-1,-1,-1,-3,1,3,1,1,4
1038,1028,1024,1019,13,14,12,13,10,4,5,-1,2,-1,0,2,2,2,2,4
220,220,220,217,14,17,15,16,0,0,3,-3,2,-1,-2,1,3,1,2,4
778,773,771,773,17,19,18,18,5,2,-2,-2,1,0,-1,1,1,2,1,4
909,909,911,909,14,17,15,16,0,-2,2,-3,2,-1,-2,3,3,2,3,4
750,745,738,738,13,14,15,13,5,7,0,-1,-1,2,0,1,3,2,2,4
557,557,553,553,21,19,20,21,0,4,0,2,-1,-1,0,1,1,1,1,4
998,993,991,991,17,16,18,16,5,2,0,1,-2,2,1,1,1,2,2,4
215,203,203,203,14,17,15,16,12,0,0,-3,2,-1,-2,1,2,2,2,4
438,431,436,440,20,19,18,18,7,-5,-4,1,1,0,2,2,1,1,1,4
951,946,937,939,13,14,12,13,5,9,-2,-1,2,-1,0,1,3,1,2,4
360,360,360,360,17,16,18,18,0,0,0,1,-2,0,-1,3,1,1,1,4
440,443,436,433,17,16,18,18,-3,7,3,1,-2,0,-1,1,2,3,2,4
1036,1038,1033,1033,13,14,12,13,-2,5,0,-1,2,-1,0,1,2,2,2,4
1010,1003,1003,1003,20,19,20,18,7,0,0,1,-1,2,2,2,1,1,1,4
279,269,269,267,14,14,15,13,10,0,2,0,-1,2,1,2,2,2,1,4
414,417,414,412,17,16,15,16,-3,3,2,1,1,-1,1,2,1,2,1,4
773,775,773,768,20,19,20,21,-2,2,5,1,-1,-1,-1,1,2,1,3,4
576,571,567,567,18,19,18,18,5,4,0,-1,1,0,0,3,1,3,1,4
738,740,740,738,13,14,12,13,-2,0,2,-1,2,-1,0,2,3,3,2,4
642,642,639,637,20,19,20,18,0,3,2,1,-1,2,2,1,3,2,3,4
614,611,609,609,14,14,15,13,3,2,0,0,-1,2,1,1,2,3,3,4
618,611,600,604,14,14,15,16,7,11,-4,0,-1,-1,-2,1,2,3,1,4
574,569,569,571,14,14,15,13,5,0,-2,0,-1,2,1,2,2,2,1,4
182,1075,1078,1073,18,19,20,18,-893,-3,5,-1,-1,2,0,1,2,1,1,4
529,524,522,522,18,19,18,19,5,2,0,-1,1,-1,-1,1,3,2,2,4
541,536,532,536,18,17,18,16,5,4,-4,1,-1,2,2,2,2,2,2,4
897,895,893,890,21,19,20,19,2,2,3,2,-1,1,2,2,1,2,1,4
227,220,217,215,14,14,15,16,7,3,2,0,-1,-1,-2,2,1,2,3,4
571,567,562,562,14,17,15,16,4,5,0,-3,2,-1,-2,1,1,1,1,4
607,609,602,607,14,14,15,13,-2,7,-5,0,-1,2,1,2,3,2,2,4
445,438,431,436,13,16,15,16,7,7,-5,-3,1,-1,-3,1,2,1,1,4
210,208,206,206,18,19,18,19,2,2,0,-1,1,-1,-1,3,2,1,1,4
607,595,593,590,14,14,15,16,12,2,3,0,-1,-1,-2,2,3,2,1,4
888,883,876,881,14,17,15,16,5,7,-5,-3,2,-1,-2,2,2,3,1,4
241,236,236,239,14,14,13,13,5,0,-3,0,1,0,1,2,2,2,3,4
834,829,829,832,18,19,18,19,5,0,-3,-1,1,-1,-1,3,1,3,2,4
384,377,379,374,13,16,15,16,7,-2,5,-3,1,-1,-3,1,2,1,3,4
536,524,513,510,14,14,15,13,12,11,3,0,-1,2,1,2,1,2,1,4
876,869,869,869,14,14,13,13,7,0,0,0,1,0,1,1,2,2,2,4
286,278,276,276,18,19,18,18,8,2,0,-1,1,0,0,1,2,3,1,4
583,571,567,564,14,17,15,16,12,4,3,-3,2,-1,-2,2,1,3,2,4
210,206,203,206,21,19,20,19,4,3,-3,2,-1,1,2,1,1,2,1,4
571,567,564,571,14,14,13,13,4,3,-7,0,1,0,1,3,1,2,1,4
407,405,407,428,13,14,15,13,2,-2,-21,-1,-1,2,0,3,2,3,2,4
754,759,759,759,20,19,20,18,-5,0,0,1,-1,2,2,1,1,1,1,4
286,278,283,281,14,14,15,16,8,-5,2,0,-1,-1,-2,1,2,2,1,4
187,187,192,196,21,19,21,19,0,-5,-4,2,-2,2,2,1,1,1,1,4
918,914,904,914,14,14,15,13,4,10,-10,0,-1,2,1,3,1,1,1,4
743,736,740,731,20,19,20,18,7,-4,9,1,-1,2,2,2,1,1,1,4
1026,1026,1031,1028,20,19,20,21,0,-5,3,1,-1,-1,-1,3,3,1,2,4
879,874,867,867,18,19,18,18,5,7,0,-1,1,0,0,2,2,1,1,4
353,346,337,337,17,16,18,16,7,9,0,1,-2,2,1,2,1,1,1,4
243,232,229,229,18,17,18,16,11,3,0,1,-1,2,2,1,2,3,1,4
346,337,332,332,13,14,15,13,9,5,0,-1,-1,2,0,1,3,1,1,4
421,417,407,410,13,14,15,13,4,10,-3,-1,-1,2,0,1,1,1,2,4
803,801,801,796,18,19,18,19,2,0,5,-1,1,-1,-1,2,1,1,1,4
279,271,267,281,18,19,18,19,8,4,-14,-1,1,-1,-1,2,1,1,1,4
337,337,335,332,13,14,13,13,0,2,3,-1,1,0,0,3,1,2,1,4
356,356,353,351,20,19,20,18,0,3,2,1,-1,2,2,3,1,2,1,4
991,984,986,984,17,19,18,18,7,-2,2,-2,1,0,-1,2,3,2,1,4
998,998,998,998,13,14,15,13,0,0,0,-1,-1,2,0,3,3,3,1,4
623,621,623,623,18,17,18,19,2,-2,0,1,-1,-1,-1,1,2,1,1,4
644,642,637,644,13,14,12,13,2,5,-7,-1,2,-1,0,2,3,3,2,4
489,487,487,482,18,19,18,19,2,0,5,-1,1,-1,-1,2,3,1,1,4
482,475,473,473,18,19,18,18,7,2,0,-1,1,0,0,1,2,1,1,4
407,417,400,407,13,14,15,13,-10,17,-7,-1,-1,2,0,3,1,2,1,4
986,979,982,979,13,16,15,16,7,-3,3,-3,1,-1,-3,2,1,2,1,4
801,794,789,789,14,17,15,16,7,5,0,-3,2,-1,-2,1,2,2,2,4
724,714,714,712,13,14,15,13,10,0,2,-1,-1,2,0,2,2,2,1,4
571,567,567,564,21,19,20,21,4,0,3,2,-1,-1,0,3,1,1,2,4
496,487,492,492,18,19,18,19,9,-5,0,-1,1,-1,-1,1,1,1,1,4
1003,1000,991,998,20,19,18,18,3,9,-7,1,1,0,2,1,2,2,1,4
914,907,902,904,18,19,18,19,7,5,-2,-1,1,-1,-1,1,2,2,1,4
883,871,869,878,14,14,15,13,12,2,-9,0,-1,2,1,2,1,2,2,4
956,956,956,953,17,16,18,18,0,0,3,1,-2,0,-1,1,1,1,2,4
1073,1068,1073,1073,20,19,20,21,5,-5,0,1,-1,-1,-1,1,1,3,1,4
229,222,215,215,14,14,15,13,7,7,0,0,-1,2,1,1,2,3,3,4
309,332,309,314,14,14,13,13,-23,23,-5,0,1,0,1,3,1,1,1,4
374,374,370,370,20,19,18,18,0,4,0,1,1,0,2,3,3,1,1,4
820,806,810,806,14,14,15,13,14,-4,4,0,-1,2,1,1,1,1,3,4
928,923,916,921,14,14,15,13,5,7,-5,0,-1,2,1,1,3,2,2,4
778,773,773,773,20,19,18,18,5,0,0,1,1,0,2,1,1,1,1,4
262,262,262,262,18,17,18,16,0,0,0,1,-1,2,2,1,1,1,1,4
949,949,942,942,13,14,12,13,0,7,0,-1,2,-1,0,2,2,3,1,4
1026,1019,1017,1019,13,14,12,13,7,2,-2,-1,2,-1,0,1,2,1,2,4
302,300,276,300,14,14,13,13,2,24,-24,0,1,0,1,2,3,1,1,4
1066,1066,1061,1064,13,14,15,13,0,5,-3,-1,-1,2,0,2,2,2,3,4
1026,1021,1019,1021,13,14,12,13,5,2,-2,-1,2,-1,0,3,3,2,3,4
660,663,656,658,13,14,15,13,-3,7,-2,-1,-1,2,0,1,2,1,2,4
524,527,520,520,14,14,15,13,-3,7,0,0,-1,2,1,1,2,3,1,4
548,548,546,543,14,17,15,16,0,2,3,-3,2,-1,-2,3,1,2,3,4
1029,1026,1017,1017,13,14,15,16,3,9,0,-1,-1,-1,-3,2,3,3,1,4
534,524,524,524,18,17,18,19,10,0,0,1,-1,-1,-1,1,1,1,1,4
1059,1059,1054,1061,20,19,20,21,0,5,-7,1,-1,-1,-1,1,3,1,2,4
253,250,250,250,21,19,20,21,3,0,0,2,-1,-1,0,1,2,2,2,4
304,302,300,302,14,17,15,16,2,2,-2,-3,2,-1,-2,3,2,1,2,4
224,220,220,222,14,14,15,13,4,0,-2,0,-1,2,1,3,3,3,2,4
520,517,515,515,21,19,20,19,3,2,0,2,-1,1,2,1,2,1,1,4
646,658,649,651,13,14,12,13,-12,9,-2,-1,2,-1,0,1,2,2,1,4
965,963,956,951,20,19,20,21,2,7,5,1,-1,-1,-1,1,2,1,1,4
981,982,977,982,17,16,18,18,-1,5,-5,1,-2,0,-1,2,2,2,2,4
586,499,496,496,21,19,21,19,87,3,0,2,-2,2,2,1,2,1,1,4
867,867,862,864,21,19,20,21,0,5,-2,2,-1,-1,0,1,3,1,2,4
412,410,405,396,13,14,15,13,2,5,9,-1,-1,2,0,1,2,2,2,4
689,679,679,684,13,14,12,13,10,0,-5,-1,2,-1,0,1,3,3,1,4
492,487,487,482,18,17,18,19,5,0,5,1,-1,-1,-1,3,1,3,1,4
801,789,785,782,18,19,18,19,12,4,3,-1,1,-1,-1,3,2,2,1,4
192,192,189,189,18,17,18,16,0,3,0,1,-1,2,2,1,1,2,2,4
550,550,550,550,21,19,20,18,0,0,0,2,-1,2,3,2,2,2,2,4
857,817,815,815,14,17,15,16,40,2,0,-3,2,-1,-2,1,2,1,1,4
318,318,318,314,18,19,18,19,0,0,4,-1,1,-1,-1,1,3,1,1,4
1019,1019,1012,1012,17,16,15,16,0,7,0,1,1,-1,1,2,2,1,1,4
721,714,717,712,20,19,18,18,7,-3,5,1,1,0,2,1,2,3,3,4
248,250,248,250,21,19,20,21,-2,2,-2,2,-1,-1,0,1,2,1,2,4
309,309,300,302,18,17,18,19,0,9,-2,1,-1,-1,-1,3,1,1,2,4
665,663,660,665,20,19,20,18,2,3,-5,1,-1,2,2,3,2,1,1,4
740,738,736,736,13,14,12,13,2,2,0,-1,2,-1,0,1,2,3,1,4
738,736,731,733,13,16,15,16,2,5,-2,-3,1,-1,-3,2,3,3,2,4
346,344,335,339,17,16,15,16,2,9,-4,1,1,-1,1,1,2,2,2,4
318,302,300,300,18,17,18,19,16,2,0,1,-1,-1,-1,3,2,1,1,4
513,510,506,506,18,17,18,16,3,4,0,1,-1,2,2,2,1,1,3,4
731,724,719,717,17,16,18,16,7,5,2,1,-2,2,1,1,2,2,1,4
440,436,436,436,17,19,18,18,4,0,0,-2,1,0,-1,3,1,1,1,4
693,686,682,679,13,14,15,13,7,4,3,-1,-1,2,0,3,2,2,1,4
529,517,506,506,14,17,15,16,12,11,0,-3,2,-1,-2,3,2,1,1,4
281,276,276,269,21,19,20,18,5,0,7,2,-1,2,3,1,1,1,2,4
325,325,321,323,18,19,18,19,0,4,-2,-1,1,-1,-1,2,2,2,1,4
506,503,496,496,14,14,15,13,3,7,0,0,-1,2,1,1,2,3,1,4
445,443,436,440,13,14,12,13,2,7,-4,-1,2,-1,0,3,2,1,1,4
651,646,646,646,20,19,20,18,5,0,0,1,-1,2,2,1,3,1,1,4
564,562,562,595,21,19,20,19,2,0,-33,2,-1,1,2,2,1,1,1,4
764,759,757,759,17,16,15,16,5,2,-2,1,1,-1,1,3,3,2,1,4
946,949,946,942,17,16,18,18,-3,3,4,1,-2,0,-1,1,2,1,1,4
431,424,424,419,13,14,12,13,7,0,5,-1,2,-1,0,1,2,2,2,4
1059,1052,1052,1050,20,19,20,21,7,0,2,1,-1,-1,-1,1,2,2,1,4
229,227,220,220,14,14,13,13,2,7,0,0,1,0,1,3,2,3,1,4
318,321,321,323,14,17,15,16,-3,0,-2,-3,2,-1,-2,1,2,2,3,4
703,700,698,696,17,16,18,16,3,2,2,1,-2,2,1,1,2,1,2,4
911,902,900,895,21,19,20,19,9,2,5,2,-1,1,2,2,2,1,1,4
534,532,529,524,18,17,18,16,2,3,5,1,-1,2,2,1,2,1,1,4
384,384,379,384,17,16,15,16,0,5,-5,1,1,-1,1,3,1,1,1,4
989,989,979,979,13,14,12,13,0,10,0,-1,2,-1,0,3,1,1,1,4
318,316,314,309,18,17,18,19,2,2,5,1,-1,-1,-1,3,2,1,3,4
309,307,304,304,14,17,15,16,2,3,0,-3,2,-1,-2,3,2,1,3,4
332,325,318,323,13,14,13,13,7,7,-5,-1,1,0,0,1,2,3,1,4
778,775,773,771,13,14,12,13,3,2,2,-1,2,-1,0,1,2,3,2,4
344,342,337,339,20,19,20,18,2,5,-2,1,-1,2,2,2,1,1,2,4
503,489,499,501,14,17,15,16,14,-10,-2,-3,2,-1,-2,2,2,2,1,4
515,510,510,508,18,19,18,19,5,0,2,-1,1,-1,-1,1,1,1,2,4
279,274,267,271,14,14,13,13,5,7,-4,0,1,0,1,2,2,1,3,4
831,829,829,824,18,19,18,19,2,0,5,-1,1,-1,-1,2,3,1,1,4
424,421,419,417,13,16,15,16,3,2,2,-3,1,-1,-3,2,3,2,1,4
213,210,210,206,21,19,20,21,3,0,4,2,-1,-1,0,2,3,1,3,4
339,335,346,328,13,14,15,13,4,-11,18,-1,-1,2,0,2,2,1,1,4
745,740,740,738,20,19,20,21,5,0,2,1,-1,-1,-1,1,1,1,2,4
239,236,234,234,21,19,20,21,3,2,0,2,-1,-1,0,1,2,1,1,4
290,281,278,281,18,19,18,19,9,3,-3,-1,1,-1,-1,1,3,2,1,4
443,438,440,450,20,19,18,18,5,-2,-10,1,1,0,2,2,2,1,1,4
888,883,886,886,18,17,18,16,5,-3,0,1,-1,2,2,2,2,1,3,4
351,346,346,342,17,16,18,18,5,0,4,1,-2,0,-1,1,1,1,1,4
454,454,447,450,20,19,20,21,0,7,-3,1,-1,-1,-1,1,3,2,1,4
771,768,766,764,17,16,15,16,3,2,2,1,1,-1,1,2,3,2,1,4
192,182,1073,1078,21,19,20,18,10,-891,-5,2,-1,2,3,3,1,1,1,4
539,534,532,529,18,17,18,16,5,2,3,1,-1,2,2,3,1,2,1,4
450,447,445,445,20,19,20,18,3,2,0,1,-1,2,2,1,2,1,1,4
642,635,632,628,13,14,15,13,7,3,4,-1,-1,2,0,3,2,1,1,4
614,614,609,614,21,19,21,19,0,5,-5,2,-2,2,2,3,3,1,1,4
206,199,196,199,14,14,13,13,7,3,-3,0,1,0,1,1,2,3,2,4
569,562,564,567,14,17,15,16,7,-2,-3,-3,2,-1,-2,2,3,2,1,4
796,799,796,792,14,14,15,13,-3,3,4,0,-1,2,1,1,2,3,1,4
454,452,445,447,20,19,18,18,2,7,-2,1,1,0,2,1,2,3,2,4
986,989,989,989,13,14,15,13,-3,0,0,-1,-1,2,0,2,1,1,1,4
564,562,557,555,14,17,15,16,2,5,2,-3,2,-1,-2,2,3,3,2,4
239,236,234,229,18,19,18,19,3,2,5,-1,1,-1,-1,1,2,1,1,4
1038,1036,1036,1036,17,16,18,18,2,0,0,1,-2,0,-1,2,3,1,1,4
902,893,890,890,14,14,15,16,9,3,0,0,-1,-1,-2,2,2,3,1,4
714,717,710,710,17,19,18,18,-3,7,0,-2,1,0,-1,2,1,2,2,4
979,977,979,974,20,19,20,21,2,-2,5,1,-1,-1,-1,3,2,1,1,4
595,590,588,588,18,17,18,19,5,2,0,1,-1,-1,-1,1,3,2,2,4
508,506,501,501,14,17,15,16,2,5,0,-3,2,-1,-2,2,3,3,3,4
185,182,1078,1078,14,17,15,16,3,-896,0,-3,2,-1,-2,2,1,1,1,4
1024,1019,1010,1007,13,14,12,13,5,9,3,-1,2,-1,0,2,2,2,1,4
710,710,703,710,20,19,20,21,0,7,-7,1,-1,-1,-1,2,2,1,2,4
1054,1050,1047,1050,17,16,18,18,4,3,-3,1,-2,0,-1,1,1,2,1,4
473,471,466,466,13,14,12,13,2,5,0,-1,2,-1,0,1,2,2,2,4
693,689,682,682,13,14,15,13,4,7,0,-1,-1,2,0,3,3,2,2,4
689,684,677,682,13,14,12,13,5,7,-5,-1,2,-1,0,1,3,2,2,4
686,679,679,674,17,16,18,18,7,0,5,1,-2,0,-1,2,1,3,1,4
656,656,653,646,13,14,12,13,0,3,7,-1,2,-1,0,1,3,2,1,4
407,403,403,405,13,16,15,16,4,0,-2,-3,1,-1,-3,1,1,3,2,4
635,632,628,625,13,14,13,13,3,4,3,-1,1,0,0,2,1,1,2,4
459,452,452,454,17,16,15,16,7,0,-2,1,1,-1,1,1,2,2,3,4
785,773,778,785,18,16,18,16,12,-5,-7,2,-2,2,2,2,3,1,2,4
524,522,524,520,14,14,13,13,2,-2,4,0,1,0,1,1,2,1,3,4
281,276,274,281,14,14,15,13,5,2,-7,0,-1,2,1,3,3,2,1,4
520,513,510,510,14,17,15,16,7,3,0,-3,2,-1,-2,3,2,1,3,4
279,271,267,264,14,14,15,13,8,4,3,0,-1,2,1,2,3,1,2,4
649,644,642,639,17,19,18,18,5,2,3,-2,1,0,-1,2,2,1,2,4
801,796,794,792,14,14,13,13,5,2,2,0,1,0,1,3,3,2,3,4
279,271,267,269,18,19,18,18,8,4,-2,-1,1,0,0,2,1,1,2,4
431,428,426,421,20,19,20,18,3,2,5,1,-1,2,2,1,2,1,1,4
609,607,602,600,14,14,15,13,2,5,2,0,-1,2,1,1,2,2,1,4
510,503,501,501,21,19,21,19,7,2,0,2,-2,2,2,1,2,1,1,4
970,958,960,960,13,14,15,16,12,-2,0,-1,-1,-1,-3,1,2,1,1,4
771,766,768,766,20,19,20,21,5,-2,2,1,-1,-1,-1,2,2,1,2,4
421,417,417,414,20,19,20,21,4,0,3,1,-1,-1,-1,1,1,1,2,4
1057,1059,1052,1054,13,14,15,13,-2,7,-2,-1,-1,2,0,2,1,2,1,4
227,222,215,217,18,19,20,19,5,7,-2,-1,-1,1,-1,2,2,1,2,4
663,658,660,656,17,19,18,18,5,-2,4,-2,1,0,-1,2,2,1,1,4
492,492,485,487,21,19,21,21,0,7,-2,2,-2,0,0,1,1,2,1,4
360,349,339,337,13,14,12,13,11,10,2,-1,2,-1,0,1,2,2,1,4
703,700,700,703,17,16,15,16,3,0,-3,1,1,-1,1,1,2,2,1,4
429,426,428,426,20,19,20,18,3,-2,2,1,-1,2,2,2,1,2,1,4
452,447,445,447,17,16,18,18,5,2,-2,1,-2,0,-1,2,2,3,2,4
452,445,445,440,13,16,15,16,7,0,5,-3,1,-1,-3,2,1,1,1,4
325,318,314,314,21,19,21,21,7,4,0,2,-2,0,0,2,1,1,1,4
1050,1045,1038,1033,17,19,18,18,5,7,5,-2,1,0,-1,3,3,2,2,4
764,764,766,768,20,19,20,18,0,-2,-2,1,-1,2,2,3,1,2,1,4
196,192,187,185,18,17,18,19,4,5,2,1,-1,-1,-1,1,3,1,2,4
290,290,290,288,14,17,15,16,0,0,2,-3,2,-1,-2,3,3,1,2,4
895,897,893,893,21,19,20,21,-2,4,0,2,-1,-1,0,1,2,2,2,4
564,562,564,562,21,19,20,21,2,-2,2,2,-1,-1,0,2,1,2,3,4
747,740,736,736,13,16,15,16,7,4,0,-3,1,-1,-3,2,3,1,1,4
806,799,801,808,18,17,18,19,7,-2,-7,1,-1,-1,-1,3,2,1,2,4
1000,993,989,984,13,14,15,13,7,4,5,-1,-1,2,0,2,1,3,1,4
318,314,309,309,21,19,21,19,4,5,0,2,-2,2,2,1,1,1,1,4
431,421,419,426,17,16,15,16,10,2,-7,1,1,-1,1,1,1,2,1,4
367,360,363,370,20,19,18,18,7,-3,-7,1,1,0,2,2,1,2,1,4
907,897,904,907,21,19,20,19,10,-7,-3,2,-1,1,2,2,2,1,2,4
309,295,290,295,14,17,15,16,14,5,-5,-3,2,-1,-2,3,3,1,1,4
274,269,264,267,18,19,18,18,5,5,-3,-1,1,0,0,2,2,2,1,4
621,618,623,621,14,14,15,16,3,-5,2,0,-1,-1,-2,2,3,1,2,4
721,721,719,717,20,19,20,18,0,2,2,1,-1,2,2,1,3,2,1,4
468,464,459,459,13,14,12,13,4,5,0,-1,2,-1,0,3,1,1,3,4
304,302,297,302,14,14,13,13,2,5,-5,0,1,0,1,1,2,2,2,4
717,724,712,714,13,14,15,16,-7,12,-2,-1,-1,-1,-3,1,2,1,2,4
440,436,436,436,17,16,18,16,4,0,0,1,-2,2,1,1,1,1,1,4
1059,1054,1054,1052,20,19,20,21,5,0,2,1,-1,-1,-1,3,3,1,2,4
524,522,524,524,21,19,20,19,2,-2,0,2,-1,1,2,3,2,1,1,4
473,473,473,464,13,14,12,13,0,0,9,-1,2,-1,0,1,3,1,1,4
337,325,325,328,13,14,13,13,12,0,-3,-1,1,0,0,1,2,2,1,4
586,581,581,583,14,14,13,13,5,0,-2,0,1,0,1,1,1,1,2,4
524,515,508,515,14,17,15,16,9,7,-7,-3,2,-1,-2,1,3,2,3,4
1024,1019,1014,1010,13,14,15,13,5,5,4,-1,-1,2,0,2,2,2,2,4
862,860,853,857,21,19,20,21,2,7,-4,2,-1,-1,0,1,2,3,1,4
262,260,257,257,21,19,20,21,2,3,0,2,-1,-1,0,1,2,1,1,4
621,623,618,621,14,14,13,13,-2,5,-3,0,1,0,1,2,1,3,2,4
250,243,243,243,18,17,18,18,7,0,0,1,-1,0,0,2,1,1,1,4
792,789,792,792,21,19,21,21,3,-3,0,2,-2,0,0,1,2,1,1,4
656,649,644,642,17,16,18,16,7,5,2,1,-2,2,1,1,2,2,1,4
853,848,848,848,21,19,20,18,5,0,0,2,-1,2,3,3,3,1,1,4
1007,1007,1003,1007,20,19,20,18,0,4,-4,1,-1,2,2,3,3,1,1,4
632,625,623,628,13,14,13,13,7,2,-5,-1,1,0,0,1,2,1,1,4
813,806,801,801,14,17,15,16,7,5,0,-3,2,-1,-2,2,3,1,1,4
377,372,370,370,17,19,18,18,5,2,0,-2,1,0,-1,2,2,1,3,4
646,642,642,646,13,14,12,13,4,0,-4,-1,2,-1,0,1,1,1,3,4
855,850,850,855,18,19,18,21,5,0,-5,-1,1,-3,-3,2,2,2,2,4
632,635,628,623,13,14,13,13,-3,7,5,-1,1,0,0,1,2,1,1,4
337,328,318,321,13,14,15,13,9,10,-3,-1,-1,2,0,1,1,3,2,4
424,424,412,414,13,14,15,13,0,12,-2,-1,-1,2,0,2,2,1,2,4
569,567,560,567,14,14,13,13,2,7,-7,0,1,0,1,2,3,2,1,4
257,250,248,243,18,17,18,18,7,2,5,1,-1,0,0,1,2,1,1,4
1040,1036,1031,1026,17,16,15,16,4,5,5,1,1,-1,1,3,1,1,1,4
874,874,871,869,18,19,18,18,0,3,2,-1,1,0,0,2,2,1,2,4
714,717,703,707,13,14,15,13,-3,14,-4,-1,-1,2,0,2,1,1,1,4
782,775,768,771,14,14,12,13,7,7,-3,0,2,-1,1,1,2,3,2,4
984,982,979,982,20,19,20,21,2,3,-3,1,-1,-1,-1,3,2,1,2,4
625,614,618,621,18,19,18,19,11,-4,-3,-1,1,-1,-1,2,1,1,2,4
309,311,307,314,18,17,18,19,-2,4,-7,1,-1,-1,-1,1,2,2,1,4
860,853,848,853,18,17,18,16,7,5,-5,1,-1,2,2,2,1,1,1,4
257,257,257,260,14,14,15,13,0,0,-3,0,-1,2,1,3,3,1,2,4
496,492,487,485,14,14,15,13,4,5,2,0,-1,2,1,1,3,1,2,4
353,349,344,344,17,16,15,16,4,5,0,1,1,-1,1,2,2,2,2,4
686,679,670,677,13,14,12,13,7,9,-7,-1,2,-1,0,2,3,1,2,4
782,773,768,768,14,14,12,13,9,5,0,0,2,-1,1,1,3,1,3,4
689,679,674,672,13,14,15,13,10,5,2,-1,-1,2,0,1,3,1,2,4
658,660,656,658,17,16,18,16,-2,4,-2,1,-2,2,1,2,1,3,2,4
206,196,199,199,18,17,18,16,10,-3,0,1,-1,2,2,1,1,2,2,4
393,391,389,389,13,16,15,16,2,2,0,-3,1,-1,-3,3,2,1,3,4
879,857,850,860,14,14,15,13,22,7,-10,0,-1,2,1,2,1,2,2,4
1066,1064,1064,1064,13,14,15,13,2,0,0,-1,-1,2,0,2,3,1,1,4
574,564,567,567,18,19,20,18,10,-3,0,-1,-1,2,0,2,2,1,1,4
182,1078,1073,1078,14,16,15,16,-896,5,-5,-2,1,-1,-2,1,1,1,1,4
806,799,806,808,14,14,15,13,7,-7,-2,0,-1,2,1,1,2,1,2,4
318,300,295,304,14,17,15,16,18,5,-9,-3,2,-1,-2,3,3,3,1,4
543,543,539,543,14,17,15,16,0,4,-4,-3,2,-1,-2,3,3,3,1,4
991,996,993,993,17,16,18,18,-5,3,0,1,-2,0,-1,2,2,1,3,4
843,843,839,839,14,14,15,13,0,4,0,0,-1,2,1,3,1,1,3,4
984,984,979,979,20,19,18,18,0,5,0,1,1,0,2,3,3,1,3,4
998,996,993,993,20,19,20,18,2,3,0,1,-1,2,2,1,2,1,1,4
996,993,991,993,17,19,18,18,3,2,-2,-2,1,0,-1,2,1,2,1,4
300,290,290,286,18,19,20,19,10,0,4,-1,-1,1,-1,1,1,1,1,4
412,407,412,410,20,19,20,18,5,-5,2,1,-1,2,2,1,1,1,2,4
239,232,234,229,21,19,20,19,7,-2,5,2,-1,1,2,3,2,1,1,4
384,426,426,426,20,19,18,18,-42,0,0,1,1,0,2,1,1,1,1,4
1073,1068,1073,1073,20,19,20,18,5,-5,0,1,-1,2,2,1,3,1,1,4
560,550,536,539,14,17,15,16,10,14,-3,-3,2,-1,-2,2,2,2,1,4
986,989,989,991,13,14,15,13,-3,0,-2,-1,-1,2,0,2,3,1,2,4
581,576,571,571,18,17,18,18,5,5,0,1,-1,0,0,1,1,1,3,4
829,817,810,808,14,17,15,16,12,7,2,-3,2,-1,-2,1,2,1,2,4
485,478,473,471,14,16,15,16,7,5,2,-2,1,-1,-2,2,1,3,2,4
974,970,970,972,13,14,12,13,4,0,-2,-1,2,-1,0,1,3,1,2,4
335,325,321,323,13,14,13,13,10,4,-2,-1,1,0,0,2,2,2,1,4
658,653,646,651,13,16,15,16,5,7,-5,-3,1,-1,-3,2,2,3,1,4
436,436,431,431,13,14,12,13,0,5,0,-1,2,-1,0,3,1,3,1,4
1007,1003,1003,1003,17,16,15,16,4,0,0,1,1,-1,1,1,1,1,1,4
569,557,553,553,14,14,13,13,12,4,0,0,1,0,1,2,3,1,3,4
616,604,602,607,14,17,15,16,12,2,-5,-3,2,-1,-2,2,1,2,2,4
593,590,586,586,14,14,13,13,3,4,0,0,1,0,1,2,3,3,3,4
1078,1075,1078,1078,20,19,20,18,3,-3,0,1,-1,2,2,1,2,1,1,4
750,750,745,750,20,19,20,18,0,5,-5,1,-1,2,2,1,3,1,3,4
579,576,576,576,18,19,18,18,3,0,0,-1,1,0,0,2,1,1,1,4
264,257,257,253,14,14,15,13,7,0,4,0,-1,2,1,2,1,1,1,4
353,351,351,356,17,16,18,18,2,0,-5,1,-2,0,-1,2,3,1,3,4
958,956,958,956,20,19,20,21,2,-2,2,1,-1,-1,-1,2,1,2,1,4
1036,1036,1033,1031,13,14,15,13,0,3,2,-1,-1,2,0,1,1,2,3,4
564,562,560,562,14,14,15,13,2,2,-2,0,-1,2,1,2,3,2,3,4
623,625,621,621,14,14,15,16,-2,4,0,0,-1,-1,-2,3,2,2,2,4
1026,1028,1019,1017,13,14,12,13,-2,9,2,-1,2,-1,0,1,2,2,1,4
515,508,506,508,14,14,13,13,7,2,-2,0,1,0,1,3,2,1,2,4
604,602,597,604,14,17,15,16,2,5,-7,-3,2,-1,-2,1,2,2,3,4
773,775,773,778,17,16,18,16,-2,2,-5,1,-2,2,1,1,2,1,1,4
314,311,307,304,14,14,13,13,3,4,3,0,1,0,1,1,2,2,1,4
581,571,574,576,18,19,18,18,10,-3,-2,-1,1,0,0,1,3,2,3,4
520,520,520,520,18,17,18,19,0,0,0,1,-1,-1,-1,1,1,1,1,4
991,984,979,979,13,16,15,16,7,5,0,-3,1,-1,-3,2,1,1,1,4
871,869,867,867,14,14,13,13,2,2,0,0,1,0,1,1,2,3,1,4
796,789,771,775,14,14,15,13,7,18,-4,0,-1,2,1,1,2,2,2,4
255,253,248,248,14,14,13,13,2,5,0,0,1,0,1,2,3,1,1,4
740,736,736,740,17,16,18,18,4,0,-4,1,-2,0,-1,3,3,1,3,4
1000,998,993,993,17,19,18,18,2,5,0,-2,1,0,-1,2,3,1,1,4
496,489,494,489,21,19,21,21,7,-5,5,2,-2,0,0,1,2,2,2,4
960,951,949,953,17,16,18,16,9,2,-4,1,-2,2,1,3,3,2,2,4
991,989,989,993,20,19,18,18,2,0,-4,1,1,0,2,2,1,1,1,4
253,248,246,243,21,19,20,21,5,2,3,2,-1,-1,0,3,3,2,1,4
513,496,494,496,14,17,15,16,17,2,-2,-3,2,-1,-2,2,3,2,1,4
989,984,979,979,17,19,18,18,5,5,0,-2,1,0,-1,3,1,1,1,4
295,290,288,290,14,17,15,16,5,2,-2,-3,2,-1,-2,1,1,2,1,4
550,550,546,550,18,17,18,18,0,4,-4,1,-1,0,0,2,2,2,2,4
729,724,721,726,20,19,20,18,5,3,-5,1,-1,2,2,2,2,1,1,4
1047,1038,1031,1024,13,14,12,13,9,7,7,-1,2,-1,0,2,2,1,2,4
618,616,609,611,21,19,21,19,2,7,-2,2,-2,2,2,1,2,1,2,4
935,932,928,928,13,14,15,13,3,4,0,-1,-1,2,0,2,1,1,1,4
942,935,937,935,20,19,20,21,7,-2,2,1,-1,-1,-1,1,2,1,2,4
379,372,370,367,17,16,18,18,7,2,3,1,-2,0,-1,1,2,3,2,4
1031,1026,1026,1026,17,16,18,18,5,0,0,1,-2,0,-1,1,1,1,1,4
590,581,576,578,18,17,18,19,9,5,-2,1,-1,-1,-1,1,1,1,2,4
379,382,379,382,17,16,18,16,-3,3,-3,1,-2,2,1,1,2,1,2,4
726,721,721,719,20,19,20,21,5,0,2,1,-1,-1,-1,3,1,1,2,4
286,271,276,281,14,17,15,16,15,-5,-5,-3,2,-1,-2,1,3,1,1,4
810,806,796,794,14,17,15,16,4,10,2,-3,2,-1,-2,1,1,1,2,4
768,768,768,764,17,16,15,16,0,0,4,1,1,-1,1,3,3,1,1,4
761,759,785,754,17,16,15,16,2,-26,31,1,1,-1,1,2,1,2,1,4
182,1078,1073,1071,18,19,18,18,-896,5,2,-1,1,0,0,1,1,1,2,4
464,464,461,464,20,19,18,18,0,3,-3,1,1,0,2,3,3,2,1,4
506,503,501,503,14,14,13,13,3,2,-2,0,1,0,1,1,2,3,2,4
1033,1031,1036,1031,13,14,15,13,2,-5,5,-1,-1,2,0,2,1,1,1,4
824,820,815,817,21,19,20,19,4,5,-2,2,-1,1,2,3,1,1,2,4
283,278,281,281,14,14,13,13,5,-3,0,0,1,0,1,2,2,1,3,4
970,963,958,960,17,16,15,16,7,5,-2,1,1,-1,1,3,2,2,3,4
974,974,970,972,17,16,18,16,0,4,-2,1,-2,2,1,1,1,1,2,4
628,623,621,621,14,17,15,16,5,2,0,-3,2,-1,-2,1,3,2,2,4
562,562,562,560,14,14,15,13,0,0,2,0,-1,2,1,1,3,1,2,4
419,419,412,410,13,16,15,16,0,7,2,-3,1,-1,-3,2,2,1,2,4
405,407,407,407,13,14,15,13,-2,0,0,-1,-1,2,0,2,3,3,1,4
196,194,194,189,14,14,15,13,2,0,5,0,-1,2,1,3,2,2,2,4
700,700,700,700,13,16,15,16,0,0,0,-3,1,-1,-3,2,2,2,2,4
229,227,224,227,14,14,13,13,2,3,-3,0,1,0,1,1,2,3,2,4
958,951,956,956,17,19,18,18,7,-5,0,-2,1,0,-1,2,1,1,1,4
974,972,965,965,17,16,15,16,2,7,0,1,1,-1,1,1,2,3,1,4
217,213,210,215,21,19,20,19,4,3,-5,2,-1,1,2,2,2,3,1,4
815,813,810,810,18,17,18,16,2,3,0,1,-1,2,2,1,2,3,3,4
487,485,492,482,14,14,15,13,2,-7,10,0,-1,2,1,3,2,1,1,4
642,637,628,623,20,19,21,19,5,9,5,1,-2,2,1,1,1,1,1,4
939,935,935,932,17,16,15,16,4,0,3,1,1,-1,1,2,2,2,1,4
194,187,189,189,18,17,18,19,7,-2,0,1,-1,-1,-1,2,3,2,2,4
862,853,855,860,21,19,23,21,9,-2,-5,2,-4,2,0,1,1,2,2,4
571,564,562,562,18,19,18,18,7,2,0,-1,1,0,0,1,2,1,1,4
1014,1012,1007,1010,17,16,18,18,2,5,-3,1,-2,0,-1,2,3,3,2,4
531,524,520,520,21,19,20,21,7,4,0,2,-1,-1,0,2,1,3,1,4
1031,1026,1031,1026,17,16,15,16,5,-5,5,1,1,-1,1,1,1,3,1,4
253,248,248,248,18,19,18,18,5,0,0,-1,1,0,0,1,1,1,1,4
993,996,979,979,13,14,15,13,-3,17,0,-1,-1,2,0,1,2,1,1,4
651,649,642,642,17,19,18,18,2,7,0,-2,1,0,-1,1,2,1,1,4
921,909,904,907,14,14,13,13,12,5,-3,0,1,0,1,2,1,1,2,4
297,290,286,286,18,17,18,16,7,4,0,1,-1,2,2,2,1,1,1,4
501,499,501,501,14,17,15,16,2,-2,0,-3,2,-1,-2,1,2,3,1,4
914,909,909,909,14,14,13,13,5,0,0,0,1,0,1,1,1,3,1,4
206,196,192,194,18,17,18,19,10,4,-2,1,-1,-1,-1,3,1,3,2,4
986,984,979,979,13,16,15,16,2,5,0,-3,1,-1,-3,2,1,1,3,4
843,839,839,839,14,17,15,16,4,0,0,-3,2,-1,-2,1,1,1,1,4
653,656,651,651,20,19,18,18,-3,5,0,1,1,0,2,2,1,1,1,4
853,850,848,848,14,14,13,13,3,2,0,0,1,0,1,3,2,3,3,4
857,853,850,853,18,19,18,18,4,3,-3,-1,1,0,0,1,1,2,1,4
660,651,646,649,13,14,12,13,9,5,-3,-1,2,-1,0,1,3,3,2,4
201,201,199,196,14,14,15,13,0,2,3,0,-1,2,1,1,1,2,1,4
831,824,824,827,14,14,13,13,7,0,-3,0,1,0,1,2,3,1,2,4
203,194,192,192,14,14,15,16,9,2,0,0,-1,-1,-2,2,2,1,1,4
939,937,942,942,17,16,18,16,2,-5,0,1,-2,2,1,2,1,1,1,4
506,496,501,501,18,17,18,16,10,-5,0,1,-1,2,2,1,1,3,1,4
215,208,203,208,14,14,15,13,7,5,-5,0,-1,2,1,3,2,2,2,4
928,925,918,923,18,19,21,19,3,7,-5,-1,-2,2,-1,1,2,1,1,4
979,974,967,967,13,14,15,13,5,7,0,-1,-1,2,0,3,1,2,2,4
595,588,586,588,18,17,18,19,7,2,-2,1,-1,-1,-1,1,2,1,2,4
536,527,522,520,14,14,15,13,9,5,2,0,-1,2,1,2,2,2,1,4
417,412,412,412,13,14,12,13,5,0,0,-1,2,-1,0,3,3,1,1,4
1075,1078,1078,1073,17,16,18,16,-3,0,5,1,-2,2,1,2,1,1,1,4
424,419,417,421,13,14,12,13,5,2,-4,-1,2,-1,0,2,2,1,1,4
485,475,468,468,14,14,12,13,10,7,0,0,2,-1,1,2,2,1,1,4
557,553,548,553,14,17,15,16,4,5,-5,-3,2,-1,-2,3,3,1,1,4
400,393,391,391,13,16,15,16,7,2,0,-3,1,-1,-3,2,3,2,2,4
698,691,691,691,17,16,15,16,7,0,0,1,1,-1,1,1,2,2,2,4
1031,1024,1019,1021,13,14,15,13,7,5,-2,-1,-1,2,0,3,2,2,1,4
1040,1038,1026,1038,13,14,15,13,2,12,-12,-1,-1,2,0,1,2,1,2,4
220,208,206,208,14,17,15,16,12,2,-2,-3,2,-1,-2,1,2,1,2,4
1031,1024,1021,1021,13,16,15,16,7,3,0,-3,1,-1,-3,1,2,3,3,4
217,206,208,208,14,14,15,13,11,-2,0,0,-1,2,1,2,3,2,2,4
768,766,768,768,13,14,12,13,2,-2,0,-1,2,-1,0,1,2,3,1,4
548,539,543,539,14,17,15,16,9,-4,4,-3,2,-1,-2,1,3,3,1,4
768,764,764,766,20,19,20,21,4,0,-2,1,-1,-1,-1,1,1,1,2,4
698,698,693,693,13,16,15,16,0,5,0,-3,1,-1,-3,1,3,1,1,4
712,707,703,698,17,19,18,18,5,4,5,-2,1,0,-1,1,1,1,1,4
356,356,358,356,20,19,20,18,0,-2,2,1,-1,2,2,3,1,2,1,4
271,274,269,271,18,17,18,18,-3,5,-2,1,-1,0,0,3,2,2,1,4
876,871,871,871,18,17,18,16,5,0,0,1,-1,2,2,1,3,1,1,4
229,222,220,222,14,17,15,16,7,2,-2,-3,2,-1,-2,1,2,1,2,4
855,848,850,848,14,17,15,16,7,-2,2,-3,2,-1,-2,2,3,2,3,4
925,921,909,914,14,14,13,13,4,12,-5,0,1,0,1,2,2,3,1,4
956,953,956,956,20,19,20,21,3,-3,0,1,-1,-1,-1,1,2,1,1,4
297,304,302,300,14,17,15,16,-7,2,2,-3,2,-1,-2,2,3,2,1,4
886,881,878,881,14,17,15,16,5,3,-3,-3,2,-1,-2,3,1,2,1,4
939,944,939,937,13,14,15,13,-5,5,2,-1,-1,2,0,2,2,2,1,4
918,907,904,904,14,14,13,13,11,3,0,0,1,0,1,1,2,3,1,4
750,743,740,736,13,16,15,16,7,3,4,-3,1,-1,-3,3,2,1,1,4
836,843,834,834,14,17,15,16,-7,9,0,-3,2,-1,-2,2,1,1,1,4
921,914,916,916,14,17,15,16,7,-2,0,-3,2,-1,-2,2,3,2,2,4
271,260,255,255,21,19,23,21,11,5,0,2,-4,2,0,1,2,2,2,4
590,583,583,581,18,19,18,19,7,0,2,-1,1,-1,-1,3,2,2,1,4
860,848,848,853,21,19,20,21,12,0,-5,2,-1,-1,0,2,1,1,3,4
574,571,567,567,14,14,13,13,3,4,0,0,1,0,1,2,3,1,3,4
754,752,754,752,17,16,18,16,2,-2,2,1,-2,2,1,1,2,3,2,4
1014,1012,1007,1010,17,16,15,16,2,5,-3,1,1,-1,1,2,1,3,2,4
677,674,674,674,17,19,18,18,3,0,0,-2,1,0,-1,2,1,1,1,4
810,806,799,801,14,14,15,13,4,7,-2,0,-1,2,1,1,3,2,1,4
736,728,726,721,17,16,15,16,8,2,5,1,1,-1,1,3,2,1,1,4
1012,1007,1003,1003,17,16,15,16,5,4,0,1,1,-1,1,3,1,3,3,4
393,389,382,384,13,14,15,13,4,7,-2,-1,-1,2,0,1,3,2,1,4
1003,1000,1000,993,13,14,12,13,3,0,7,-1,2,-1,0,1,2,2,1,4
886,876,871,871,18,17,18,18,10,5,0,1,-1,0,0,1,3,1,1,4
279,267,262,267,14,14,13,13,12,5,-5,0,1,0,1,2,3,1,1,4
1057,1050,1047,1045,17,16,15,16,7,3,2,1,1,-1,1,2,1,2,3,4
224,224,224,227,18,17,18,19,0,0,-3,1,-1,-1,-1,1,1,1,2,4
646,642,642,642,17,16,18,16,4,0,0,1,-2,2,1,3,1,3,1,4
590,583,581,586,14,14,13,13,7,2,-5,0,1,0,1,1,2,3,1,4
925,923,923,916,14,17,15,16,2,0,7,-3,2,-1,-2,2,1,1,2,4
595,590,581,581,14,14,15,13,5,9,0,0,-1,2,1,1,3,1,3,4
729,728,731,731,13,16,15,16,1,-3,0,-3,1,-1,-3,2,2,1,3,4
993,993,986,989,17,16,18,18,0,7,-3,1,-2,0,-1,3,3,2,1,4
553,548,541,546,14,17,15,16,5,7,-5,-3,2,-1,-2,1,1,2,2,4
1064,1059,1057,1054,13,14,15,13,5,2,3,-1,-1,2,0,1,1,2,1,4
274,271,274,271,14,17,15,16,3,-3,3,-3,2,-1,-2,2,1,2,1,4
407,407,400,410,13,14,15,13,0,7,-10,-1,-1,2,0,1,1,2,2,4
879,867,864,864,18,17,18,16,12,3,0,1,-1,2,2,2,3,2,2,4
529,524,522,522,18,19,18,19,5,2,0,-1,1,-1,-1,3,1,2,2,4
325,323,318,323,21,19,21,19,2,5,-5,2,-2,2,2,2,1,3,3,4
381,379,379,379,20,19,20,18,2,0,0,1,-1,2,2,2,1,1,1,4
555,543,539,541,14,17,15,16,12,4,-2,-3,2,-1,-2,2,3,1,2,4
267,267,262,262,14,14,15,16,0,5,0,0,-1,-1,-2,3,3,1,1,4
236,229,229,229,18,19,18,19,7,0,0,-1,1,-1,-1,2,3,1,3,4
1007,996,989,1007,13,14,15,13,11,7,-18,-1,-1,2,0,1,2,1,3,4
879,878,876,871,14,17,15,16,1,2,5,-3,2,-1,-2,2,2,1,3,4
224,215,215,220,21,19,20,21,9,0,-5,2,-1,-1,0,1,1,3,1,4
771,771,764,768,20,19,20,21,0,7,-4,1,-1,-1,-1,2,2,1,1,4
824,822,822,822,18,17,18,16,2,0,0,1,-1,2,2,3,2,2,2,4
707,700,696,693,20,19,20,21,7,4,3,1,-1,-1,-1,1,2,2,1,4
543,541,506,536,21,19,20,21,2,35,-30,2,-1,-1,0,1,2,1,2,4
632,632,628,625,20,19,21,19,0,4,3,1,-2,2,1,1,1,1,2,4
747,745,745,745,13,14,15,13,2,0,0,-1,-1,2,0,2,1,1,1,4
492,492,487,487,18,19,18,19,0,5,0,-1,1,-1,-1,1,1,1,1,4
524,515,515,515,18,17,18,19,9,0,0,1,-1,-1,-1,1,1,1,1,4
864,860,850,853,21,19,20,18,4,10,-3,2,-1,2,3,2,2,2,1,4
192,187,185,182,14,14,13,13,5,2,3,0,1,0,1,1,3,2,1,4
220,213,210,215,21,19,20,19,7,3,-5,2,-1,1,2,1,2,1,3,4
253,253,248,248,14,14,13,13,0,5,0,0,1,0,1,1,3,1,3,4
731,731,731,733,20,19,20,18,0,0,-2,1,-1,2,2,1,1,1,2,4
586,581,583,581,21,19,20,21,5,-2,2,2,-1,-1,0,3,3,2,1,4
579,569,569,571,18,17,18,18,10,0,-2,1,-1,0,0,2,2,2,1,4
911,904,909,904,18,19,18,19,7,-5,5,-1,1,-1,-1,2,1,1,1,4
323,323,318,318,21,19,21,21,0,5,0,2,-2,0,0,3,3,1,1,4
677,670,670,665,17,16,18,18,7,0,5,1,-2,0,-1,2,1,1,1,4
510,510,503,503,18,17,18,16,0,7,0,1,-1,2,2,1,1,2,2,4
1059,1059,1054,1050,17,16,18,18,0,5,4,1,-2,0,-1,3,1,1,1,4
1043,1038,1043,1045,13,14,15,13,5,-5,-2,-1,-1,2,0,2,2,2,1,4
684,679,679,679,13,14,15,16,5,0,0,-1,-1,-1,-3,3,1,1,3,4
836,836,829,829,14,17,15,16,0,7,0,-3,2,-1,-2,2,2,1,3,4
956,958,944,949,13,14,15,13,-2,14,-5,-1,-1,2,0,1,2,2,2,4
736,731,728,726,20,19,20,21,5,3,2,1,-1,-1,-1,1,1,2,1,4
196,194,189,194,18,19,18,19,2,5,-5,-1,1,-1,-1,1,2,2,2,4
794,787,787,785,14,14,13,13,7,0,2,0,1,0,1,2,1,1,2,4
302,290,295,293,14,14,15,16,12,-5,2,0,-1,-1,-2,2,1,1,2,4
935,921,925,923,17,17,18,19,14,-4,2,0,-1,-1,-2,2,2,2,1,4
1029,1026,1026,1026,17,16,18,18,3,0,0,1,-2,0,-1,2,1,1,1,4
485,482,478,478,18,17,18,18,3,4,0,1,-1,0,0,2,1,1,1,4
998,996,993,993,17,16,18,16,2,3,0,1,-2,2,1,3,2,1,1,4
794,787,785,787,18,17,18,19,7,2,-2,1,-1,-1,-1,2,1,2,1,4
1031,1024,1019,1019,17,19,18,18,7,5,0,-2,1,0,-1,1,2,2,2,4
590,583,576,576,14,14,13,13,7,7,0,0,1,0,1,3,2,3,1,4
574,569,564,562,18,17,18,18,5,5,2,1,-1,0,0,2,2,2,1,4
300,300,295,295,18,19,20,19,0,5,0,-1,-1,1,-1,1,1,1,1,4
487,487,487,482,21,19,21,21,0,0,5,2,-2,0,0,1,1,3,1,4
236,234,229,229,14,17,15,16,2,5,0,-3,2,-1,-2,2,1,1,1,4
747,740,745,747,13,16,15,16,7,-5,-2,-3,1,-1,-3,2,1,1,2,4
600,600,600,595,14,14,15,13,0,0,5,0,-1,2,1,3,3,1,3,4
623,625,628,623,18,17,18,19,-2,-3,5,1,-1,-1,-1,1,2,1,1,4
768,768,768,764,20,19,20,18,0,0,4,1,-1,2,2,1,1,1,1,4
824,813,817,820,18,19,18,19,11,-4,-3,-1,1,-1,-1,3,2,2,1,4
632,628,628,623,20,19,21,21,4,0,5,1,-2,0,-1,1,1,1,1,4
740,736,731,728,13,16,15,16,4,5,3,-3,1,-1,-3,1,1,1,2,4
883,883,878,876,18,17,18,16,0,5,2,1,-1,2,2,2,2,2,1,4
588,583,578,581,14,17,15,16,5,5,-3,-3,2,-1,-2,2,2,2,3,4
515,508,503,503,14,17,15,16,7,5,0,-3,2,-1,-2,1,2,2,2,4
588,578,581,578,21,19,20,21,10,-3,3,2,-1,-1,0,2,2,1,2,4
625,623,623,623,18,19,18,19,2,0,0,-1,1,-1,-1,2,3,1,1,4
377,379,367,370,13,16,15,16,-2,12,-3,-3,1,-1,-3,2,1,2,1,4
651,649,646,644,13,14,12,13,2,3,2,-1,2,-1,0,3,2,1,2,4
665,667,660,660,17,16,18,18,-2,7,0,1,-2,0,-1,1,2,1,1,4
429,426,426,431,17,16,15,16,3,0,-5,1,1,-1,1,2,1,3,3,4
229,224,227,224,21,19,20,19,5,-3,3,2,-1,1,2,1,3,2,1,4
656,656,656,651,13,16,15,16,0,0,5,-3,1,-1,-3,3,3,1,1,4
539,536,534,534,21,19,20,18,3,2,0,2,-1,2,3,1,2,1,1,4
581,576,581,581,18,17,18,19,5,-5,0,1,-1,-1,-1,1,1,1,1,4
1014,1017,1014,1012,13,16,15,16,-3,3,2,-3,1,-1,-3,2,1,2,3,4
234,229,229,229,14,14,15,13,5,0,0,0,-1,2,1,1,3,1,1,4
782,782,778,782,18,19,18,19,0,4,-4,-1,1,-1,-1,1,1,1,1,4
417,410,412,417,17,16,18,16,7,-2,-5,1,-2,2,1,1,2,1,1,4
714,712,710,712,17,19,18,18,2,2,-2,-2,1,0,-1,2,1,2,1,4
881,869,864,871,14,14,15,13,12,5,-7,0,-1,2,1,1,2,2,1,4
993,996,989,993,13,16,15,16,-3,7,-4,-3,1,-1,-3,1,2,3,1,4
443,473,464,464,17,16,15,16,-30,9,0,1,1,-1,1,2,1,1,1,4
895,881,876,881,14,14,13,13,14,5,-5,0,1,0,1,1,3,1,1,4
279,274,260,262,18,17,18,18,5,14,-2,1,-1,0,0,2,2,2,1,4
623,618,621,628,18,19,18,19,5,-3,-7,-1,1,-1,-1,3,1,2,1,4
325,323,323,328,21,19,21,19,2,0,-5,2,-2,2,2,2,1,1,1,4
644,637,637,635,20,19,20,18,7,0,2,1,-1,2,2,2,1,1,2,4
421,426,421,419,20,19,20,18,-5,5,2,1,-1,2,2,1,3,1,2,4
817,815,810,815,21,19,20,21,2,5,-5,2,-1,-1,0,2,3,1,1,4
220,215,215,210,18,17,18,19,5,0,5,1,-1,-1,-1,1,3,1,1,4
625,618,616,614,18,19,18,19,7,2,2,-1,1,-1,-1,2,1,2,1,4
787,787,785,789,14,14,15,13,0,2,-4,0,-1,2,1,1,1,2,2,4
822,822,815,820,18,17,18,19,0,7,-5,1,-1,-1,-1,2,2,1,3,4
1054,1050,1047,1047,13,14,15,13,4,3,0,-1,-1,2,0,1,3,2,2,4
616,616,614,618,14,14,13,13,0,2,-4,0,1,0,1,2,2,3,1,4
705,691,691,686,13,14,12,13,14,0,5,-1,2,-1,0,2,2,2,2,4
1000,1003,998,1000,17,16,15,16,-3,5,-2,1,1,-1,1,2,3,1,2,4
407,405,400,398,17,19,18,16,2,5,2,-2,1,2,1,3,2,2,1,4
974,974,972,972,17,16,15,16,0,2,0,1,1,-1,1,1,1,2,2,4
935,935,935,937,20,19,20,18,0,0,-2,1,-1,2,2,2,2,2,1,4
1021,1017,1014,1012,20,19,18,18,4,3,2,1,1,0,2,3,1,2,1,4
897,893,897,890,14,17,15,16,4,-4,7,-3,2,-1,-2,2,2,2,1,4
1040,1033,1026,1026,17,16,18,16,7,7,0,1,-2,2,1,1,2,1,1,4
482,482,478,478,18,19,18,18,0,4,0,-1,1,0,0,1,1,1,1,4
836,834,829,832,14,14,13,13,2,5,-3,0,1,0,1,2,3,1,2,4
698,698,689,693,13,14,15,13,0,9,-4,-1,-1,2,0,1,3,1,3,4
611,611,607,611,18,17,18,16,0,4,-4,1,-1,2,2,2,2,2,2,4
1045,1045,1038,1036,20,19,18,18,0,7,2,1,1,0,2,1,1,2,1,4
738,740,731,731,17,16,18,18,-2,9,0,1,-2,0,-1,2,1,1,1,4
229,220,217,215,14,14,13,13,9,3,2,0,1,0,1,1,3,2,1,4
1024,1021,1019,1014,13,16,15,16,3,2,5,-3,1,-1,-3,2,1,2,2,4
323,325,325,323,21,19,21,19,-2,0,2,2,-2,2,2,3,2,2,3,4
403,398,389,391,20,19,18,18,5,9,-2,1,1,0,2,1,3,1,2,4
297,293,290,290,14,14,15,13,4,3,0,0,-1,2,1,2,2,1,3,4
1064,1061,1057,1054,13,14,15,16,3,4,3,-1,-1,-1,-3,1,2,2,1,4
562,557,550,553,21,19,20,21,5,7,-3,2,-1,-1,0,1,1,2,1,4
445,445,440,440,17,16,15,16,0,5,0,1,1,-1,1,3,1,3,1,4
824,817,813,810,14,14,15,13,7,4,3,0,-1,2,1,3,2,2,1,4
623,618,623,623,18,17,18,19,5,-5,0,1,-1,-1,-1,3,1,1,1,4
942,942,932,937,13,14,13,13,0,10,-5,-1,1,0,0,3,3,1,1,4
740,738,736,736,20,19,18,18,2,2,0,1,1,0,2,3,2,3,1,4
759,754,750,747,17,16,15,16,5,4,3,1,1,-1,1,1,1,1,2,4
283,278,276,278,14,17,15,16,5,2,-2,-3,2,-1,-2,2,2,3,2,4
560,550,553,550,14,17,15,16,10,-3,3,-3,2,-1,-2,2,2,1,2,4
510,506,508,506,18,19,18,19,4,-2,2,-1,1,-1,-1,1,1,2,1,4
707,703,829,703,17,16,15,16,4,-126,126,1,1,-1,1,1,3,1,3,4
255,250,248,250,14,14,13,13,5,2,-2,0,1,0,1,2,2,1,2,4
768,768,766,766,20,19,18,18,0,2,0,1,1,0,2,3,1,2,2,4
393,396,396,396,13,14,15,16,-3,0,0,-1,-1,-1,-3,3,2,2,2,4
658,660,658,660,13,14,12,13,-2,2,-2,-1,2,-1,0,2,1,2,1,4
993,984,972,974,13,14,12,13,9,12,-2,-1,2,-1,0,1,1,2,1,4
468,461,464,468,20,19,18,18,7,-3,-4,1,1,0,2,1,2,3,1,4
942,939,946,932,20,19,18,18,3,-7,14,1,1,0,2,1,2,1,1,4
426,410,412,412,13,14,12,13,16,-2,0,-1,2,-1,0,3,2,3,1,4
726,721,714,712,20,19,18,18,5,7,2,1,1,0,2,1,1,2,1,4
262,260,264,262,18,17,15,16,2,-4,2,1,2,-1,2,1,2,2,1,4
625,618,618,616,18,19,18,19,7,0,2,-1,1,-1,-1,2,3,1,2,4
384,379,374,374,20,19,20,18,5,5,0,1,-1,2,2,1,1,1,1,4
822,815,810,810,14,14,15,16,7,5,0,0,-1,-1,-2,2,1,3,1,4
424,424,421,424,20,19,20,21,0,3,-3,1,-1,-1,-1,2,2,1,2,4
297,293,295,293,21,19,20,21,4,-2,2,2,-1,-1,0,2,2,1,2,4
1054,1052,1050,1050,20,19,20,18,2,2,0,1,-1,2,2,3,2,1,1,4
1071,1068,1064,1061,17,19,18,18,3,4,3,-2,1,0,-1,2,1,1,2,4
262,264,257,260,14,17,15,16,-2,7,-3,-3,2,-1,-2,3,2,3,2,4
665,667,667,665,17,16,18,18,-2,0,2,1,-2,0,-1,1,2,2,3,4
684,679,670,677,13,14,15,13,5,9,-7,-1,-1,2,0,1,3,1,2,4
981,982,977,979,13,14,15,13,-1,5,-2,-1,-1,2,0,2,2,2,1,4
974,970,965,960,17,16,18,18,4,5,5,1,-2,0,-1,1,1,3,1,4
1068,1061,1057,1057,17,16,18,18,7,4,0,1,-2,0,-1,3,2,2,2,4
862,857,853,848,14,14,13,13,5,4,5,0,1,0,1,3,3,1,3,4
921,914,914,914,21,19,21,21,7,0,0,2,-2,0,0,2,1,1,1,4
623,621,614,616,21,19,21,21,2,7,-2,2,-2,0,0,1,2,1,2,4
972,967,967,965,13,14,15,13,5,0,2,-1,-1,2,0,2,2,2,3,4
192,1078,1064,1073,14,16,15,16,-886,14,-9,-2,1,-1,-2,3,1,3,1,4
426,419,417,417,13,14,15,13,7,2,0,-1,-1,2,0,1,2,1,3,4
1017,1010,1003,1003,13,14,15,13,7,7,0,-1,-1,2,0,3,2,1,1,4
438,433,436,436,20,19,18,18,5,-3,0,1,1,0,2,2,2,1,1,4
960,956,958,960,20,19,20,21,4,-2,-2,1,-1,-1,-1,1,3,2,1,4
773,766,764,759,20,19,20,21,7,2,5,1,-1,-1,-1,1,2,1,3,4
311,307,304,302,18,19,18,19,4,3,2,-1,1,-1,-1,2,2,1,2,4
782,771,759,759,18,16,18,16,11,12,0,2,-2,2,2,1,2,1,1,4
782,773,778,778,21,19,20,21,9,-5,0,2,-1,-1,0,1,1,1,1,4
689,689,686,686,20,19,20,21,0,3,0,1,-1,-1,-1,1,1,2,2,4
246,234,229,222,14,14,13,13,12,5,7,0,1,0,1,2,1,1,2,4
513,510,506,510,18,17,18,16,3,4,-4,1,-1,2,2,2,3,1,3,4
963,949,960,965,17,16,18,18,14,-11,-5,1,-2,0,-1,2,2,3,1,4
492,485,485,482,14,14,15,13,7,0,3,0,-1,2,1,1,2,2,1,4
581,578,576,574,21,19,20,21,3,2,2,2,-1,-1,0,1,2,1,2,4
1066,1066,1064,1054,17,16,15,16,0,2,10,1,1,-1,1,2,2,3,1,4
963,958,953,956,17,19,18,18,5,5,-3,-2,1,0,-1,2,2,2,3,4
970,960,965,963,20,19,18,18,10,-5,2,1,1,0,2,1,3,1,2,4
1061,1054,1050,1045,17,19,18,18,7,4,5,-2,1,0,-1,2,1,1,1,4
991,993,991,989,13,14,15,16,-2,2,2,-1,-1,-1,-3,2,1,2,1,4
974,970,965,965,13,14,15,16,4,5,0,-1,-1,-1,-3,1,3,3,3,4
829,829,822,822,18,17,18,19,0,7,0,1,-1,-1,-1,3,1,2,2,4
799,794,787,789,18,19,18,19,5,7,-2,-1,1,-1,-1,2,2,1,2,4
374,370,365,360,13,16,15,16,4,5,5,-3,1,-1,-3,1,1,1,1,4
1073,1071,1071,1068,13,14,15,16,2,0,3,-1,-1,-1,-3,1,2,2,1,4
925,925,923,925,14,17,15,16,0,2,-2,-3,2,-1,-2,2,2,3,2,4
586,564,557,557,14,14,13,13,22,7,0,0,1,0,1,3,2,3,1,4
914,911,909,909,14,14,13,13,3,2,0,0,1,0,1,3,2,1,1,4
914,916,909,907,14,17,15,16,-2,7,2,-3,2,-1,-2,3,2,1,2,4
224,215,217,220,18,17,18,19,9,-2,-3,1,-1,-1,-1,1,3,2,1,4
339,337,337,332,17,19,18,18,2,0,5,-2,1,0,-1,2,1,1,1,4
510,515,510,510,18,17,18,19,-5,5,0,1,-1,-1,-1,3,3,1,1,4
492,487,482,482,14,14,15,13,5,5,0,0,-1,2,1,1,1,1,1,4
1007,996,989,989,13,14,15,13,11,7,0,-1,-1,2,0,3,2,1,3,4
979,974,972,972,13,16,15,16,5,2,0,-3,1,-1,-3,1,3,2,2,4
443,445,438,445,17,16,18,18,-2,7,-7,1,-2,0,-1,2,1,2,3,4
192,192,187,187,14,17,15,16,0,5,0,-3,2,-1,-2,1,3,1,1,4
799,796,796,792,18,19,18,19,3,0,4,-1,1,-1,-1,2,1,1,1,4
410,393,398,398,13,16,15,16,17,-5,0,-3,1,-1,-3,2,1,1,1,4
1014,1012,1007,1010,13,14,12,13,2,5,-3,-1,2,-1,0,2,3,1,2,4
653,651,646,646,17,19,18,18,2,5,0,-2,1,0,-1,2,1,1,1,4
1068,1073,1068,1068,17,16,18,18,-5,5,0,1,-2,0,-1,1,1,1,1,4
600,593,597,595,18,17,18,16,7,-4,2,1,-1,2,2,1,2,2,1,4
904,902,895,897,14,17,15,16,2,7,-2,-3,2,-1,-2,1,2,1,2,4
379,374,372,374,13,14,12,13,5,2,-2,-1,2,-1,0,1,1,2,3,4
986,984,977,979,17,16,18,18,2,7,-2,1,-2,0,-1,2,1,2,1,4
1036,1026,1036,1038,13,14,15,13,10,-10,-2,-1,-1,2,0,1,1,1,2,4
611,604,597,595,18,17,18,19,7,7,2,1,-1,-1,-1,2,3,2,1,4
393,396,391,396,13,14,15,13,-3,5,-5,-1,-1,2,0,1,2,2,2,4
876,871,867,869,18,17,18,16,5,4,-2,1,-1,2,2,1,3,1,2,4
454,454,450,450,20,19,18,18,0,4,0,1,1,0,2,1,1,1,1,4
426,424,421,421,17,16,18,18,2,3,0,1,-2,0,-1,1,2,1,1,4
993,986,989,986,13,16,15,16,7,-3,3,-3,1,-1,-3,3,2,1,2,4
689,689,684,684,17,16,18,16,0,5,0,1,-2,2,1,1,1,1,1,4
346,337,337,339,17,16,15,16,9,0,-2,1,1,-1,1,1,1,1,2,4
590,583,581,581,14,14,15,13,7,2,0,0,-1,2,1,3,2,3,1,4
651,642,642,642,13,16,15,16,9,0,0,-3,1,-1,-3,3,3,3,1,4
227,227,220,224,18,17,18,16,0,7,-4,1,-1,2,2,2,2,3,1,4
253,255,248,250,14,19,15,16,-2,7,-2,-5,4,-1,-2,1,2,3,2,4
426,421,417,428,13,14,12,13,5,4,-11,-1,2,-1,0,1,3,1,2,4
670,667,665,665,17,16,15,16,3,2,0,1,1,-1,1,1,2,3,1,4
824,820,820,822,21,19,20,21,4,0,-2,2,-1,-1,0,1,1,1,2,4
822,822,820,817,18,19,20,19,0,2,3,-1,-1,1,-1,2,2,1,2,4
867,864,862,862,21,19,20,21,3,2,0,2,-1,-1,0,1,2,1,1,4
984,982,972,972,13,14,15,13,2,10,0,-1,-1,2,0,1,2,2,2,4
360,356,356,358,13,16,15,16,4,0,-2,-3,1,-1,-3,1,1,3,2,4
210,210,208,206,18,17,18,19,0,2,2,1,-1,-1,-1,1,1,2,1,4
381,379,379,377,17,16,15,16,2,0,2,1,1,-1,1,2,1,1,2,4
391,389,384,389,13,14,15,13,2,5,-5,-1,-1,2,0,2,3,3,1,4
391,384,377,374,20,19,20,18,7,7,3,1,-1,2,2,2,3,2,1,4
618,611,609,604,21,19,21,21,7,2,5,2,-2,0,0,3,2,1,1,4
1059,1054,1054,1057,17,16,15,16,5,0,-3,1,1,-1,1,1,1,1,2,4
562,562,562,562,21,19,20,18,0,0,0,2,-1,2,3,1,1,1,1,4
1073,1073,1073,1073,20,19,20,18,0,0,0,1,-1,2,2,1,1,1,1,4
846,841,841,839,18,19,18,18,5,0,2,-1,1,0,0,2,2,2,1,4
1059,1057,1059,1059,17,16,18,16,2,-2,0,1,-2,2,1,1,2,1,1,4
1052,1050,1047,1047,13,14,12,13,2,3,0,-1,2,-1,0,2,1,2,2,4
979,979,974,974,17,19,18,18,0,5,0,-2,1,0,-1,1,1,3,1,4
869,857,853,853,14,17,15,16,12,4,0,-3,2,-1,-2,2,3,1,3,4
391,384,379,374,17,16,15,16,7,5,5,1,1,-1,1,2,3,3,3,4
888,878,874,876,18,19,18,18,10,4,-2,-1,1,0,0,2,2,2,1,4
253,246,248,246,18,19,18,18,7,-2,2,-1,1,0,0,3,2,1,2,4
307,304,300,302,14,14,15,16,3,4,-2,0,-1,-1,-2,2,1,3,2,4
909,907,904,904,18,19,20,19,2,3,0,-1,-1,1,-1,3,2,1,1,4
1073,1071,1064,1059,17,16,18,18,2,7,5,1,-2,0,-1,1,2,1,1,4
403,398,398,393,17,16,18,18,5,0,5,1,-2,0,-1,1,1,1,1,4
215,215,210,213,21,19,20,19,0,5,-3,2,-1,1,2,1,1,1,2,4
928,928,923,921,21,19,21,21,0,5,2,2,-2,0,0,1,1,1,2,4
468,461,464,466,13,14,15,16,7,-3,-2,-1,-1,-1,-3,3,2,1,2,4
494,487,487,487,18,17,18,16,7,0,0,1,-1,2,2,2,1,1,1,4
745,745,740,743,17,16,18,18,0,5,-3,1,-2,0,-1,1,3,1,2,4
1040,1043,1038,1038,17,16,15,16,-3,5,0,1,1,-1,1,3,2,2,2,4
553,548,553,557,18,17,18,16,5,-5,-4,1,-1,2,2,1,1,1,3,4
965,958,956,958,13,14,15,13,7,2,-2,-1,-1,2,0,3,2,1,2,4
492,489,482,482,18,19,18,19,3,7,0,-1,1,-1,-1,1,2,1,1,4
515,503,508,510,14,17,15,16,12,-5,-2,-3,2,-1,-2,1,2,2,1,4
710,705,707,707,17,19,18,18,5,-2,0,-2,1,0,-1,2,2,1,1,4
189,1073,1068,1073,18,16,18,18,-884,5,-5,2,-2,0,0,2,3,1,1,4
810,806,801,801,21,19,21,19,4,5,0,2,-2,2,2,1,1,1,1,4
220,208,206,199,14,14,15,13,12,2,7,0,-1,2,1,1,2,3,2,4
293,290,286,286,14,17,15,16,3,4,0,-3,2,-1,-2,2,1,1,1,4
201,201,196,196,18,17,18,16,0,5,0,1,-1,2,2,1,1,3,1,4
248,248,243,241,18,19,18,18,0,5,2,-1,1,0,0,1,1,1,2,4
1005,1003,1003,1003,17,16,15,16,2,0,0,1,1,-1,1,2,1,1,1,4
564,562,564,562,21,19,20,18,2,-2,2,2,-1,2,3,2,1,2,1,4
628,618,614,618,14,14,13,13,10,4,-4,0,1,0,1,1,1,1,1,4
595,588,586,586,18,19,18,19,7,2,0,-1,1,-1,-1,1,2,3,3,4
846,846,846,846,18,19,18,18,0,0,0,-1,1,0,0,2,2,2,2,4
974,970,967,970,13,14,12,13,4,3,-3,-1,2,-1,0,1,3,2,1,4
403,410,407,407,13,14,15,13,-7,3,0,-1,-1,2,0,1,2,1,1,4
998,1007,1007,1007,20,19,18,18,-9,0,0,1,1,0,2,3,1,3,1,4
485,473,471,473,18,16,18,16,12,2,-2,2,-2,2,2,2,1,2,1,4
670,665,667,670,13,14,12,13,5,-2,-3,-1,2,-1,0,1,1,2,3,4
562,550,543,546,14,17,15,16,12,7,-3,-3,2,-1,-2,3,2,3,2,4
796,787,782,785,14,14,13,13,9,5,-3,0,1,0,1,1,1,1,2,4
787,747,743,740,14,14,15,13,40,4,3,0,-1,2,1,1,2,2,3,4
393,389,384,384,20,19,20,21,4,5,0,1,-1,-1,-1,3,3,1,1,4
869,862,860,855,18,19,18,21,7,2,5,-1,1,-3,-3,2,1,2,2,4
314,309,307,304,18,17,18,16,5,2,3,1,-1,2,2,1,3,2,1,4
367,365,365,363,20,19,20,21,2,0,2,1,-1,-1,-1,2,1,1,2,4
487,475,473,478,18,19,18,18,12,2,-5,-1,1,0,0,1,2,1,1,4
208,206,203,201,18,17,18,19,2,3,2,1,-1,-1,-1,2,3,2,3,4
562,560,557,560,14,14,15,13,2,3,-3,0,-1,2,1,3,2,1,2,4
536,536,532,534,18,19,20,18,0,4,-2,-1,-1,2,0,2,2,2,1,4
410,403,403,403,20,19,20,21,7,0,0,1,-1,-1,-1,2,1,3,3,4
215,210,210,210,14,14,15,16,5,0,0,0,-1,-1,-2,3,3,3,1,4
764,764,764,764,13,16,15,16,0,0,0,-3,1,-1,-3,1,1,1,1,4
473,468,466,468,13,14,12,13,5,2,-2,-1,2,-1,0,3,3,2,1,4
586,576,574,576,14,14,15,13,10,2,-2,0,-1,2,1,1,3,2,3,4
567,555,557,560,14,14,15,13,12,-2,-3,0,-1,2,1,1,2,1,2,4
374,372,372,370,17,16,15,16,2,0,2,1,1,-1,1,1,2,2,3,4
196,194,192,196,18,17,18,19,2,2,-4,1,-1,-1,-1,3,2,1,3,4
269,260,257,255,18,19,18,21,9,3,2,-1,1,-3,-3,2,2,3,2,4
473,473,466,466,13,14,12,13,0,7,0,-1,2,-1,0,1,1,2,2,4
867,860,857,855,21,19,20,21,7,3,2,2,-1,-1,0,3,2,1,2,4
764,768,771,773,13,16,15,16,-4,-3,-2,-3,1,-1,-3,3,3,2,3,4
588,593,590,593,14,14,15,13,-5,3,-3,0,-1,2,1,2,2,3,2,4
773,766,764,768,13,14,15,13,7,2,-4,-1,-1,2,0,3,2,1,3,4
571,562,564,562,21,19,20,18,9,-2,2,2,-1,2,3,1,3,2,3,4
979,977,979,977,20,19,20,21,2,-2,2,1,-1,-1,-1,1,2,3,2,4
239,234,234,234,18,17,18,16,5,0,0,1,-1,2,2,3,3,1,1,4
705,710,700,703,13,16,15,16,-5,10,-3,-3,1,-1,-3,2,2,2,3,4
459,459,454,454,17,16,18,16,0,5,0,1,-2,2,1,3,1,1,1,4
185,182,185,187,18,17,18,19,3,-3,-2,1,-1,-1,-1,2,1,2,1,4
290,286,281,276,21,19,20,18,4,5,5,2,-1,2,3,1,1,1,1,4
719,717,717,721,20,19,20,21,2,0,-4,1,-1,-1,-1,2,1,1,1,4
639,632,632,637,20,19,20,21,7,0,-5,1,-1,-1,-1,2,1,1,1,4
846,846,848,848,18,19,18,18,0,-2,0,-1,1,0,0,2,2,1,1,4
379,374,370,379,13,14,15,13,5,4,-9,-1,-1,2,0,1,3,3,1,4
817,806,801,803,14,14,13,13,11,5,-2,0,1,0,1,2,3,3,2,4
745,745,736,736,17,16,15,16,0,9,0,1,1,-1,1,1,1,3,1,4
473,459,452,452,13,14,12,13,14,7,0,-1,2,-1,0,3,3,2,2,4
679,672,672,667,17,16,15,16,7,0,5,1,1,-1,1,1,2,2,2,4
562,557,550,553,14,14,15,13,5,7,-3,0,-1,2,1,1,1,2,1,4
314,307,302,300,21,19,20,19,7,5,2,2,-1,1,2,1,2,2,1,4
721,717,721,721,20,19,20,21,4,-4,0,1,-1,-1,-1,3,3,1,1,4
717,714,712,710,20,19,18,18,3,2,2,1,1,0,2,3,2,1,2,4
482,478,473,473,21,19,20,21,4,5,0,2,-1,-1,0,1,1,1,1,4
593,590,590,590,14,14,13,13,3,0,0,0,1,0,1,2,3,3,1,4
187,182,182,182,21,19,18,19,5,0,0,2,1,-1,2,1,1,1,1,4
785,773,766,768,14,14,12,13,12,7,-2,0,2,-1,1,2,1,2,1,4
583,576,574,571,18,19,18,18,7,2,3,-1,1,0,0,2,1,2,1,4
293,293,290,290,14,17,15,16,0,3,0,-3,2,-1,-2,2,2,3,1,4
309,297,297,295,18,17,18,19,12,0,2,1,-1,-1,-1,1,2,2,1,4
712,712,710,710,13,14,12,13,0,2,0,-1,2,-1,0,3,1,2,2,4
286,281,278,271,18,17,18,18,5,3,7,1,-1,0,0,3,1,2,3,4
421,417,417,412,17,16,18,18,4,0,5,1,-2,0,-1,3,1,3,1,4
208,206,206,201,21,19,20,21,2,0,5,2,-1,-1,0,2,1,1,1,4
860,860,853,853,18,19,18,18,0,7,0,-1,1,0,0,2,2,3,1,4
1047,1045,1040,1045,13,16,15,16,2,5,-5,-3,1,-1,-3,2,3,3,1,4
510,503,506,510,21,19,20,21,7,-3,-4,2,-1,-1,0,1,2,1,1,4
215,208,203,201,14,14,15,13,7,5,2,0,-1,2,1,1,2,2,3,4
250,250,239,239,18,19,18,18,0,11,0,-1,1,0,0,2,2,1,1,4
239,229,224,224,18,17,18,19,10,5,0,1,-1,-1,-1,3,1,1,1,4
314,311,311,309,14,17,15,16,3,0,2,-3,2,-1,-2,3,2,2,1,4
618,614,614,616,14,17,15,16,4,0,-2,-3,2,-1,-2,1,1,1,2,4
1017,1019,1014,1012,20,19,18,18,-2,5,2,1,1,0,2,1,2,2,1,4
963,960,956,958,20,19,20,18,3,4,-2,1,-1,2,2,2,1,3,2,4
721,719,719,721,17,16,18,16,2,0,-2,1,-2,2,1,1,2,2,3,4
342,337,328,328,13,14,15,13,5,9,0,-1,-1,2,0,1,1,1,1,4
236,229,227,234,18,17,18,18,7,2,-7,1,-1,0,0,2,1,2,1,4
267,267,260,262,18,17,18,18,0,7,-2,1,-1,0,0,1,1,2,1,4
729,728,726,728,17,19,18,18,1,2,-2,-2,1,0,-1,2,2,3,2,4
803,792,789,787,14,14,13,13,11,3,2,0,1,0,1,2,1,2,1,4
1043,1040,1045,1043,20,19,20,18,3,-5,2,1,-1,2,2,2,3,1,2,4
817,803,799,801,14,14,13,13,14,4,-2,0,1,0,1,2,2,2,1,4
450,445,440,436,17,16,18,18,5,5,4,1,-2,0,-1,1,1,1,1,4
314,311,311,304,21,19,21,21,3,0,7,2,-2,0,0,1,2,2,1,4
932,932,935,932,13,14,13,13,0,-3,3,-1,1,0,0,1,1,2,1,4
1010,1007,1003,1003,20,19,20,21,3,4,0,1,-1,-1,-1,2,1,1,3,4
541,536,532,532,14,17,15,16,5,4,0,-3,2,-1,-2,2,2,2,2,4
264,264,260,262,14,14,15,16,0,4,-2,0,-1,-1,-2,2,2,2,1,4
414,412,414,414,20,19,20,21,2,-2,0,1,-1,-1,-1,2,1,2,2,4
895,886,886,893,18,17,18,16,9,0,-7,1,-1,2,2,1,3,1,2,4
869,862,869,862,21,19,20,21,7,-7,7,2,-1,-1,0,2,1,2,1,4
257,248,246,246,14,14,13,13,9,2,0,0,1,0,1,3,3,2,2,4
262,234,229,239,18,19,18,18,28,5,-10,-1,1,0,0,3,1,1,1,4
597,595,595,590,14,14,13,13,2,0,5,0,1,0,1,2,3,1,1,4
590,583,583,583,14,14,13,13,7,0,0,0,1,0,1,3,2,2,2,4
609,607,604,604,14,14,13,13,2,3,0,0,1,0,1,1,2,1,3,4
879,869,871,869,21,19,20,18,10,-2,2,2,-1,2,3,2,2,1,2,4
965,960,960,960,17,16,18,16,5,0,0,1,-2,2,1,3,3,1,1,4
1038,1031,1036,1036,13,14,15,13,7,-5,0,-1,-1,2,0,2,1,1,3,4
836,832,836,839,14,14,15,16,4,-4,-3,0,-1,-1,-2,2,2,2,1,4
473,466,468,466,13,14,12,13,7,-2,2,-1,2,-1,0,3,2,3,2,4
210,206,206,210,21,19,20,21,4,0,-4,2,-1,-1,0,1,1,1,3,4
510,506,499,499,14,14,15,13,4,7,0,0,-1,2,1,3,3,2,2,4
867,864,864,857,14,14,13,13,3,0,7,0,1,0,1,1,2,2,3,4
527,522,517,515,18,19,18,19,5,5,2,-1,1,-1,-1,2,2,2,1,4
220,208,201,199,14,14,15,16,12,7,2,0,-1,-1,-2,1,2,1,2,4
916,918,916,911,14,17,15,16,-2,2,5,-3,2,-1,-2,2,1,2,2,4
829,834,824,824,14,17,15,16,-5,10,0,-3,2,-1,-2,3,1,1,1,4
925,914,916,914,14,14,15,13,11,-2,2,0,-1,2,1,2,3,2,3,4
253,250,248,248,21,19,20,21,3,2,0,2,-1,-1,0,1,2,1,1,4
904,902,883,876,14,14,13,13,2,19,7,0,1,0,1,3,2,2,3,4
457,464,457,454,20,19,20,18,-7,7,3,1,-1,2,2,2,1,2,3,4
719,714,717,712,20,19,20,21,5,-3,5,1,-1,-1,-1,2,2,1,3,4
925,925,923,921,18,19,18,19,0,2,2,-1,1,-1,-1,2,2,1,2,4
450,447,443,445,13,14,15,13,3,4,-2,-1,-1,2,0,1,2,2,1,4
243,234,232,234,21,19,20,21,9,2,-2,2,-1,-1,0,1,1,2,1,4
358,356,332,356,20,19,20,21,2,24,-24,1,-1,-1,-1,2,1,1,1,4
646,642,639,642,13,14,15,13,4,3,-3,-1,-1,2,0,1,1,2,1,4
290,283,281,278,18,19,18,19,7,2,3,-1,1,-1,-1,1,2,1,2,4
323,318,318,314,14,17,15,16,5,0,4,-3,2,-1,-2,1,1,1,1,4
717,712,712,707,13,14,15,13,5,0,5,-1,-1,2,0,3,3,1,1,4
857,846,843,843,14,14,13,13,11,3,0,0,1,0,1,3,2,1,3,4
949,946,949,946,20,19,18,18,3,-3,3,1,1,0,2,2,1,2,1,4
553,553,546,546,14,14,13,13,0,7,0,0,1,0,1,3,3,2,2,4
351,346,335,349,17,16,18,18,5,11,-14,1,-2,0,-1,3,1,2,2,4
271,260,262,262,21,19,20,21,11,-2,0,2,-1,-1,0,1,2,1,1,4
660,656,651,651,17,19,18,18,4,5,0,-2,1,0,-1,3,1,1,1,4
639,637,635,637,13,16,15,16,2,2,-2,-3,1,-1,-3,2,1,2,1,4
817,817,815,813,18,17,18,16,0,2,2,1,-1,2,2,2,2,1,2,4
1040,1036,1031,1038,17,16,15,16,4,5,-7,1,1,-1,1,1,1,3,2,4
1071,1059,1057,1059,13,14,15,13,12,2,-2,-1,-1,2,0,2,1,2,3,4
217,210,213,215,18,19,18,19,7,-3,-2,-1,1,-1,-1,2,3,2,1,4
632,625,628,625,13,14,15,13,7,-3,3,-1,-1,2,0,1,2,1,2,4
1059,1057,1050,1052,17,16,15,16,2,7,-2,1,1,-1,1,1,2,3,2,4
895,890,888,888,21,19,20,21,5,2,0,2,-1,-1,0,1,1,2,2,4
911,909,902,897,18,17,18,16,2,7,5,1,-1,2,2,2,1,2,2,4
1057,1052,1047,1045,17,16,18,16,5,5,2,1,-2,2,1,2,2,2,1,4
370,365,360,363,13,14,12,13,5,5,-3,-1,2,-1,0,1,3,1,2,4
621,614,614,614,18,19,18,19,7,0,0,-1,1,-1,-1,2,1,1,1,4
752,750,750,750,17,19,18,18,2,0,0,-2,1,0,-1,2,1,3,1,4
262,262,257,260,14,14,13,13,0,5,-3,0,1,0,1,1,1,1,2,4
539,534,536,529,18,19,18,19,5,-2,7,-1,1,-1,-1,1,1,2,1,4
937,939,939,937,20,19,20,21,-2,0,2,1,-1,-1,-1,1,2,2,3,4
674,672,674,667,13,14,12,13,2,-2,7,-1,2,-1,0,1,2,1,2,4
953,951,946,949,17,16,18,18,2,5,-3,1,-2,0,-1,2,1,1,2,4
579,571,564,564,14,14,13,13,8,7,0,0,1,0,1,2,3,2,2,4
890,890,886,890,14,17,15,16,0,4,-4,-3,2,-1,-2,1,1,1,1,4
576,567,562,562,18,19,18,18,9,5,0,-1,1,0,0,1,1,1,1,4
1033,1026,1019,1021,13,14,12,13,7,7,-2,-1,2,-1,0,2,3,2,1,4
796,799,796,796,21,19,21,21,-3,3,0,2,-2,0,0,1,2,1,1,4
942,939,939,939,20,19,20,21,3,0,0,1,-1,-1,-1,3,2,2,2,4
1014,1007,1007,1012,17,16,18,18,7,0,-5,1,-2,0,-1,2,1,1,1,4
562,557,557,557,18,19,18,18,5,0,0,-1,1,0,0,1,1,3,1,4
904,902,890,893,18,17,18,16,2,12,-3,1,-1,2,2,1,2,1,2,4
1012,1010,1007,1003,17,16,18,18,2,3,4,1,-2,0,-1,3,2,3,1,4
604,600,586,595,14,14,13,13,4,14,-9,0,1,0,1,3,1,1,1,4
888,876,871,869,14,14,13,13,12,5,2,0,1,0,1,2,1,3,2,4
248,246,241,248,18,19,18,18,2,5,-7,-1,1,0,0,1,2,2,1,4
864,864,860,862,18,19,18,18,0,4,-2,-1,1,0,0,2,2,2,3,4
890,888,886,886,21,19,20,21,2,2,0,2,-1,-1,0,1,2,1,3,4
325,318,318,314,18,19,18,19,7,0,4,-1,1,-1,-1,2,1,1,1,4
794,785,785,782,14,17,15,16,9,0,3,-3,2,-1,-2,2,2,2,1,4
895,886,881,888,14,17,15,16,9,5,-7,-3,2,-1,-2,1,1,3,2,4
792,782,785,782,18,17,18,19,10,-3,3,1,-1,-1,-1,3,1,2,1,4
963,953,956,960,20,19,20,21,10,-3,-4,1,-1,-1,-1,2,2,3,1,4
817,813,813,813,14,14,15,13,4,0,0,0,-1,2,1,2,2,2,2,4
696,689,682,686,13,14,12,13,7,7,-4,-1,2,-1,0,2,3,2,2,4
438,436,431,431,17,16,18,18,2,5,0,1,-2,0,-1,2,1,1,1,4
440,431,436,436,20,19,18,18,9,-5,0,1,1,0,2,1,1,1,1,4
932,923,932,925,17,17,18,19,9,-9,7,0,-1,-1,-2,1,1,1,2,4
475,471,466,473,13,14,15,13,4,5,-7,-1,-1,2,0,2,2,2,1,4
764,759,754,754,20,19,18,18,5,5,0,1,1,0,2,1,1,1,1,4
440,436,433,433,20,19,20,21,4,3,0,1,-1,-1,-1,1,1,2,2,4
1026,1024,1021,1017,13,14,12,13,2,3,4,-1,2,-1,0,1,2,3,3,4
642,635,635,637,13,14,15,13,7,0,-2,-1,-1,2,0,1,2,2,1,4
461,457,454,457,17,16,18,16,4,3,-3,1,-2,2,1,2,2,3,2,4
187,1075,1073,1068,14,14,15,13,-888,2,5,0,-1,2,1,3,2,1,3,4
651,646,646,646,20,19,20,18,5,0,0,1,-1,2,2,1,3,1,1,4
1064,1059,1057,1054,13,14,15,13,5,2,3,-1,-1,2,0,1,1,2,1,4
543,543,541,539,18,19,18,18,0,2,2,-1,1,0,0,1,3,2,1,4
808,810,803,806,14,17,15,16,-2,7,-3,-3,2,-1,-2,2,3,2,1,4
935,925,923,928,17,17,15,16,10,2,-5,0,2,-1,1,2,2,1,1,4
841,834,829,832,14,17,15,16,7,5,-3,-3,2,-1,-2,2,1,3,2,4
958,953,946,946,17,16,18,16,5,7,0,1,-2,2,1,2,2,1,3,4
1007,1005,1003,1005,17,19,15,16,2,2,-2,-2,4,-1,1,1,2,3,2,4
543,541,543,543,21,19,20,21,2,-2,0,2,-1,-1,0,1,2,1,1,4
560,562,557,557,18,19,18,18,-2,5,0,-1,1,0,0,2,1,1,1,4
705,705,700,710,13,14,15,13,0,5,-10,-1,-1,2,0,2,2,2,2,4
843,836,834,832,14,14,15,13,7,2,2,0,-1,2,1,3,2,3,2,4
953,956,951,951,13,14,15,13,-3,5,0,-1,-1,2,0,2,1,1,1,4
874,876,871,871,14,14,13,13,-2,5,0,0,1,0,1,2,3,1,1,4
621,611,614,614,21,19,21,21,10,-3,0,2,-2,0,0,2,2,1,1,4
674,670,677,679,17,16,18,18,4,-7,-2,1,-2,0,-1,1,1,2,1,4
1003,1000,1003,1003,13,14,15,13,3,-3,0,-1,-1,2,0,3,2,3,1,4
562,560,557,555,18,19,18,21,2,3,2,-1,1,-3,-3,1,2,3,2,4
260,260,255,253,18,19,23,18,0,5,2,-1,-4,5,0,2,2,2,1,4
290,288,283,283,18,19,18,19,2,5,0,-1,1,-1,-1,3,2,2,2,4
217,206,208,210,21,19,20,19,11,-2,-2,2,-1,1,2,2,1,2,1,4
269,269,262,262,18,17,15,16,0,7,0,1,2,-1,2,2,2,1,1,4
213,206,203,206,18,17,18,16,7,3,-3,1,-1,2,2,2,3,2,1,4
956,951,953,951,17,16,18,16,5,-2,2,1,-2,2,1,1,1,2,3,4
698,698,693,693,20,19,20,18,0,5,0,1,-1,2,2,3,3,1,1,4
1045,1050,1036,1036,13,14,15,13,-5,14,0,-1,-1,2,0,1,1,3,1,4
471,471,468,466,20,19,20,18,0,3,2,1,-1,2,2,2,2,3,2,4
318,304,300,295,18,17,18,16,14,4,5,1,-1,2,2,1,1,1,1,4
464,461,457,459,17,16,18,16,3,4,-2,1,-2,2,1,1,2,2,1,4
597,593,590,590,14,14,15,16,4,3,0,0,-1,-1,-2,2,2,1,1,4
607,604,600,604,21,19,20,21,3,4,-4,2,-1,-1,0,2,1,1,3,4
925,925,923,923,18,17,18,19,0,2,0,1,-1,-1,-1,2,2,1,1,4
888,890,890,888,14,14,13,13,-2,0,2,0,1,0,1,2,1,1,2,4
501,499,492,496,18,17,18,19,2,7,-4,1,-1,-1,-1,3,2,1,1,4
970,972,970,970,17,16,18,18,-2,2,0,1,-2,0,-1,1,2,1,1,4
895,886,886,890,18,17,18,19,9,0,-4,1,-1,-1,-1,1,1,3,1,4
829,829,829,829,18,19,18,19,0,0,0,-1,1,-1,-1,1,1,1,1,4
365,353,339,335,13,16,15,16,12,14,4,-3,1,-1,-3,1,2,2,2,4
365,367,363,363,13,14,15,13,-2,4,0,-1,-1,2,0,3,2,2,2,4
243,239,232,236,14,14,13,13,4,7,-4,0,1,0,1,1,3,2,2,4
295,295,286,286,14,17,15,16,0,9,0,-3,2,-1,-2,3,1,1,1,4
300,297,295,295,21,19,20,21,3,2,0,2,-1,-1,0,1,2,1,1,4
949,944,949,949,13,16,15,16,5,-5,0,-3,1,-1,-3,2,2,2,2,4
1031,1026,1017,1017,13,14,12,13,5,9,0,-1,2,-1,0,1,3,1,1,4
332,332,335,332,17,19,18,18,0,-3,3,-2,1,0,-1,1,1,2,1,4
766,759,761,764,17,16,18,18,7,-2,-3,1,-2,0,-1,2,1,2,1,4
1073,1073,1068,1068,17,16,15,16,0,5,0,1,1,-1,1,3,1,1,1,4
337,332,328,323,17,16,18,16,5,4,5,1,-2,2,1,3,1,1,1,4
705,700,698,698,13,14,12,13,5,2,0,-1,2,-1,0,2,2,1,1,4
651,651,651,651,20,19,20,21,0,0,0,1,-1,-1,-1,3,1,1,1,4
1038,1031,1024,1021,13,14,15,13,7,7,3,-1,-1,2,0,2,3,2,1,4
932,932,921,928,13,14,15,13,0,11,-7,-1,-1,2,0,1,1,2,1,4
644,642,642,644,13,14,15,13,2,0,-2,-1,-1,2,0,2,1,1,2,4
295,293,290,290,21,19,20,21,2,3,0,2,-1,-1,0,3,2,1,1,4
372,367,367,365,13,14,12,13,5,0,2,-1,2,-1,0,2,2,2,1,4
689,689,679,679,13,14,15,13,0,10,0,-1,-1,2,0,1,1,1,3,4
646,642,644,646,20,19,20,18,4,-2,-2,1,-1,2,2,1,1,2,1,4
508,501,499,506,21,19,21,21,7,2,-7,2,-2,0,0,2,3,2,1,4
761,754,743,745,13,14,12,13,7,11,-2,-1,2,-1,0,2,1,2,1,4
550,553,550,553,18,19,18,18,-3,3,-3,-1,1,0,0,2,1,2,1,4
473,471,464,466,13,14,15,13,2,7,-2,-1,-1,2,0,1,2,1,2,4
944,939,937,939,20,19,20,18,5,2,-2,1,-1,2,2,2,2,1,2,4
220,215,210,210,21,19,20,21,5,5,0,2,-1,-1,0,1,3,1,1,4
745,743,740,740,13,14,15,13,2,3,0,-1,-1,2,0,1,2,1,1,4
210,206,206,203,21,19,20,21,4,0,3,2,-1,-1,0,1,3,1,2,4
489,487,478,485,14,14,15,13,2,9,-7,0,-1,2,1,2,3,1,2,4
864,864,864,867,14,17,15,16,0,0,-3,-3,2,-1,-2,2,2,2,3,4
738,738,728,731,20,19,18,18,0,10,-3,1,1,0,2,2,2,2,1,4
304,300,300,297,14,17,15,16,4,0,3,-3,2,-1,-2,1,1,3,2,4
893,888,881,881,14,14,15,16,5,7,0,0,-1,-1,-2,2,2,3,1,4
677,674,674,667,13,14,15,13,3,0,7,-1,-1,2,0,2,3,1,2,4
360,358,358,353,13,14,12,13,2,0,5,-1,2,-1,0,1,2,2,2,4
196,196,192,194,18,17,18,16,0,4,-2,1,-1,2,2,3,3,1,2,4
1007,1010,1003,1005,20,19,20,21,-3,7,-2,1,-1,-1,-1,3,2,1,2,4
374,370,365,365,17,19,18,18,4,5,0,-2,1,0,-1,3,1,1,1,4
250,253,250,253,14,14,15,13,-3,3,-3,0,-1,2,1,2,3,2,1,4
806,803,806,806,21,19,20,19,3,-3,0,2,-1,1,2,1,2,1,1,4
262,250,239,243,14,14,15,16,12,11,-4,0,-1,-1,-2,3,2,3,3,4
900,886,888,886,14,14,15,13,14,-2,2,0,-1,2,1,1,1,2,1,4
248,248,248,248,18,17,18,18,0,0,0,1,-1,0,0,1,3,1,1,4
253,248,248,248,14,17,15,16,5,0,0,-3,2,-1,-2,3,1,1,1,4
656,649,649,651,20,19,18,18,7,0,-2,1,1,0,2,1,2,2,1,4
548,536,536,539,14,14,13,13,12,0,-3,0,1,0,1,1,2,2,3,4
890,888,878,876,14,14,15,13,2,10,2,0,-1,2,1,1,2,2,1,4
909,907,900,902,21,19,20,21,2,7,-2,2,-1,-1,0,1,2,1,2,4
764,766,764,766,13,16,15,16,-2,2,-2,-3,1,-1,-3,1,2,1,2,4
220,213,210,210,14,14,13,13,7,3,0,0,1,0,1,1,2,1,1,4
281,267,262,269,14,14,15,13,14,5,-7,0,-1,2,1,1,3,3,2,4
848,843,862,834,18,19,20,18,5,-19,28,-1,-1,2,0,3,3,1,3,4
487,487,475,478,14,17,15,16,0,12,-3,-3,2,-1,-2,1,1,2,1,4
520,515,510,510,18,19,18,19,5,5,0,-1,1,-1,-1,3,3,1,1,4
426,417,417,417,13,14,12,13,9,0,0,-1,2,-1,0,3,1,3,1,4
239,227,222,227,18,17,18,16,12,5,-5,1,-1,2,2,3,2,2,2,4
923,921,918,916,18,17,18,19,2,3,2,1,-1,-1,-1,3,2,3,2,4
222,227,217,220,18,17,18,19,-5,10,-3,1,-1,-1,-1,2,2,2,1,4
445,438,431,431,17,16,18,18,7,7,0,1,-2,0,-1,1,2,1,1,4
886,876,871,871,18,17,18,18,10,5,0,1,-1,0,0,1,1,1,1,4
250,243,241,243,14,14,15,16,7,2,-2,0,-1,-1,-2,2,3,2,1,4
421,421,414,414,17,16,18,16,0,7,0,1,-2,2,1,1,1,2,2,4
224,215,213,215,14,14,15,13,9,2,-2,0,-1,2,1,3,3,2,1,4
974,965,958,960,20,19,18,18,9,7,-2,1,1,0,2,3,1,2,1,4
241,232,229,257,14,14,13,13,9,3,-28,0,1,0,1,2,2,1,1,4
473,468,468,468,20,19,20,21,5,0,0,1,-1,-1,-1,1,3,1,1,4
914,914,914,911,18,19,18,19,0,0,3,-1,1,-1,-1,1,1,1,2,4
553,546,543,548,18,19,18,18,7,3,-5,-1,1,0,0,1,2,1,1,4
689,691,689,689,13,14,15,16,-2,2,0,-1,-1,-1,-3,1,2,1,1,4
510,506,506,501,21,19,20,21,4,0,5,2,-1,-1,0,1,1,1,1,4
1073,1064,1064,1059,17,16,18,18,9,0,5,1,-2,0,-1,1,1,1,1,4
726,726,726,726,20,19,20,21,0,0,0,1,-1,-1,-1,1,1,1,3,4
1054,1050,1040,1050,13,14,15,13,4,10,-10,-1,-1,2,0,1,1,3,3,4
651,653,651,651,13,16,15,16,-2,2,0,-3,1,-1,-3,3,2,1,1,4
700,703,700,698,13,16,15,16,-3,3,2,-3,1,-1,-3,2,1,2,1,4
1021,1021,1021,1017,13,14,15,13,0,0,4,-1,-1,2,0,1,3,1,3,4
764,764,761,766,13,14,12,13,0,3,-5,-1,2,-1,0,1,1,2,2,4
234,229,229,227,14,14,13,13,5,0,2,0,1,0,1,3,3,3,2,4
609,607,609,609,21,19,21,19,2,-2,0,2,-2,2,2,3,2,1,3,4
342,342,335,337,17,16,15,16,0,7,-2,1,1,-1,1,1,1,2,1,4
686,677,677,679,20,19,20,21,9,0,-2,1,-1,-1,-1,2,2,2,1,4
281,276,271,271,21,19,20,18,5,5,0,2,-1,2,3,1,1,3,1,4
801,796,792,792,18,17,18,19,5,4,0,1,-1,-1,-1,1,3,1,1,4
1017,1012,1010,1012,20,19,18,18,5,2,-2,1,1,0,2,3,1,2,1,4
628,623,623,628,21,19,21,19,5,0,-5,2,-2,2,2,1,3,1,1,4
942,949,946,946,13,14,12,13,-7,3,0,-1,2,-1,0,1,2,3,1,4
410,403,398,403,17,16,15,16,7,5,-5,1,1,-1,1,2,3,1,1,4
210,201,201,201,14,17,15,16,9,0,0,-3,2,-1,-2,3,1,1,1,4
785,775,773,773,18,16,18,18,10,2,0,2,-2,0,0,2,2,1,1,4
918,914,909,909,14,14,15,16,4,5,0,0,-1,-1,-2,1,3,1,1,4
192,187,189,192,18,19,18,19,5,-2,-3,-1,1,-1,-1,3,1,2,1,4
227,229,224,224,21,19,20,19,-2,5,0,2,-1,1,2,2,1,1,1,4
928,923,921,923,18,17,18,19,5,2,-2,1,-1,-1,-1,1,1,2,1,4
417,414,410,414,13,14,15,13,3,4,-4,-1,-1,2,0,1,2,2,2,4
970,972,965,972,13,14,15,13,-2,7,-7,-1,-1,2,0,3,2,1,2,4
890,881,876,876,14,14,15,13,9,5,0,0,-1,2,1,1,1,1,3,4
342,335,332,332,17,16,18,16,7,3,0,1,-2,2,1,3,2,1,1,4
475,475,473,475,20,19,20,21,0,2,-2,1,-1,-1,-1,2,2,1,2,4
459,459,457,452,13,14,12,13,0,2,5,-1,2,-1,0,1,3,2,2,4
625,625,623,623,21,19,21,21,0,2,0,2,-2,0,0,2,2,1,1,4
471,468,464,466,13,14,15,13,3,4,-2,-1,-1,2,0,2,3,1,2,4
925,923,916,921,18,19,18,19,2,7,-5,-1,1,-1,-1,2,3,2,2,4
307,300,300,307,21,19,20,21,7,0,-7,2,-1,-1,0,2,1,1,2,4
665,665,665,670,17,16,18,16,0,0,-5,1,-2,2,1,1,3,3,3,4
288,290,290,290,14,14,13,13,-2,0,0,0,1,0,1,2,3,1,1,4
300,293,290,290,18,17,18,19,7,3,0,1,-1,-1,-1,1,2,1,1,4
464,454,450,450,13,14,12,13,10,4,0,-1,2,-1,0,1,1,1,1,4
374,367,367,367,13,14,12,13,7,0,0,-1,2,-1,0,1,2,2,2,4
902,897,890,890,14,14,15,13,5,7,0,0,-1,2,1,2,2,1,1,4
750,740,738,743,13,14,12,13,10,2,-5,-1,2,-1,0,3,3,2,2,4
529,524,522,522,14,17,15,16,5,2,0,-3,2,-1,-2,1,1,2,2,4
651,649,639,642,13,14,12,13,2,10,-3,-1,2,-1,0,1,2,2,3,4
182,185,185,182,18,19,18,19,-3,0,3,-1,1,-1,-1,1,2,2,1,4
358,349,349,346,13,14,15,13,9,0,3,-1,-1,2,0,2,2,2,1,4
381,377,374,374,17,16,18,16,4,3,0,1,-2,2,1,2,2,3,1,4
768,768,766,768,20,19,20,18,0,2,-2,1,-1,2,2,1,3,2,1,4
707,705,703,693,17,19,15,16,2,2,10,-2,4,-1,1,3,2,3,1,4
267,260,255,253,18,19,18,18,7,5,2,-1,1,0,0,1,2,2,1,4
501,489,494,499,14,14,15,13,12,-5,-5,0,-1,2,1,1,2,2,2,4
321,314,314,314,18,17,18,19,7,0,0,1,-1,-1,-1,2,1,1,1,4
712,712,710,712,20,19,20,21,0,2,-2,1,-1,-1,-1,1,1,2,1,4
1021,1007,993,989,13,14,15,13,14,14,4,-1,-1,2,0,1,3,1,1,4
360,358,360,356,20,19,20,21,2,-2,4,1,-1,-1,-1,3,2,1,1,4
457,450,447,447,13,14,12,13,7,3,0,-1,2,-1,0,2,3,2,2,4
567,567,560,560,14,17,15,16,0,7,0,-3,2,-1,-2,1,3,2,2,4
890,874,871,871,14,14,13,13,16,3,0,0,1,0,1,1,2,1,1,4
1078,1078,1068,1073,17,16,15,16,0,10,-5,1,1,-1,1,1,1,1,3,4
536,527,522,520,14,14,13,13,9,5,2,0,1,0,1,2,2,2,3,4
243,234,227,227,14,14,13,13,9,7,0,0,1,0,1,1,3,2,2,4
1038,1033,1036,1031,20,19,20,18,5,-3,5,1,-1,2,2,2,2,1,1,4
522,515,515,517,21,19,20,19,7,0,-2,2,-1,1,2,2,1,1,2,4
981,970,958,960,17,16,15,16,11,12,-2,1,1,-1,1,2,1,2,1,4
431,424,421,424,17,16,18,18,7,3,-3,1,-2,0,-1,3,2,3,2,4
853,846,841,836,18,17,18,16,7,5,5,1,-1,2,2,3,2,2,2,4
651,646,644,642,13,14,15,13,5,2,2,-1,-1,2,0,1,1,2,1,4
642,635,635,632,20,19,20,18,7,0,3,1,-1,2,2,3,2,2,1,4
473,468,471,473,17,19,18,18,5,-3,-2,-2,1,0,-1,3,1,2,1,4
323,307,295,297,14,14,13,13,16,12,-2,0,1,0,1,3,2,3,2,4
520,520,513,513,18,19,18,19,0,7,0,-1,1,-1,-1,3,3,2,2,4
806,801,796,801,14,14,13,13,5,5,-5,0,1,0,1,1,3,1,1,4
923,923,923,923,14,17,15,16,0,0,0,-3,2,-1,-2,1,3,1,1,4
314,307,309,311,18,19,21,19,7,-2,-2,-1,-2,2,-1,3,2,1,2,4
621,618,618,618,14,14,13,13,3,0,0,0,1,0,1,2,3,1,3,4
316,311,307,309,14,14,13,13,5,4,-2,0,1,0,1,2,2,2,1,4
304,302,297,295,18,19,18,19,2,5,2,-1,1,-1,-1,3,2,2,1,4
543,541,539,539,18,19,18,18,2,2,0,-1,1,0,0,1,2,1,3,4
979,979,972,974,17,16,18,16,0,7,-2,1,-2,2,1,1,3,2,1,4
1000,993,1036,993,13,14,15,13,7,-43,43,-1,-1,2,0,2,1,1,1,4
1033,1028,1028,1026,17,16,15,16,5,0,2,1,1,-1,1,2,2,2,1,4
513,508,499,496,18,17,18,19,5,9,3,1,-1,-1,-1,2,2,2,3,4
1026,1026,1021,1026,13,16,15,16,0,5,-5,-3,1,-1,-3,3,1,1,1,4
787,787,785,782,14,17,15,16,0,2,3,-3,2,-1,-2,1,1,2,1,4
243,241,239,236,18,19,18,18,2,2,3,-1,1,0,0,1,2,1,2,4
782,768,773,775,14,14,12,13,14,-5,-2,0,2,-1,1,1,3,1,2,4
450,443,443,445,13,14,15,16,7,0,-2,-1,-1,-1,-3,1,2,2,1,4
194,187,187,185,18,19,18,19,7,0,2,-1,1,-1,-1,2,3,3,2,4
900,895,895,895,21,19,20,21,5,0,0,2,-1,-1,0,1,1,1,1,4
909,904,904,907,14,14,13,13,5,0,-3,0,1,0,1,3,3,1,2,4
670,663,660,658,13,14,15,13,7,3,2,-1,-1,2,0,3,2,3,2,4
569,567,562,562,18,19,18,18,2,5,0,-1,1,0,0,2,1,1,1,4
1057,1052,1047,1050,17,16,18,16,5,5,-3,1,-2,2,1,2,2,2,1,4
426,426,562,421,20,19,23,18,0,-136,141,1,-4,5,2,1,1,1,1,4
986,986,974,970,13,14,12,13,0,12,4,-1,2,-1,0,2,2,1,1,4
372,370,367,370,20,19,20,18,2,3,-3,1,-1,2,2,2,1,2,1,4
468,475,464,464,13,14,15,13,-7,11,0,-1,-1,2,0,1,2,3,1,4
534,524,520,517,14,14,15,13,10,4,3,0,-1,2,1,3,3,3,2,4
454,459,459,454,13,14,15,13,-5,0,5,-1,-1,2,0,1,3,1,3,4
745,740,736,736,13,16,15,16,5,4,0,-3,1,-1,-3,3,3,3,1,4
534,529,524,529,14,17,15,16,5,5,-5,-3,2,-1,-2,1,1,3,1,4
234,194,192,192,18,17,15,16,40,2,0,1,2,-1,2,3,2,1,1,4
855,860,853,850,18,19,18,18,-5,7,3,-1,1,0,0,2,2,1,2,4
1026,1024,1021,1021,17,16,18,16,2,3,0,1,-2,2,1,1,2,1,1,4
787,785,782,787,18,17,18,19,2,3,-5,1,-1,-1,-1,3,2,1,1,4
1031,1031,1026,1026,13,14,15,13,0,5,0,-1,-1,2,0,3,1,1,1,4
574,576,571,576,14,14,15,13,-2,5,-5,0,-1,2,1,2,1,3,1,4
494,492,492,492,14,17,15,16,2,0,0,-3,2,-1,-2,2,1,1,1,4
635,642,639,635,20,19,20,18,-7,3,4,1,-1,2,2,2,1,2,2,4
893,890,890,890,21,19,20,19,3,0,0,2,-1,1,2,2,1,1,3,4
529,515,529,529,21,19,20,21,14,-14,0,2,-1,-1,0,3,3,1,3,4
843,848,839,839,21,19,20,21,-5,9,0,2,-1,-1,0,1,1,1,1,4
1064,1059,1057,1054,17,16,15,16,5,2,3,1,1,-1,1,3,1,2,1,4
576,574,569,564,18,17,18,18,2,5,5,1,-1,0,0,3,2,2,2,4
346,342,337,339,17,16,18,18,4,5,-2,1,-2,0,-1,1,3,1,2,4
510,501,506,501,14,14,13,13,9,-5,5,0,1,0,1,1,3,1,1,4
417,410,405,403,13,14,15,13,7,5,2,-1,-1,2,0,1,2,2,1,4
307,304,304,304,18,19,18,19,3,0,0,-1,1,-1,-1,2,1,1,1,4
963,956,946,944,13,14,15,13,7,10,2,-1,-1,2,0,2,1,1,2,4
346,300,297,300,13,14,13,13,46,3,-3,-1,1,0,0,1,1,2,3,4
876,867,862,864,18,17,18,16,9,5,-2,1,-1,2,2,3,1,3,2,4
618,609,621,621,14,17,15,16,9,-12,0,-3,2,-1,-2,1,1,2,2,4
604,604,604,600,18,19,18,19,0,0,4,-1,1,-1,-1,1,3,1,1,4
867,853,853,853,18,17,18,18,14,0,0,1,-1,0,0,1,1,1,1,4
517,436,433,431,14,16,15,16,81,3,2,-2,1,-1,-2,2,3,2,1,4
196,196,189,187,14,14,15,13,0,7,2,0,-1,2,1,1,1,2,3,4
761,761,761,759,17,16,15,16,0,0,2,1,1,-1,1,2,2,2,3,4
651,644,646,646,13,14,12,13,7,-2,0,-1,2,-1,0,1,2,1,1,4
529,524,517,515,21,19,20,19,5,7,2,2,-1,1,2,3,1,2,1,4
208,208,199,203,18,19,18,19,0,9,-4,-1,1,-1,-1,2,2,2,2,4
874,867,864,867,18,17,15,16,7,3,-3,1,2,-1,2,2,3,2,1,4
396,389,384,382,17,16,18,16,7,5,2,1,-2,2,1,2,1,1,2,4
557,560,557,557,18,19,18,18,-3,3,0,-1,1,0,0,1,2,1,1,4
468,464,459,459,20,19,18,18,4,5,0,1,1,0,2,1,1,1,1,4
224,222,220,224,14,17,15,16,2,2,-4,-3,2,-1,-2,1,2,3,1,4
942,942,942,942,20,19,20,18,0,0,0,1,-1,2,2,3,1,1,1,4
1007,1007,1007,1007,20,19,20,21,0,0,0,1,-1,-1,-1,1,1,1,1,4
632,632,623,628,20,19,18,19,0,9,-5,1,1,-1,1,1,1,1,1,4
768,766,764,766,20,19,20,21,2,2,-2,1,-1,-1,-1,3,2,1,2,4
794,789,787,787,21,19,21,21,5,2,0,2,-2,0,0,2,2,1,1,4
651,642,639,637,13,14,12,13,9,3,2,-1,2,-1,0,3,3,2,1,4
227,222,213,213,14,14,13,13,5,9,0,0,1,0,1,2,2,2,2,4
295,290,286,286,14,17,15,16,5,4,0,-3,2,-1,-2,3,3,1,1,4
998,998,991,989,13,14,12,13,0,7,2,-1,2,-1,0,3,3,2,1,4
257,255,250,253,14,14,15,16,2,5,-3,0,-1,-1,-2,1,2,2,3,4
747,740,736,738,13,14,12,13,7,4,-2,-1,2,-1,0,2,1,1,2,4
1007,998,1003,998,17,16,15,16,9,-5,5,1,1,-1,1,1,1,1,1,4
360,358,353,356,20,19,20,21,2,5,-3,1,-1,-1,-1,1,2,2,3,4
412,407,407,405,17,19,18,21,5,0,2,-2,1,-3,-4,1,3,1,2,4
464,457,457,454,13,14,15,13,7,0,3,-1,-1,2,0,3,2,2,1,4
773,773,773,773,17,19,18,18,0,0,0,-2,1,0,-1,1,1,3,1,4
426,421,412,414,13,14,12,13,5,9,-2,-1,2,-1,0,3,1,1,2,4
396,396,389,389,13,14,15,13,0,7,0,-1,-1,2,0,2,2,1,3,4
271,271,276,276,14,17,15,16,0,-5,0,-3,2,-1,-2,3,3,1,1,4
693,689,691,691,20,19,20,21,4,-2,0,1,-1,-1,-1,3,3,2,2,4
759,754,750,754,13,14,12,13,5,4,-4,-1,2,-1,0,1,3,3,1,4
1031,1031,1031,1031,20,19,18,18,0,0,0,1,1,0,2,1,1,1,1,4
560,550,548,548,21,19,20,21,10,2,0,2,-1,-1,0,2,2,1,1,4
658,651,642,642,13,14,15,13,7,9,0,-1,-1,2,0,2,1,1,3,4
1054,1047,1050,1047,13,16,15,16,7,-3,3,-3,1,-1,-3,3,2,1,2,4
492,492,487,487,18,17,18,19,0,5,0,1,-1,-1,-1,1,1,1,1,4
911,911,911,909,14,14,13,13,0,0,2,0,1,0,1,2,2,2,3,4
869,867,871,867,14,14,13,13,2,-4,4,0,1,0,1,2,3,1,3,4
410,410,407,407,17,16,18,18,0,3,0,1,-2,0,-1,2,2,1,1,4
984,982,977,977,17,19,18,18,2,5,0,-2,1,0,-1,3,2,2,2,4
496,492,487,492,18,19,18,19,4,5,-5,-1,1,-1,-1,1,1,1,1,4
642,637,632,632,20,19,20,21,5,5,0,1,-1,-1,-1,1,1,1,1,4
881,869,867,871,14,14,15,16,12,2,-4,0,-1,-1,-2,1,2,3,1,4
196,196,192,192,21,19,21,19,0,4,0,2,-2,2,2,1,1,1,1,4
893,886,878,876,21,19,20,18,7,8,2,2,-1,2,3,2,3,2,1,4
991,993,989,991,13,14,15,13,-2,4,-2,-1,-1,2,0,2,1,3,2,4
293,274,267,271,14,14,15,13,19,7,-4,0,-1,2,1,2,2,1,3,4
1078,1071,1073,1078,13,14,12,13,7,-2,-5,-1,2,-1,0,1,2,3,1,4
881,874,871,876,21,19,18,18,7,3,-5,2,1,0,3,1,2,1,1,4
321,328,323,328,14,17,15,16,-7,5,-5,-3,2,-1,-2,2,1,1,1,4
907,900,888,895,14,17,15,16,7,12,-7,-3,2,-1,-2,2,3,2,1,4
696,689,686,689,13,14,15,13,7,3,-3,-1,-1,2,0,2,1,2,1,4
210,199,196,189,14,14,15,16,11,3,7,0,-1,-1,-2,1,2,3,2,4
600,595,593,590,14,14,13,13,5,2,3,0,1,0,1,3,3,2,1,4
998,991,991,989,13,14,12,13,7,0,2,-1,2,-1,0,1,2,2,1,4
499,494,487,487,21,19,21,19,5,7,0,2,-2,2,2,2,2,1,1,4
974,965,960,956,17,16,18,18,9,5,4,1,-2,0,-1,1,1,1,1,4
363,358,351,356,13,14,15,16,5,7,-5,-1,-1,-1,-3,2,2,1,1,4
1052,1045,1043,1040,17,16,18,18,7,2,3,1,-2,0,-1,2,1,2,1,4
1014,1014,1014,1014,13,14,12,13,0,0,0,-1,2,-1,0,2,2,2,2,4
192,182,185,187,14,14,15,16,10,-3,-2,0,-1,-1,-2,1,1,2,1,4
824,827,822,824,14,17,15,16,-3,5,-2,-3,2,-1,-2,1,2,2,1,4
286,274,267,269,18,17,18,18,12,7,-2,1,-1,0,0,3,2,3,2,4
187,187,185,1078,18,19,18,18,0,2,-893,-1,1,0,0,1,1,2,1,4
616,618,614,618,14,17,15,16,-2,4,-4,-3,2,-1,-2,2,3,1,1,4
543,539,541,539,14,17,15,16,4,-2,2,-3,2,-1,-2,1,3,2,3,4
567,553,546,543,14,14,15,13,14,7,3,0,-1,2,1,1,3,2,1,4
234,224,220,222,14,14,13,13,10,4,-2,0,1,0,1,3,3,1,2,4
759,754,752,754,13,14,12,13,5,2,-2,-1,2,-1,0,1,3,2,3,4
412,412,412,412,20,19,20,18,0,0,0,1,-1,2,2,1,1,3,1,4
524,517,520,522,18,17,18,16,7,-3,-2,1,-1,2,2,1,2,3,2,4
637,635,628,628,17,16,18,16,2,7,0,1,-2,2,1,3,2,1,1,4
246,243,241,243,14,14,13,13,3,2,-2,0,1,0,1,2,3,2,1,4
381,382,379,379,17,16,18,18,-1,3,0,1,-2,0,-1,2,2,1,1,4
867,857,850,853,14,14,15,13,10,7,-3,0,-1,2,1,1,3,2,1,4
1019,1012,1012,1017,17,16,18,16,7,0,-5,1,-2,2,1,2,1,1,1,4
963,958,960,958,20,19,18,18,5,-2,2,1,1,0,2,2,2,1,2,4
817,815,813,815,14,14,15,16,2,2,-2,0,-1,-1,-2,2,3,2,3,4
288,286,290,288,14,14,13,13,2,-4,2,0,1,0,1,2,3,1,2,4
318,307,314,318,14,17,15,16,11,-7,-4,-3,2,-1,-2,1,2,1,1,4
206,201,201,201,14,14,13,13,5,0,0,0,1,0,1,1,1,1,1,4
1014,1014,1012,1007,20,19,20,21,0,2,5,1,-1,-1,-1,2,2,1,3,4
1021,1019,1019,1021,20,19,18,18,2,0,-2,1,1,0,2,3,2,2,1,4
515,510,515,508,14,17,15,16,5,-5,7,-3,2,-1,-2,1,3,1,2,4
635,628,628,625,20,19,21,19,7,0,3,1,-2,2,1,2,1,1,2,4
194,196,187,185,14,17,15,16,-2,9,2,-3,2,-1,-2,2,3,1,2,4
1045,1045,1038,1040,20,19,20,21,0,7,-2,1,-1,-1,-1,1,1,2,1,4
534,532,529,529,18,17,18,19,2,3,0,1,-1,-1,-1,3,2,3,3,4
316,311,309,309,18,19,18,19,5,2,0,-1,1,-1,-1,2,2,1,1,4
213,208,210,217,18,19,18,19,5,-2,-7,-1,1,-1,-1,2,2,1,2,4
189,182,185,189,18,19,18,19,7,-3,-4,-1,1,-1,-1,2,1,2,2,4
895,890,886,886,18,17,18,16,5,4,0,1,-1,2,2,1,3,3,1,4
600,593,590,593,21,19,20,21,7,3,-3,2,-1,-1,0,3,2,3,2,4
616,611,611,614,14,14,13,13,5,0,-3,0,1,0,1,2,2,2,1,4
864,862,862,862,21,19,20,18,2,0,0,2,-1,2,3,2,1,1,1,4
281,274,276,281,18,19,18,19,7,-2,-5,-1,1,-1,-1,1,2,1,1,4
710,705,710,707,13,14,12,13,5,-5,3,-1,2,-1,0,2,2,2,1,4
524,529,524,524,21,19,20,19,-5,5,0,2,-1,1,2,1,3,1,1,4
224,217,220,222,18,17,18,16,7,-3,-2,1,-1,2,2,1,2,1,2,4
1017,1012,1000,1010,13,14,15,13,5,12,-10,-1,-1,2,0,3,1,2,2,4
621,616,614,616,14,14,15,13,5,2,-2,0,-1,2,1,2,2,1,2,4
384,386,384,382,13,14,15,13,-2,2,2,-1,-1,2,0,1,2,1,2,4
210,206,196,196,18,17,18,16,4,10,0,1,-1,2,2,1,1,3,1,4
548,539,534,539,14,17,15,16,9,5,-5,-3,2,-1,-2,3,1,3,1,4
426,426,426,426,20,19,20,21,0,0,0,1,-1,-1,-1,1,1,1,1,4
916,914,914,911,14,14,13,13,2,0,3,0,1,0,1,2,3,1,2,4
478,478,478,478,20,19,20,18,0,0,0,1,-1,2,2,1,1,1,1,4
391,389,384,384,17,16,15,16,2,5,0,1,1,-1,1,2,3,3,3,4
651,646,642,637,17,16,18,18,5,4,5,1,-2,0,-1,1,1,1,3,4
923,921,916,918,18,17,18,16,2,5,-2,1,-1,2,2,3,2,2,1,4
550,546,541,539,18,19,18,18,4,5,2,-1,1,0,0,2,2,2,1,4
881,878,871,871,21,19,20,21,3,7,0,2,-1,-1,0,1,2,1,1,4
993,989,989,989,17,19,18,18,4,0,0,-2,1,0,-1,3,3,1,1,4
421,414,412,417,20,19,20,18,7,2,-5,1,-1,2,2,3,2,1,1,4
1040,1036,1036,1036,13,14,15,13,4,0,0,-1,-1,2,0,1,3,3,1,4
689,684,684,689,13,14,12,13,5,0,-5,-1,2,-1,0,1,1,1,1,4
888,886,895,904,14,14,15,13,2,-9,-9,0,-1,2,1,2,3,3,1,4
864,860,855,853,18,19,18,18,4,5,2,-1,1,0,0,2,2,2,1,4
801,801,792,796,18,17,18,16,0,9,-4,1,-1,2,2,3,1,3,1,4
1017,1036,199,229,20,19,21,21,-19,837,-30,1,-2,0,-1,1,3,2,1,4
210,208,206,208,14,14,15,13,2,2,-2,0,-1,2,1,1,2,1,2,4
1045,1038,1036,1028,17,16,18,18,7,2,8,1,-2,0,-1,3,2,1,2,4
1047,1040,1043,1040,13,14,12,13,7,-3,3,-1,2,-1,0,2,1,2,1,4
314,311,304,309,21,19,20,19,3,7,-5,2,-1,1,2,1,2,1,3,4
1078,1078,1078,1073,17,16,15,16,0,0,5,1,1,-1,1,1,1,1,3,4
311,307,304,304,21,19,20,21,4,3,0,2,-1,-1,0,2,2,1,1,4
208,203,199,201,18,19,18,19,5,4,-2,-1,1,-1,-1,2,2,2,1,4
979,979,972,972,20,19,20,18,0,7,0,1,-1,2,2,1,1,2,2,4
900,904,900,895,21,19,20,21,-4,4,5,2,-1,-1,0,3,3,1,1,4
923,918,916,916,14,14,13,13,5,2,0,0,1,0,1,3,1,2,2,4
1003,1000,998,998,17,16,18,16,3,2,0,1,-2,2,1,1,2,1,1,4
579,574,567,567,14,14,15,13,5,7,0,0,-1,2,1,2,2,1,1,4
801,792,792,787,14,17,15,16,9,0,5,-3,2,-1,-2,3,1,1,1,4
822,820,820,820,21,19,20,21,2,0,0,2,-1,-1,0,2,1,1,1,4
848,839,834,839,14,14,13,13,9,5,-5,0,1,0,1,1,3,1,1,4
543,539,541,536,14,14,15,13,4,-2,5,0,-1,2,1,3,1,2,2,4
187,1073,1066,1066,18,19,18,18,-886,7,0,-1,1,0,0,1,1,2,2,4
965,960,965,960,17,16,18,18,5,-5,5,1,-2,0,-1,1,3,3,1,4
1061,1057,1052,1054,13,14,12,13,4,5,-2,-1,2,-1,0,2,2,2,1,4
670,663,660,658,20,19,20,18,7,3,2,1,-1,2,2,1,2,1,2,4
834,829,827,829,14,14,13,13,5,2,-2,0,1,0,1,1,3,2,1,4
607,604,604,600,18,17,18,19,3,0,4,1,-1,-1,-1,2,1,1,1,4
902,900,895,893,21,19,20,21,2,5,2,2,-1,-1,0,2,1,1,2,4
536,527,492,515,21,19,21,19,9,35,-23,2,-2,2,2,2,2,3,3,4
886,881,883,881,18,17,18,19,5,-2,2,1,-1,-1,-1,3,1,2,3,4
815,808,806,806,18,19,18,19,7,2,0,-1,1,-1,-1,1,2,1,3,4
860,843,836,836,18,17,18,16,17,7,0,1,-1,2,2,2,1,2,2,4
625,628,623,623,14,17,15,16,-3,5,0,-3,2,-1,-2,2,1,3,1,4
853,843,848,846,18,17,18,18,10,-5,2,1,-1,0,0,1,3,1,2,4
981,972,974,977,13,14,15,16,9,-2,-3,-1,-1,-1,-3,2,2,3,2,4
1019,1021,1017,1012,20,19,20,21,-2,4,5,1,-1,-1,-1,2,1,1,1,4
918,914,918,918,18,19,18,19,4,-4,0,-1,1,-1,-1,1,1,3,1,4
236,234,234,232,14,14,15,13,2,0,2,0,-1,2,1,2,1,1,2,4
541,529,520,522,14,14,13,13,12,9,-2,0,1,0,1,2,3,1,2,4
250,250,246,243,14,14,15,13,0,4,3,0,-1,2,1,2,2,2,1,4
377,377,374,372,17,16,18,18,0,3,2,1,-2,0,-1,2,2,1,2,4
363,360,360,360,20,19,20,18,3,0,0,1,-1,2,2,2,3,1,3,4
447,447,443,443,13,14,12,13,0,4,0,-1,2,-1,0,2,2,2,2,4
1012,1021,1017,1017,13,14,15,13,-9,4,0,-1,-1,2,0,1,1,3,1,4
841,829,824,824,14,17,15,16,12,5,0,-3,2,-1,-2,2,3,1,1,4
192,182,185,182,14,14,15,13,10,-3,3,0,-1,2,1,1,1,2,1,4
1050,1043,1040,1043,13,16,15,16,7,3,-3,-3,1,-1,-3,1,2,1,2,4
461,464,452,459,17,16,15,16,-3,12,-7,1,1,-1,1,2,1,2,3,4
360,356,356,360,17,19,18,18,4,0,-4,-2,1,0,-1,3,1,1,3,4
234,229,229,229,21,19,20,19,5,0,0,2,-1,1,2,3,1,1,1,4
429,417,403,403,17,16,18,16,12,14,0,1,-2,2,1,2,1,1,1,4
942,935,928,928,17,16,18,16,7,7,0,1,-2,2,1,1,2,1,1,4
562,560,557,557,21,19,20,21,2,3,0,2,-1,-1,0,1,2,1,1,4
403,396,389,379,20,19,20,18,7,7,10,1,-1,2,2,1,2,1,1,4
979,974,972,972,20,19,20,21,5,2,0,1,-1,-1,-1,1,3,2,2,4
339,337,328,328,17,16,18,16,2,9,0,1,-2,2,1,2,1,1,1,4
567,560,557,553,21,19,20,18,7,3,4,2,-1,2,3,1,2,1,1,4
407,410,405,398,17,19,18,18,-3,5,7,-2,1,0,-1,1,2,2,1,4
886,878,871,867,21,19,20,18,8,7,4,2,-1,2,3,1,2,1,1,4
325,316,309,309,14,14,13,13,9,7,0,0,1,0,1,2,2,3,1,4
773,771,771,768,13,14,12,13,2,0,3,-1,2,-1,0,1,2,2,1,4
660,663,660,660,13,14,12,13,-3,3,0,-1,2,-1,0,1,2,3,1,4
714,712,700,703,13,14,15,13,2,12,-3,-1,-1,2,0,2,1,2,3,4
187,187,185,182,14,17,15,16,0,2,3,-3,2,-1,-2,1,1,2,1,4
679,686,674,674,20,19,18,18,-7,12,0,1,1,0,2,3,2,1,1,4
231,224,215,222,14,17,15,16,7,9,-7,-3,2,-1,-2,2,1,3,2,4
635,623,618,614,17,17,18,19,12,5,4,0,-1,-1,-2,2,3,1,1,4
381,384,379,379,20,19,20,21,-3,5,0,1,-1,-1,-1,2,1,1,1,4
658,658,658,656,13,14,12,13,0,0,2,-1,2,-1,0,2,2,2,1,4
876,871,881,888,18,19,18,19,5,-10,-7,-1,1,-1,-1,3,1,1,2,4
942,942,942,937,13,14,12,13,0,0,5,-1,2,-1,0,3,1,1,1,4
492,487,487,482,14,14,15,13,5,0,5,0,-1,2,1,1,3,1,1,4
696,691,684,686,13,14,15,13,5,7,-2,-1,-1,2,0,2,2,1,2,4
290,286,286,283,21,19,20,21,4,0,3,2,-1,-1,0,1,1,1,2,4
417,410,410,407,20,19,20,21,7,0,3,1,-1,-1,-1,3,2,2,1,4
817,796,796,801,14,14,15,13,21,0,-5,0,-1,2,1,2,3,1,3,4
956,953,949,951,13,14,15,13,3,4,-2,-1,-1,2,0,1,2,2,1,4
681,677,665,670,13,14,12,13,4,12,-5,-1,2,-1,0,2,2,1,1,4
1059,1052,1043,1036,13,14,12,13,7,9,7,-1,2,-1,0,3,2,2,1,4
461,461,459,454,13,14,12,13,0,2,5,-1,2,-1,0,2,2,1,1,4
691,693,691,693,17,19,18,18,-2,2,-2,-2,1,0,-1,2,3,2,1,4
567,557,553,553,18,19,18,18,10,4,0,-1,1,0,0,1,3,1,1,4
595,595,593,590,21,19,20,19,0,2,3,2,-1,1,2,1,1,2,1,4
998,993,989,991,13,14,12,13,5,4,-2,-1,2,-1,0,1,1,3,2,4
590,590,581,581,18,17,18,19,0,9,0,1,-1,-1,-1,1,1,1,3,4
436,431,412,421,13,14,12,13,5,19,-9,-1,2,-1,0,1,3,1,3,4
900,897,900,895,21,19,20,21,3,-3,5,2,-1,-1,0,1,2,1,1,4
996,991,984,989,13,14,15,16,5,7,-5,-1,-1,-1,-3,2,2,1,1,4
989,991,993,993,13,14,15,13,-2,-2,0,-1,-1,2,0,1,2,3,1,4
344,339,335,335,20,19,18,18,5,4,0,1,1,0,2,2,2,2,2,4
522,515,513,515,14,14,15,13,7,2,-2,0,-1,2,1,2,1,2,1,4
1033,1033,1031,1026,13,14,15,13,0,2,5,-1,-1,2,0,2,2,1,1,4
768,761,761,761,13,14,12,13,7,0,0,-1,2,-1,0,1,2,2,2,4
773,768,773,775,20,19,20,21,5,-5,-2,1,-1,-1,-1,1,3,1,2,4
876,874,871,876,14,14,15,13,2,3,-5,0,-1,2,1,1,2,1,3,4
768,775,768,768,13,14,12,13,-7,7,0,-1,2,-1,0,3,2,3,1,4
187,185,189,187,14,14,15,13,2,-4,2,0,-1,2,1,3,2,2,1,4
600,590,578,583,14,14,13,13,10,12,-5,0,1,0,1,3,1,2,2,4
234,229,224,229,18,19,18,19,5,5,-5,-1,1,-1,-1,1,3,1,1,4
764,754,754,754,13,14,12,13,10,0,0,-1,2,-1,0,3,3,1,1,4
956,951,951,949,17,19,18,18,5,0,2,-2,1,0,-1,3,1,1,2,4
621,616,618,621,14,14,13,13,5,-2,-3,0,1,0,1,2,2,1,2,4
623,621,616,618,18,17,18,19,2,5,-2,1,-1,-1,-1,1,2,2,1,4
1036,1031,1031,1031,13,14,15,13,5,0,0,-1,-1,2,0,1,1,1,1,4
588,581,581,581,14,14,13,13,7,0,0,0,1,0,1,2,1,1,1,4
726,726,721,721,17,16,15,16,0,5,0,1,1,-1,1,1,1,3,1,4
567,560,557,553,18,19,18,18,7,3,4,-1,1,0,0,3,2,1,1,4
925,918,918,918,18,19,18,19,7,0,0,-1,1,-1,-1,2,1,1,1,4
255,246,243,241,14,17,15,16,9,3,2,-3,2,-1,-2,2,2,3,2,4
764,761,761,757,13,14,15,13,3,0,4,-1,-1,2,0,3,2,2,2,4
503,506,501,503,14,14,15,16,-3,5,-2,0,-1,-1,-2,2,3,1,2,4
239,229,220,224,18,17,18,16,10,9,-4,1,-1,2,2,1,1,1,1,4
581,576,569,567,18,19,18,18,5,7,2,-1,1,0,0,1,3,2,1,4
290,288,286,286,21,19,20,21,2,2,0,2,-1,-1,0,3,2,1,1,4
316,309,314,318,14,14,13,13,7,-5,-4,0,1,0,1,2,1,1,1,4
773,768,766,768,17,16,18,18,5,2,-2,1,-2,0,-1,3,1,2,1,4
595,590,588,590,18,19,18,19,5,2,-2,-1,1,-1,-1,3,1,2,3,4
360,356,358,353,13,16,15,16,4,-2,5,-3,1,-1,-3,3,1,2,2,4
1068,1073,1064,1068,17,16,15,16,-5,9,-4,1,1,-1,1,1,1,1,1,4
295,290,290,286,14,17,15,16,5,0,4,-3,2,-1,-2,3,1,1,1,4
740,736,726,726,17,16,18,18,4,10,0,1,-2,0,-1,1,3,3,1,4
993,993,989,986,20,19,20,21,0,4,3,1,-1,-1,-1,1,1,1,2,4
440,438,431,428,20,19,20,21,2,7,3,1,-1,-1,-1,1,2,1,2,4
417,410,403,403,17,16,15,16,7,7,0,1,1,-1,1,1,2,1,1,4
604,600,595,595,18,17,18,19,4,5,0,1,-1,-1,-1,3,3,1,1,4
398,398,398,398,13,14,12,13,0,0,0,-1,2,-1,0,1,1,1,3,4
1026,1024,1021,1019,20,19,18,18,2,3,2,1,1,0,2,3,2,3,2,4
208,206,196,199,14,17,15,16,2,10,-3,-3,2,-1,-2,2,1,1,2,4
503,501,494,494,18,17,18,16,2,7,0,1,-1,2,2,2,1,2,2,4
799,796,796,794,14,14,15,13,3,0,2,0,-1,2,1,2,1,3,2,4
187,187,185,187,21,19,21,21,0,2,-2,2,-2,0,0,1,1,2,1,4
876,874,871,869,18,19,18,18,2,3,2,-1,1,0,0,1,2,1,2,4
956,951,949,951,13,14,15,16,5,2,-2,-1,-1,-1,-3,1,3,2,1,4
967,965,963,960,17,19,18,18,2,2,3,-2,1,0,-1,2,1,2,1,4
482,473,478,475,21,19,20,21,9,-5,3,2,-1,-1,0,1,3,1,2,4
293,283,278,281,18,17,18,16,10,5,-3,1,-1,2,2,2,2,2,3,4
531,522,520,520,18,17,18,19,9,2,0,1,-1,-1,-1,2,2,3,1,4
623,618,614,616,14,14,15,13,5,4,-2,0,-1,2,1,1,3,1,2,4
642,632,628,628,13,14,13,13,10,4,0,-1,1,0,0,3,1,1,1,4
515,508,510,510,21,19,20,21,7,-2,0,2,-1,-1,0,1,2,1,1,4
262,257,255,257,18,17,18,18,5,2,-2,1,-1,0,0,1,1,2,3,4
799,792,792,796,18,19,18,19,7,0,-4,-1,1,-1,-1,2,1,3,3,4
562,560,550,553,18,19,18,18,2,10,-3,-1,1,0,0,1,2,2,1,4
1007,1005,1003,1003,13,14,15,13,2,2,0,-1,-1,2,0,3,2,1,1,4
356,349,346,339,13,14,15,13,7,3,7,-1,-1,2,0,3,2,3,2,4
1064,1054,1057,1057,17,19,18,18,10,-3,0,-2,1,0,-1,1,3,2,2,4
553,548,546,550,14,17,15,16,5,2,-4,-3,2,-1,-2,1,1,2,2,4
890,886,886,886,21,19,20,19,4,0,0,2,-1,1,2,1,1,3,1,4
874,869,869,864,18,17,18,18,5,0,5,1,-1,0,0,2,2,2,2,4
1052,1050,1047,1047,13,14,12,13,2,3,0,-1,2,-1,0,2,1,2,2,4
344,346,339,342,17,16,15,16,-2,7,-3,1,1,-1,1,2,1,2,3,4
314,314,309,311,18,17,18,19,0,5,-2,1,-1,-1,-1,3,1,1,2,4
857,860,850,853,14,14,15,16,-3,10,-3,0,-1,-1,-2,3,2,2,1,4
586,586,581,581,14,14,13,13,0,5,0,0,1,0,1,1,1,3,3,4
667,663,660,660,20,19,18,18,4,3,0,1,1,0,2,2,2,1,1,4
778,775,778,778,17,16,18,16,3,-3,0,1,-2,2,1,1,2,1,1,4
276,276,271,269,14,14,13,13,0,5,2,0,1,0,1,1,1,1,2,4
646,646,646,646,17,16,18,16,0,0,0,1,-2,2,1,1,1,1,3,4
700,689,677,674,13,14,15,13,11,12,3,-1,-1,2,0,2,1,2,1,4
384,374,372,370,17,19,18,18,10,2,2,-2,1,0,-1,3,1,2,1,4
335,325,323,325,13,14,13,13,10,2,-2,-1,1,0,0,2,2,1,2,4
806,796,796,799,14,14,13,13,10,0,-3,0,1,0,1,3,1,1,2,4
909,904,900,902,14,14,15,13,5,4,-2,0,-1,2,1,3,3,1,2,4
667,660,656,658,13,14,12,13,7,4,-2,-1,2,-1,0,2,1,3,2,4
724,719,721,724,20,19,20,18,5,-2,-3,1,-1,2,2,2,2,1,2,4
206,196,194,192,18,17,18,16,10,2,2,1,-1,2,2,1,3,2,1,4
724,719,707,700,13,14,12,13,5,12,7,-1,2,-1,0,2,2,3,2,4
1050,1057,1050,1050,17,16,18,18,-7,7,0,1,-2,0,-1,1,2,1,1,4
717,714,710,712,13,16,15,16,3,4,-2,-3,1,-1,-3,1,2,2,1,4
696,693,698,693,13,14,15,16,3,-5,5,-1,-1,-1,-3,2,1,1,1,4
848,843,841,843,14,14,15,13,5,2,-2,0,-1,2,1,1,3,2,1,4
953,949,937,935,13,14,12,13,4,12,2,-1,2,-1,0,2,2,1,2,4
965,960,965,960,17,16,18,18,5,-5,5,1,-2,0,-1,1,3,1,1,4
729,728,724,726,17,16,15,16,1,4,-2,1,1,-1,1,2,2,2,3,4
436,433,436,436,13,14,12,13,3,-3,0,-1,2,-1,0,1,2,3,1,4
314,311,307,314,14,14,15,13,3,4,-7,0,-1,2,1,3,2,2,1,4
644,642,637,637,13,14,12,13,2,5,0,-1,2,-1,0,2,1,3,1,4
674,674,670,674,17,16,15,16,0,4,-4,1,1,-1,1,1,1,1,1,4
1003,1010,989,1000,20,19,20,18,-7,21,-11,1,-1,2,2,3,2,1,2,4
754,754,754,754,20,19,20,18,0,0,0,1,-1,2,2,1,1,1,3,4
506,499,501,501,18,17,18,16,7,-2,0,1,-1,2,2,3,2,3,1,4
574,569,564,562,18,17,18,16,5,5,2,1,-1,2,2,2,2,2,3,4
639,637,637,635,20,19,20,21,2,0,2,1,-1,-1,-1,2,1,1,2,4
900,888,888,888,18,19,18,19,12,0,0,-1,1,-1,-1,3,2,2,2,4
665,663,656,653,20,19,18,18,2,7,3,1,1,0,2,1,2,1,2,4
628,621,618,618,18,17,18,16,7,3,0,1,-1,2,2,1,2,1,1,4
623,607,614,604,14,14,15,13,16,-7,10,0,-1,2,1,1,2,1,3,4
264,257,253,253,21,19,20,21,7,4,0,2,-1,-1,0,2,1,1,1,4
628,623,632,637,21,19,20,21,5,-9,-5,2,-1,-1,0,1,1,1,1,4
496,494,494,496,14,14,13,13,2,0,-2,0,1,0,1,1,2,2,1,4
681,677,674,674,13,14,12,13,4,3,0,-1,2,-1,0,2,2,1,3,4
527,527,524,522,18,19,18,19,0,3,2,-1,1,-1,-1,2,2,1,2,4
907,888,886,886,14,14,13,13,19,2,0,0,1,0,1,2,2,1,3,4
264,255,260,260,14,14,15,13,9,-5,0,0,-1,2,1,2,2,2,2,4
998,993,993,991,17,16,18,16,5,0,2,1,-2,2,1,3,3,1,2,4
956,953,951,958,20,19,20,18,3,2,-7,1,-1,2,2,3,2,3,2,4
250,241,239,236,18,17,18,18,9,2,3,1,-1,0,0,2,2,1,2,4
529,534,532,529,14,14,15,13,-5,2,3,0,-1,2,1,1,3,2,1,4
203,199,187,187,18,17,18,16,4,12,0,1,-1,2,2,2,2,1,1,4
271,262,262,262,21,19,20,21,9,0,0,2,-1,-1,0,1,3,1,1,4
581,576,567,581,14,14,13,13,5,9,-14,0,1,0,1,1,1,1,1,4
794,789,787,787,14,14,15,13,5,2,0,0,-1,2,1,2,2,1,3,4
679,677,677,672,13,14,15,13,2,0,5,-1,-1,2,0,1,2,2,2,4
473,471,473,468,13,14,12,13,2,-2,5,-1,2,-1,0,1,2,3,1,4
217,206,201,206,14,14,13,13,11,5,-5,0,1,0,1,2,1,1,1,4
1066,1064,1059,1057,13,14,15,16,2,5,2,-1,-1,-1,-3,2,3,1,2,4
618,614,611,609,18,17,18,16,4,3,2,1,-1,2,2,3,1,2,3,4
583,581,586,586,14,14,13,13,2,-5,0,0,1,0,1,2,1,3,1,4
201,203,208,206,14,17,15,16,-2,-5,2,-3,2,-1,-2,1,2,2,1,4
487,487,485,482,14,17,15,16,0,2,3,-3,2,-1,-2,3,1,2,1,4
600,595,590,595,21,19,20,21,5,5,-5,2,-1,-1,0,1,1,1,1,4
595,597,590,590,14,14,13,13,-2,7,0,0,1,0,1,1,2,1,3,4
1031,1028,1031,1031,13,14,15,13,3,-3,0,-1,-1,2,0,1,2,1,1,4
712,710,707,707,20,19,20,18,2,3,0,1,-1,2,2,3,2,1,1,4
569,564,562,562,18,17,18,18,5,2,0,1,-1,0,0,2,2,1,1,4
496,492,489,492,18,17,18,16,4,3,-3,1,-1,2,2,3,3,2,1,4
529,522,520,520,14,14,13,13,7,2,0,0,1,0,1,3,2,3,1,4
792,787,787,782,21,19,21,19,5,0,5,2,-2,2,2,1,1,1,1,4
918,918,914,911,21,19,21,21,0,4,3,2,-2,0,0,1,1,3,2,4
199,196,196,196,21,19,21,21,3,0,0,2,-2,0,0,2,3,1,1,4
1017,1017,1017,1019,13,14,15,13,0,0,-2,-1,-1,2,0,1,1,1,2,4
524,527,522,524,14,17,15,16,-3,5,-2,-3,2,-1,-2,3,2,2,3,4
897,895,895,895,18,19,18,19,2,0,0,-1,1,-1,-1,2,1,3,1,4
857,855,853,850,14,14,13,13,2,2,3,0,1,0,1,3,2,1,2,4
803,794,801,799,14,14,15,13,9,-7,2,0,-1,2,1,2,2,1,2,4
515,508,508,513,14,14,15,13,7,0,-5,0,-1,2,1,1,2,2,2,4
339,325,328,325,17,17,15,16,14,-3,3,0,2,-1,1,2,2,1,2,4
808,801,801,801,21,19,21,19,7,0,0,2,-2,2,2,2,1,1,1,4
548,534,527,527,18,17,18,16,14,7,0,1,-1,2,2,1,1,2,2,4
508,499,501,501,14,17,15,16,9,-2,0,-3,2,-1,-2,2,2,3,1,4
860,848,853,850,21,19,20,18,12,-5,3,2,-1,2,3,2,3,1,2,4
332,332,328,325,20,19,18,19,0,4,3,1,1,-1,1,1,1,1,2,4
421,417,412,417,13,14,15,16,4,5,-5,-1,-1,-1,-3,1,1,1,1,4
850,848,846,843,21,19,20,18,2,2,3,2,-1,2,3,2,3,2,1,4
712,705,703,710,13,14,15,13,7,2,-7,-1,-1,2,0,1,2,1,2,4
1031,1026,1024,1026,17,16,18,16,5,2,-2,1,-2,2,1,1,1,2,1,4
836,836,834,834,14,14,15,13,0,2,0,0,-1,2,1,2,2,1,1,4
243,232,224,229,14,14,13,13,11,8,-5,0,1,0,1,3,2,1,1,4
834,827,824,824,14,14,15,16,7,3,0,0,-1,-1,-2,3,2,3,1,4
956,951,949,946,13,16,15,16,5,2,3,-3,1,-1,-3,3,1,2,1,4
600,586,581,588,14,17,15,16,14,5,-7,-3,2,-1,-2,3,3,1,2,4
726,712,710,710,13,14,12,13,14,2,0,-1,2,-1,0,3,3,2,2,4
524,515,508,508,18,17,18,19,9,7,0,1,-1,-1,-1,1,3,2,2,4
600,597,590,595,21,19,20,21,3,7,-5,2,-1,-1,0,1,2,1,1,4
412,410,403,410,13,14,15,13,2,7,-7,-1,-1,2,0,1,2,1,2,4
318,309,309,307,18,17,18,16,9,0,2,1,-1,2,2,3,1,1,2,4
440,445,436,438,13,16,15,16,-5,9,-2,-3,1,-1,-3,3,1,3,2,4
424,410,403,403,17,16,15,16,14,7,0,1,1,-1,1,2,2,1,1,4
248,241,239,241,14,14,15,13,7,2,-2,0,-1,2,1,3,2,3,2,4
1036,1031,1031,1028,20,19,20,21,5,0,3,1,-1,-1,-1,3,1,1,2,4
834,829,827,827,14,14,13,13,5,2,0,0,1,0,1,1,1,2,2,4
815,806,796,794,14,14,15,13,9,10,2,0,-1,2,1,3,3,1,2,4
611,604,607,602,14,14,15,13,7,-3,5,0,-1,2,1,2,3,2,2,4
862,862,862,860,18,19,18,18,0,0,2,-1,1,0,0,1,1,1,2,4
524,524,515,524,21,19,20,21,0,9,-9,2,-1,-1,0,1,3,1,1,4
974,972,965,965,17,16,18,16,2,7,0,1,-2,2,1,1,2,1,1,4
187,187,185,187,18,17,18,19,0,2,-2,1,-1,-1,-1,1,1,2,1,4
733,736,764,782,20,19,20,21,-3,-28,-18,1,-1,-1,-1,2,3,1,1,4
946,942,942,944,17,16,15,16,4,0,-2,1,1,-1,1,1,1,1,2,4
642,637,632,637,13,14,13,13,5,5,-5,-1,1,0,0,1,1,1,1,4
965,963,965,967,20,19,18,18,2,-2,-2,1,1,0,2,1,2,1,2,4
262,257,250,257,14,14,13,13,5,7,-7,0,1,0,1,1,3,2,1,4
1047,1040,1038,1040,13,14,12,13,7,2,-2,-1,2,-1,0,2,3,2,1,4
300,300,304,307,18,19,18,19,0,-4,-3,-1,1,-1,-1,1,1,1,2,4
862,855,853,853,18,19,18,16,7,2,0,-1,1,2,2,3,2,1,1,4
824,817,801,813,18,19,18,19,7,16,-12,-1,1,-1,-1,1,2,1,2,4
942,942,939,937,17,16,18,16,0,3,2,1,-2,2,1,1,1,2,1,4
867,867,869,867,18,19,18,18,0,-2,2,-1,1,0,0,3,1,2,1,4
841,841,834,836,14,14,13,13,0,7,-2,0,1,0,1,2,2,3,2,4
389,384,379,377,20,19,20,18,5,5,2,1,-1,2,2,3,3,1,2,4
457,452,447,447,17,16,18,18,5,5,0,1,-2,0,-1,2,2,2,2,4
998,996,993,993,13,14,15,13,2,3,0,-1,-1,2,0,3,2,1,3,4
724,721,721,724,17,16,15,16,3,0,-3,1,1,-1,1,2,1,1,2,4
496,487,482,485,14,14,13,13,9,5,-3,0,1,0,1,1,1,1,2,4
489,482,482,482,18,17,18,16,7,0,0,1,-1,2,2,2,1,1,1,4
1050,1054,1047,1047,13,16,15,16,-4,7,0,-3,1,-1,-3,1,1,2,2,4
405,403,391,393,17,16,18,18,2,12,-2,1,-2,0,-1,2,3,2,1,4
967,963,960,965,13,14,15,13,4,3,-5,-1,-1,2,0,2,2,1,1,4
234,227,232,234,18,17,18,18,7,-5,-2,1,-1,0,0,3,2,2,1,4
754,750,752,750,20,19,20,18,4,-2,2,1,-1,2,2,3,1,2,1,4
379,370,370,367,20,19,20,21,9,0,3,1,-1,-1,-1,1,1,1,2,4
342,346,344,344,13,16,15,16,-4,2,0,-3,1,-1,-3,1,1,2,2,4
853,839,832,839,14,14,13,13,14,7,-7,0,1,0,1,1,3,2,3,4
269,264,269,267,14,14,15,13,5,-5,2,0,-1,2,1,2,2,2,1,4
421,421,421,419,20,19,18,18,0,0,2,1,1,0,2,1,1,1,2,4
660,660,665,660,17,19,18,18,0,-5,5,-2,1,0,-1,3,3,1,1,4
862,857,857,857,18,17,18,16,5,0,0,1,-1,2,2,1,1,1,3,4
471,471,468,468,17,19,18,18,0,3,0,-2,1,0,-1,2,2,1,1,4
684,679,686,684,20,19,20,18,5,-7,2,1,-1,2,2,1,1,2,1,4
846,841,839,841,18,17,18,16,5,2,-2,1,-1,2,2,2,2,3,2,4
389,386,384,382,20,19,20,21,3,2,2,1,-1,-1,-1,1,2,1,2,4
510,508,522,506,14,14,13,13,2,-14,16,0,1,0,1,3,2,2,1,4
571,560,557,557,18,17,18,16,11,3,0,1,-1,2,2,3,2,1,1,4
286,283,281,278,14,17,15,16,3,2,3,-3,2,-1,-2,3,2,1,2,4
1021,1021,1021,1019,20,19,18,18,0,0,2,1,1,0,2,1,3,3,2,4
754,747,759,759,20,19,20,18,7,-12,0,1,-1,2,2,1,2,1,1,4
879,874,876,871,18,19,18,18,5,-2,5,-1,1,0,0,2,2,1,3,4
909,907,904,900,14,14,13,13,2,3,4,0,1,0,1,3,2,1,1,4
951,944,949,942,13,16,15,16,7,-5,7,-3,1,-1,-3,1,2,2,1,4
539,534,529,529,18,17,18,16,5,5,0,1,-1,2,2,1,3,1,1,4
789,775,773,775,14,14,12,13,14,2,-2,0,2,-1,1,2,2,1,2,4
201,194,194,196,18,17,18,19,7,0,-2,1,-1,-1,-1,3,2,2,1,4
210,201,201,203,14,14,15,13,9,0,-2,0,-1,2,1,1,3,1,2,4
796,792,792,792,18,19,18,19,4,0,0,-1,1,-1,-1,1,1,1,1,4
960,958,956,958,13,14,15,13,2,2,-2,-1,-1,2,0,1,2,1,2,4
740,740,736,733,13,16,15,16,0,4,3,-3,1,-1,-3,1,1,1,2,4
424,424,419,414,13,14,15,13,0,5,5,-1,-1,2,0,2,2,2,2,4
436,428,426,426,20,19,20,18,8,2,0,1,-1,2,2,1,2,1,1,4
524,524,527,532,14,17,15,16,0,-3,-5,-3,2,-1,-2,1,1,2,2,4
839,834,834,834,18,19,18,18,5,0,0,-1,1,0,0,1,3,3,1,4
759,759,757,761,20,19,20,18,0,2,-4,1,-1,2,2,3,1,2,2,4
600,590,590,588,18,17,18,16,10,0,2,1,-1,2,2,1,1,1,2,4
684,637,635,632,20,16,15,16,47,2,3,4,1,-1,4,3,3,2,1,4
496,496,494,492,14,17,15,16,0,2,2,-3,2,-1,-2,3,1,2,1,4
201,189,182,187,14,17,15,16,12,7,-5,-3,2,-1,-2,1,2,1,1,4
1003,944,965,974,20,19,18,18,59,-21,-9,1,1,0,2,3,2,1,1,4
843,836,829,827,18,19,18,19,7,7,2,-1,1,-1,-1,3,2,3,2,4
977,979,972,972,13,14,15,16,-2,7,0,-1,-1,-1,-3,2,3,2,2,4
766,761,757,757,17,16,18,18,5,4,0,1,-2,0,-1,2,2,2,2,4
241,243,236,234,14,14,15,13,-2,7,2,0,-1,2,1,2,1,2,3,4
663,660,656,656,17,16,18,16,3,4,0,1,-2,2,1,2,1,3,1,4
902,897,897,895,18,17,18,19,5,0,2,1,-1,-1,-1,2,2,2,1,4
560,560,548,550,21,19,20,18,0,12,-2,2,-1,2,3,2,2,1,2,4
609,604,600,593,14,17,15,16,5,4,7,-3,2,-1,-2,3,1,3,2,4
843,846,836,836,18,17,18,18,-3,10,0,1,-1,0,0,1,2,2,2,4
787,778,775,773,18,16,18,18,9,3,2,2,-2,0,0,1,1,2,1,4
1036,1026,1026,1026,13,14,12,13,10,0,0,-1,2,-1,0,1,3,1,1,4
972,970,967,965,13,14,15,13,2,3,2,-1,-1,2,0,2,1,2,3,4
564,564,557,564,14,14,15,13,0,7,-7,0,-1,2,1,2,2,1,2,4
754,754,750,752,20,19,18,18,0,4,-2,1,1,0,2,1,1,1,2,4
621,616,614,614,18,17,18,19,5,2,0,1,-1,-1,-1,2,2,1,1,4
286,283,281,283,18,17,18,19,3,2,-2,1,-1,-1,-1,3,2,1,2,4
264,260,262,262,21,19,20,18,4,-2,0,2,-1,2,3,2,2,1,1,4
517,513,513,510,14,14,15,13,4,0,3,0,-1,2,1,2,2,2,3,4
871,869,869,867,14,17,15,16,2,0,2,-3,2,-1,-2,3,2,2,1,4
227,215,213,210,14,14,13,13,12,2,3,0,1,0,1,2,1,2,1,4
515,506,499,501,14,17,15,16,9,7,-2,-3,2,-1,-2,1,1,2,3,4
616,604,597,595,18,17,18,16,12,7,2,1,-1,2,2,2,3,2,1,4
1066,1057,1059,1061,17,16,15,16,9,-2,-2,1,1,-1,1,2,2,3,2,4
953,951,946,949,17,16,15,16,2,5,-3,1,1,-1,1,2,3,1,2,4
958,965,958,960,13,14,15,13,-7,7,-2,-1,-1,2,0,2,1,2,1,4
553,548,553,550,18,19,18,18,5,-5,3,-1,1,0,0,3,1,1,2,4
187,1075,1073,1075,21,19,20,21,-888,2,-2,2,-1,-1,0,1,2,1,2,4
475,471,471,468,17,16,18,18,4,0,3,1,-2,0,-1,2,2,2,1,4
831,829,824,827,14,17,15,16,2,5,-3,-3,2,-1,-2,2,3,3,2,4
529,517,515,517,14,14,13,13,12,2,-2,0,1,0,1,1,2,1,2,4
379,379,377,379,20,19,20,21,0,2,-2,1,-1,-1,-1,1,3,2,1,4
194,187,187,189,18,19,18,19,7,0,-2,-1,1,-1,-1,2,1,3,2,4
381,379,379,379,20,19,18,18,2,0,0,1,1,0,2,2,3,1,1,4
243,243,243,246,21,19,20,18,0,0,-3,2,-1,2,3,3,3,1,2,4
543,534,534,539,14,17,15,16,9,0,-5,-3,2,-1,-2,1,1,3,1,4
618,618,614,618,14,14,15,13,0,4,-4,0,-1,2,1,3,3,1,1,4
653,651,646,651,20,19,18,18,2,5,-5,1,1,0,2,2,1,1,1,4
1014,1019,1019,1017,13,14,15,13,-5,0,2,-1,-1,2,0,2,2,2,3,4
543,539,532,539,21,19,20,18,4,7,-7,2,-1,2,3,1,1,2,1,4
958,956,949,953,13,14,15,13,2,7,-4,-1,-1,2,0,2,1,2,2,4
979,974,974,993,17,19,18,18,5,0,-19,-2,1,0,-1,1,1,1,1,4
972,972,972,965,17,16,15,16,0,0,7,1,1,-1,1,2,2,2,1,4
548,534,534,534,14,14,13,13,14,0,0,0,1,0,1,1,1,1,1,4
520,515,510,510,14,14,15,13,5,5,0,0,-1,2,1,1,1,1,1,4
421,412,410,412,20,19,20,18,9,2,-2,1,-1,2,2,1,1,2,1,4
379,374,370,367,13,16,15,16,5,4,3,-3,1,-1,-3,3,1,3,2,4
262,257,262,262,18,19,18,18,5,-5,0,-1,1,0,0,3,3,1,1,4
846,853,843,843,14,14,13,13,-7,10,0,0,1,0,1,2,3,1,1,4
267,262,262,257,21,19,20,21,5,0,5,2,-1,-1,0,1,1,1,1,4
824,815,810,815,14,14,13,13,9,5,-5,0,1,0,1,1,3,3,3,4
468,461,459,457,13,14,15,13,7,2,2,-1,-1,2,0,3,2,1,2,4
487,478,485,478,14,14,15,16,9,-7,7,0,-1,-1,-2,3,1,2,1,4
733,728,733,731,13,14,15,13,5,-5,2,-1,-1,2,0,2,2,2,1,4
639,642,644,649,17,16,15,16,-3,-2,-5,1,1,-1,1,2,1,2,2,4
651,642,635,625,13,14,15,13,9,7,10,-1,-1,2,0,1,1,2,2,4
853,853,848,850,14,14,13,13,0,5,-2,0,1,0,1,3,3,3,2,4
1064,1059,1059,1059,20,19,20,21,5,0,0,1,-1,-1,-1,1,3,1,1,4
693,689,686,689,20,19,20,21,4,3,-3,1,-1,-1,-1,1,1,2,1,4
210,213,215,215,14,14,13,13,-3,-2,0,0,1,0,1,3,2,1,1,4
810,806,801,803,18,19,21,19,4,5,-2,-1,-2,2,-1,1,1,1,2,4
286,288,286,286,14,14,15,13,-2,2,0,0,-1,2,1,1,2,1,1,4
911,909,914,909,14,17,15,16,2,-5,5,-3,2,-1,-2,2,1,1,1,4
1005,1007,1010,1007,17,16,15,16,-2,-3,3,1,1,-1,1,2,1,2,1,4
264,262,262,260,14,14,15,13,2,0,2,0,-1,2,1,2,1,1,2,4
810,801,799,801,14,14,13,13,9,2,-2,0,1,0,1,1,3,2,1,4
609,604,602,600,18,19,18,19,5,2,2,-1,1,-1,-1,3,1,2,1,4
824,820,815,817,14,14,13,13,4,5,-2,0,1,0,1,1,1,3,2,4
539,529,529,529,18,17,18,19,10,0,0,1,-1,-1,-1,1,1,1,1,4
201,201,194,194,14,17,15,16,0,7,0,-3,2,-1,-2,3,3,2,2,4
445,440,436,440,20,19,20,18,5,4,-4,1,-1,2,2,1,1,1,1,4
623,621,614,618,18,17,18,19,2,7,-4,1,-1,-1,-1,1,2,1,1,4
457,457,457,454,20,19,20,21,0,0,3,1,-1,-1,-1,2,2,2,1,4
703,710,698,703,13,16,15,16,-7,12,-5,-3,1,-1,-3,1,2,3,1,4
328,318,318,318,14,14,15,16,10,0,0,0,-1,-1,-2,1,1,1,1,4
974,1033,1028,1028,17,16,18,16,-59,5,0,1,-2,2,1,1,2,2,2,4
356,356,356,356,20,19,20,21,0,0,0,1,-1,-1,-1,1,1,1,1,4
857,862,857,857,14,14,15,13,-5,5,0,0,-1,2,1,3,1,1,3,4
1010,1007,1007,1012,17,16,15,16,3,0,-5,1,1,-1,1,2,3,1,1,4
874,860,853,862,14,14,13,13,14,7,-9,0,1,0,1,2,2,1,1,4
651,651,644,644,13,14,15,13,0,7,0,-1,-1,2,0,1,3,2,2,4
215,215,210,215,14,14,15,13,0,5,-5,0,-1,2,1,3,3,1,1,4
482,475,471,473,14,14,12,13,7,4,-2,0,2,-1,1,1,2,2,1,4
307,302,297,304,14,14,15,13,5,5,-7,0,-1,2,1,2,2,2,3,4
775,775,775,773,17,16,18,16,0,0,2,1,-2,2,1,2,2,2,1,4
773,766,768,773,17,16,18,18,7,-2,-5,1,-2,0,-1,1,2,3,1,4
900,895,895,893,14,14,15,13,5,0,2,0,-1,2,1,1,3,1,2,4
951,951,949,949,17,16,18,18,0,2,0,1,-2,0,-1,1,1,2,2,4
937,937,928,928,17,19,18,19,0,9,0,-2,1,-1,-2,3,1,1,1,4
307,295,297,300,14,14,15,13,12,-2,-3,0,-1,2,1,2,1,2,1,4
520,515,520,515,14,17,15,16,5,-5,5,-3,2,-1,-2,1,3,3,3,4
199,194,194,196,18,17,18,16,5,0,-2,1,-1,2,2,2,2,2,1,4
658,651,651,651,13,14,15,13,7,0,0,-1,-1,2,0,2,3,3,1,4
421,419,417,421,17,16,18,18,2,2,-4,1,-2,0,-1,3,2,1,1,4
332,325,328,332,17,19,18,18,7,-3,-4,-2,1,0,-1,1,2,1,1,4
398,396,389,391,17,16,18,16,2,7,-2,1,-2,2,1,1,2,3,2,4
1075,1073,1066,1068,17,19,18,18,2,7,-2,-2,1,0,-1,2,3,2,1,4
281,281,276,276,18,17,18,18,0,5,0,1,-1,0,0,1,1,3,1,4
900,900,897,895,18,19,18,19,0,3,2,-1,1,-1,-1,3,3,2,1,4
236,217,217,215,14,14,15,16,19,0,2,0,-1,-1,-2,2,2,2,3,4
806,810,801,799,14,14,15,13,-4,9,2,0,-1,2,1,1,1,1,2,4
414,407,407,403,17,19,18,18,7,0,4,-2,1,0,-1,2,3,1,1,4
506,496,496,492,14,14,13,13,10,0,4,0,1,0,1,3,3,1,1,4
750,750,743,750,20,19,20,21,0,7,-7,1,-1,-1,-1,1,1,2,1,4
649,644,644,644,17,16,18,18,5,0,0,1,-2,0,-1,2,2,2,2,4
257,255,253,246,14,14,13,13,2,2,7,0,1,0,1,3,2,1,2,4
196,192,189,192,18,17,18,16,4,3,-3,1,-1,2,2,1,1,2,3,4
824,824,820,822,14,17,15,16,0,4,-2,-3,2,-1,-2,1,1,3,2,4
553,548,548,548,18,17,18,18,5,0,0,1,-1,0,0,3,1,3,1,4
881,876,867,867,21,19,20,21,5,9,0,2,-1,-1,0,1,3,3,1,4
1021,1019,1012,1019,17,16,18,16,2,7,-7,1,-2,2,1,1,2,1,2,4
215,206,206,206,14,14,15,13,9,0,0,0,-1,2,1,1,3,3,1,4
557,557,553,553,18,17,18,18,0,4,0,1,-1,0,0,1,1,1,1,4
473,468,464,468,17,16,18,18,5,4,-4,1,-2,0,-1,3,3,1,1,4
771,768,740,764,13,14,15,13,3,28,-24,-1,-1,2,0,2,1,3,1,4
436,426,426,426,17,16,15,16,10,0,0,1,1,-1,1,3,1,1,1,4
656,667,660,658,20,19,18,18,-11,7,2,1,1,0,2,1,2,1,2,4
960,956,951,951,20,19,20,21,4,5,0,1,-1,-1,-1,3,3,1,1,4
857,853,857,857,21,19,20,18,4,-4,0,2,-1,2,3,3,1,1,1,4
529,524,520,524,14,17,15,16,5,4,-4,-3,2,-1,-2,1,3,1,1,4
632,632,628,625,20,19,21,19,0,4,3,1,-2,2,1,1,1,1,2,4
831,824,822,824,18,19,18,19,7,2,-2,-1,1,-1,-1,2,1,2,1,4
487,489,489,487,14,14,13,13,-2,0,2,0,1,0,1,3,2,2,1,4
1050,1050,1047,1050,13,16,15,16,0,3,-3,-3,1,-1,-3,1,1,2,1,4
1003,1000,998,998,13,14,12,13,3,2,0,-1,2,-1,0,1,2,1,3,4
588,586,583,586,18,19,18,19,2,3,-3,-1,1,-1,-1,2,1,2,1,4
346,344,342,342,20,19,18,18,2,2,0,1,1,0,2,1,2,3,1,4
890,876,876,881,14,14,13,13,14,0,-5,0,1,0,1,1,3,1,1,4
279,274,276,281,18,17,18,19,5,-2,-5,1,-1,-1,-1,2,2,1,1,4
616,616,614,614,18,19,18,19,0,2,0,-1,1,-1,-1,2,2,1,1,4
260,257,257,262,21,19,20,21,3,0,-5,2,-1,-1,0,2,1,1,1,4
670,667,665,665,20,19,18,18,3,2,0,1,1,0,2,1,2,1,3,4
707,707,707,710,13,14,12,13,0,0,-3,-1,2,-1,0,1,3,1,2,4
890,888,886,886,18,17,18,16,2,2,0,1,-1,2,2,3,2,1,1,4
693,693,689,689,17,16,18,16,0,4,0,1,-2,2,1,1,3,1,3,4
907,907,900,907,21,19,20,19,0,7,-7,2,-1,1,2,2,2,1,2,4
318,307,304,297,14,14,15,13,11,3,7,0,-1,2,1,1,2,1,2,4
199,196,196,192,14,14,13,13,3,0,4,0,1,0,1,2,1,1,3,4
656,651,642,646,13,14,15,13,5,9,-4,-1,-1,2,0,1,3,1,1,4
527,517,510,510,18,19,18,19,10,7,0,-1,1,-1,-1,2,2,1,1,4
253,248,248,253,14,14,13,13,5,0,-5,0,1,0,1,1,3,1,1,4
972,970,989,989,20,19,20,18,2,-19,0,1,-1,2,2,2,3,1,3,4
815,815,813,813,14,14,15,16,0,2,0,0,-1,-1,-2,3,1,2,2,4
904,900,902,900,18,19,18,19,4,-2,2,-1,1,-1,-1,3,1,2,3,4
935,932,928,925,17,16,15,16,3,4,3,1,1,-1,1,2,1,1,2,4
276,370,267,269,18,19,18,18,-94,103,-2,-1,1,0,0,1,1,3,2,4
1026,1028,1017,1019,13,14,15,13,-2,11,-2,-1,-1,2,0,1,2,3,2,4
937,935,923,928,17,16,15,16,2,12,-5,1,1,-1,1,3,2,1,1,4
691,686,684,684,13,14,15,13,5,2,0,-1,-1,2,0,2,2,1,1,4
970,960,953,953,17,16,18,16,10,7,0,1,-2,2,1,1,3,2,2,4
543,539,539,536,18,19,18,18,4,0,3,-1,1,0,0,3,3,3,2,4
939,925,925,928,13,14,15,13,14,0,-3,-1,-1,2,0,2,2,2,1,4
820,785,775,778,14,14,13,13,35,10,-3,0,1,0,1,1,2,2,1,4
754,752,750,750,20,19,20,21,2,2,0,1,-1,-1,-1,1,2,1,3,4
478,478,475,473,20,19,20,21,0,3,2,1,-1,-1,-1,1,1,2,1,4
199,189,185,182,21,19,21,19,10,4,3,2,-2,2,2,2,2,2,1,4
998,993,989,989,20,19,20,18,5,4,0,1,-1,2,2,3,1,1,1,4
426,421,421,426,17,16,18,18,5,0,-5,1,-2,0,-1,3,1,1,1,4
325,318,323,321,18,19,18,19,7,-5,2,-1,1,-1,-1,2,1,1,2,4
914,904,904,904,18,17,18,16,10,0,0,1,-1,2,2,1,1,1,1,4
365,360,365,365,17,19,18,18,5,-5,0,-2,1,0,-1,3,3,3,1,4
698,550,546,546,20,19,20,18,148,4,0,1,-1,2,2,1,2,2,2,4
279,257,260,257,14,17,15,16,22,-3,3,-3,2,-1,-2,2,1,2,1,4
857,850,853,853,21,19,20,21,7,-3,0,2,-1,-1,0,3,2,1,3,4
389,382,374,372,17,16,15,16,7,8,2,1,1,-1,1,3,2,3,2,4
356,351,349,346,17,16,18,16,5,2,3,1,-2,2,1,3,3,2,1,4
914,911,883,904,14,17,15,16,3,28,-21,-3,2,-1,-2,1,2,2,1,4
754,750,754,752,20,19,20,21,4,-4,2,1,-1,-1,-1,1,1,1,2,4
886,871,867,869,18,17,18,16,15,4,-2,1,-1,2,2,3,1,1,2,4
984,986,984,984,20,19,20,21,-2,2,0,1,-1,-1,-1,1,2,1,1,4
309,302,297,297,18,17,18,16,7,5,0,1,-1,2,2,3,2,2,2,4
595,593,593,593,21,19,20,21,2,0,0,2,-1,-1,0,3,2,2,2,4
984,986,979,979,20,19,20,21,-2,7,0,1,-1,-1,-1,1,2,1,1,4
468,464,461,464,20,19,20,18,4,3,-3,1,-1,2,2,3,3,2,1,4
494,487,485,482,18,17,18,19,7,2,3,1,-1,-1,-1,2,3,2,1,4
550,553,548,548,14,14,15,13,-3,5,0,0,-1,2,1,2,1,1,3,4
586,581,571,574,14,17,15,16,5,10,-3,-3,2,-1,-2,3,1,1,2,4
946,939,937,942,13,14,15,13,7,2,-5,-1,-1,2,0,3,2,1,3,4
255,253,250,248,14,17,15,16,2,3,2,-3,2,-1,-2,2,3,2,1,4
684,682,684,684,20,19,20,21,2,-2,0,1,-1,-1,-1,3,2,1,1,4
445,445,440,440,17,16,18,16,0,5,0,1,-2,2,1,3,1,1,1,4
956,949,944,939,13,14,15,13,7,5,5,-1,-1,2,0,1,2,2,2,4
857,857,853,857,18,17,18,16,0,4,-4,1,-1,2,2,3,1,1,1,4
351,349,353,349,20,19,20,18,2,-4,4,1,-1,2,2,1,2,2,2,4
989,989,984,989,17,16,18,16,0,5,-5,1,-2,2,1,3,1,1,1,4
974,970,967,965,13,14,15,13,4,3,2,-1,-1,2,0,3,3,2,1,4
337,328,323,325,17,17,15,16,9,5,-2,0,2,-1,1,3,1,1,2,4
546,541,541,543,18,17,18,16,5,0,-2,1,-1,2,2,2,2,2,1,4
279,276,271,274,18,19,18,18,3,5,-3,-1,1,0,0,2,1,1,2,4
276,269,267,267,14,17,15,16,7,2,0,-3,2,-1,-2,3,2,3,1,4
550,543,543,541,14,14,13,13,7,0,2,0,1,0,1,2,1,3,2,4
351,349,346,346,20,19,20,18,2,3,0,1,-1,2,2,1,2,1,1,4
743,740,740,738,20,19,20,18,3,0,2,1,-1,2,2,2,1,1,2,4
300,295,297,295,18,19,18,19,5,-2,2,-1,1,-1,-1,1,3,2,3,4
670,665,665,667,20,19,18,18,5,0,-2,1,1,0,2,1,1,1,2,4
243,241,239,236,21,19,20,18,2,2,3,2,-1,2,3,3,2,1,2,4
729,728,724,726,20,19,18,18,1,4,-2,1,1,0,2,2,2,2,1,4
194,192,196,196,21,19,21,21,2,-4,0,2,-2,0,0,2,1,1,1,4
271,262,257,262,14,14,15,13,9,5,-5,0,-1,2,1,1,3,3,1,4
745,733,736,736,13,14,15,13,12,-3,0,-1,-1,2,0,1,2,1,1,4
775,773,773,773,13,14,12,13,2,0,0,-1,2,-1,0,2,3,3,1,4
1064,1064,1061,1064,13,14,15,13,0,3,-3,-1,-1,2,0,1,1,2,1,4
1059,1061,1057,1061,13,14,12,13,-2,4,-4,-1,2,-1,0,3,2,2,2,4
314,307,307,309,18,17,18,19,7,0,-2,1,-1,-1,-1,3,2,2,1,4
1010,1007,1003,1010,13,14,12,13,3,4,-7,-1,2,-1,0,2,3,1,2,4
576,557,548,546,14,14,13,13,19,9,2,0,1,0,1,1,3,1,2,4
196,196,189,187,14,14,15,13,0,7,2,0,-1,2,1,1,3,2,3,4
787,782,785,782,18,19,18,19,5,-3,3,-1,1,-1,-1,1,1,2,1,4
590,578,583,581,18,19,18,19,12,-5,2,-1,1,-1,-1,1,2,2,1,4
513,506,506,506,21,19,20,19,7,0,0,2,-1,1,2,2,1,1,1,4
1040,1036,1033,1031,17,16,18,18,4,3,2,1,-2,0,-1,1,3,2,1,4
302,304,297,304,14,14,15,13,-2,7,-7,0,-1,2,1,2,1,2,1,4
288,288,286,286,14,14,15,13,0,2,0,0,-1,2,1,2,2,1,1,4
935,937,932,937,20,19,18,18,-2,5,-5,1,1,0,2,2,1,1,1,4
611,595,583,581,14,14,15,13,16,12,2,0,-1,2,1,2,1,2,1,4
353,353,346,351,17,16,18,18,0,7,-5,1,-2,0,-1,2,2,1,1,4
824,815,810,808,21,19,20,21,9,5,2,2,-1,-1,0,3,3,1,2,4
935,937,932,942,20,19,18,18,-2,5,-10,1,1,0,2,2,1,1,3,4
843,829,824,829,14,14,13,13,14,5,-5,0,1,0,1,1,3,1,1,4
356,356,353,358,17,16,18,18,0,3,-5,1,-2,0,-1,1,3,2,2,4
623,621,618,621,18,17,18,16,2,3,-3,1,-1,2,2,1,2,1,2,4
321,314,309,314,14,14,13,13,7,5,-5,0,1,0,1,2,3,1,1,4
520,517,515,513,18,19,18,19,3,2,2,-1,1,-1,-1,1,2,1,2,4
820,822,820,817,14,14,15,16,-2,2,3,0,-1,-1,-2,3,2,1,2,4
457,452,454,450,17,16,18,18,5,-2,4,1,-2,0,-1,2,2,3,1,4
182,182,1075,1078,21,19,20,18,0,-893,-3,2,-1,2,3,1,1,2,1,4
1075,1075,1071,1071,20,19,20,18,0,4,0,1,-1,2,2,2,2,2,2,4
754,747,747,745,13,14,12,13,7,0,2,-1,2,-1,0,1,2,2,1,4
222,215,220,215,18,19,18,19,7,-5,5,-1,1,-1,-1,2,3,1,1,4
429,426,424,421,20,19,20,21,3,2,3,1,-1,-1,-1,2,1,2,1,4
897,902,902,902,14,14,15,13,-5,0,0,0,-1,2,1,2,2,2,2,4
1031,1026,1021,1021,20,19,20,21,5,5,0,1,-1,-1,-1,3,1,1,1,4
1073,1068,1073,1073,17,16,18,16,5,-5,0,1,-2,2,1,1,1,3,3,4
264,260,250,253,14,17,15,16,4,10,-3,-3,2,-1,-2,2,2,2,1,4
628,618,616,616,18,17,18,16,10,2,0,1,-1,2,2,1,3,2,2,4
560,555,550,553,14,14,15,16,5,5,-3,0,-1,-1,-2,2,2,2,1,4
820,820,815,815,18,17,18,19,0,5,0,1,-1,-1,-1,1,3,1,3,4
522,520,520,520,18,19,18,19,2,0,0,-1,1,-1,-1,2,1,1,1,4
1057,1050,1047,1043,13,14,15,13,7,3,4,-1,-1,2,0,2,3,2,2,4
307,309,300,300,21,19,20,19,-2,9,0,2,-1,1,2,2,1,1,1,4
353,353,346,353,13,14,15,16,0,7,-7,-1,-1,-1,-3,2,2,3,2,4
714,710,705,703,17,16,18,16,4,5,2,1,-2,2,1,2,2,2,1,4
356,353,349,351,20,19,20,21,3,4,-2,1,-1,-1,-1,3,2,2,1,4
761,752,754,759,13,14,15,13,9,-2,-5,-1,-1,2,0,2,2,1,1,4
513,506,503,506,21,19,20,21,7,3,-3,2,-1,-1,0,2,1,2,1,4
879,874,874,869,21,19,20,21,5,0,5,2,-1,-1,0,2,2,2,2,4
215,199,199,203,14,14,15,13,16,0,-4,0,-1,2,1,1,2,2,2,4
543,539,536,539,14,14,15,16,4,3,-3,0,-1,-1,-2,3,3,2,1,4
651,644,642,642,20,19,20,21,7,2,0,1,-1,-1,-1,3,2,3,1,4
337,337,339,339,17,19,18,18,0,-2,0,-2,1,0,-1,1,1,2,2,4
731,726,726,724,17,16,18,16,5,0,2,1,-2,2,1,1,3,1,2,4
900,886,886,886,21,19,20,21,14,0,0,2,-1,-1,0,1,3,1,1,4
935,935,935,937,13,14,15,13,0,0,-2,-1,-1,2,0,2,2,2,1,4
923,914,909,911,14,17,15,16,9,5,-2,-3,2,-1,-2,1,1,1,2,4
628,618,616,616,14,14,15,13,10,2,0,0,-1,2,1,1,3,2,2,4
398,396,396,398,17,19,18,18,2,0,-2,-2,1,0,-1,3,2,2,1,4
304,297,293,295,14,14,15,13,7,4,-2,0,-1,2,1,1,2,2,1,4
1021,1021,1045,1026,17,19,18,18,0,-24,19,-2,1,0,-1,1,1,1,1,4
1040,1040,1038,1040,17,19,18,18,0,2,-2,-2,1,0,-1,1,1,2,1,4
339,337,337,337,17,19,18,18,2,0,0,-2,1,0,-1,2,1,1,1,4
679,674,677,679,20,19,18,18,5,-3,-2,1,1,0,2,1,1,2,1,4
400,398,398,398,13,16,15,16,2,0,0,-3,1,-1,-3,2,1,3,1,4
850,850,843,846,14,14,13,13,0,7,-3,0,1,0,1,2,2,1,2,4
773,766,759,759,13,16,15,16,7,7,0,-3,1,-1,-3,3,2,1,1,4
960,960,956,960,17,19,18,18,0,4,-4,-2,1,0,-1,1,1,1,1,4
911,911,904,904,14,17,15,16,0,7,0,-3,2,-1,-2,2,2,3,1,4
567,564,560,562,18,17,18,18,3,4,-2,1,-1,0,0,1,2,2,1,4
1045,1045,1043,1045,17,19,18,18,0,2,-2,-2,1,0,-1,1,1,2,1,4
911,909,909,904,18,17,18,19,2,0,5,1,-1,-1,-1,2,1,1,1,4
520,510,510,513,18,17,18,19,10,0,-3,1,-1,-1,-1,3,1,3,2,4
539,534,532,534,14,14,13,13,5,2,-2,0,1,0,1,1,3,2,1,4
295,290,290,283,21,19,20,19,5,0,7,2,-1,1,2,3,3,1,2,4
297,295,290,295,14,14,13,13,2,5,-5,0,1,0,1,2,1,1,3,4
946,946,942,949,13,14,15,13,0,4,-7,-1,-1,2,0,1,1,3,2,4
773,768,768,766,20,19,20,21,5,0,2,1,-1,-1,-1,1,1,1,2,4
965,963,951,956,20,19,20,21,2,12,-5,1,-1,-1,-1,1,2,1,1,4
185,1071,1071,1075,14,14,12,13,-886,0,-4,0,2,-1,1,2,2,2,2,4
871,864,867,867,21,19,20,21,7,-3,0,2,-1,-1,0,1,2,1,1,4
693,684,677,679,13,14,12,13,9,7,-2,-1,2,-1,0,3,3,2,1,4
764,761,757,757,13,14,15,13,3,4,0,-1,-1,2,0,3,2,2,2,4
792,789,789,787,14,14,15,16,3,0,2,0,-1,-1,-2,1,2,2,1,4
417,407,398,403,13,14,15,13,10,9,-5,-1,-1,2,0,3,1,1,1,4
482,475,478,471,14,14,13,13,7,-3,7,0,1,0,1,1,2,1,2,4
1064,1057,1057,1054,13,14,15,16,7,0,3,-1,-1,-1,-3,1,2,2,1,4
960,960,949,946,20,19,18,18,0,11,3,1,1,0,2,1,1,2,1,4
984,982,974,979,17,16,18,18,2,8,-5,1,-2,0,-1,1,2,1,1,4
353,356,344,346,13,14,12,13,-3,12,-2,-1,2,-1,0,2,1,2,1,4
965,956,958,958,13,14,12,13,9,-2,0,-1,2,-1,0,1,1,2,2,4
522,515,515,513,21,19,20,19,7,0,2,2,-1,1,2,2,3,1,2,4
571,562,564,564,14,14,13,13,9,-2,0,0,1,0,1,1,3,2,2,4
370,367,365,367,20,19,20,18,3,2,-2,1,-1,2,2,1,2,1,2,4
651,646,646,642,13,14,12,13,5,0,4,-1,2,-1,0,1,1,1,3,4
593,588,586,586,18,17,18,19,5,2,0,1,-1,-1,-1,2,2,1,1,4
229,220,215,215,14,14,15,16,9,5,0,0,-1,-1,-2,1,3,1,3,4
571,564,567,571,21,19,20,18,7,-3,-4,2,-1,2,3,1,2,1,1,4
501,499,499,501,14,14,15,16,2,0,-2,0,-1,-1,-2,3,2,2,1,4
623,618,614,618,14,14,13,13,5,4,-4,0,1,0,1,1,3,3,3,4
309,304,295,304,14,14,13,13,5,9,-9,0,1,0,1,1,3,1,1,4
239,239,236,239,14,14,13,13,0,3,-3,0,1,0,1,3,3,2,1,4
1054,1045,1043,1047,13,14,15,13,9,2,-4,-1,-1,2,0,3,1,2,2,4
796,792,787,789,14,14,15,13,4,5,-2,0,-1,2,1,1,3,1,2,4
464,461,445,459,13,14,15,13,3,16,-14,-1,-1,2,0,1,2,1,1,4
686,684,682,679,20,19,20,18,2,2,3,1,-1,2,2,2,1,2,3,4
614,607,604,609,14,14,15,13,7,3,-5,0,-1,2,1,3,2,1,3,4
471,468,464,464,17,16,18,16,3,4,0,1,-2,2,1,2,1,1,3,4
740,738,733,733,13,14,15,13,2,5,0,-1,-1,2,0,1,2,2,2,4
848,843,829,836,14,14,13,13,5,14,-7,0,1,0,1,1,3,1,2,4
829,822,820,820,14,14,13,13,7,2,0,0,1,0,1,1,2,1,1,4
862,857,853,855,18,19,18,21,5,4,-2,-1,1,-3,-3,1,1,1,2,4
981,970,960,963,13,14,12,13,11,10,-3,-1,2,-1,0,2,1,3,2,4
1052,1047,1045,1050,17,19,18,18,5,2,-5,-2,1,0,-1,2,2,1,1,4
886,867,857,860,14,14,15,13,19,10,-3,0,-1,2,1,1,1,1,2,4
421,421,417,417,13,14,15,16,0,4,0,-1,-1,-1,-3,1,3,1,1,4
1073,1068,1064,1064,17,19,18,18,5,4,0,-2,1,0,-1,3,1,1,1,4
358,351,346,346,17,16,18,16,7,5,0,1,-2,2,1,2,3,3,3,4
916,916,909,909,14,17,15,16,0,7,0,-3,2,-1,-2,2,2,3,1,4
731,719,721,721,20,19,20,21,12,-2,0,1,-1,-1,-1,1,2,1,1,4
201,189,192,192,18,17,18,19,12,-3,0,1,-1,-1,-1,1,2,1,1,4
1045,1045,1040,1040,17,19,18,18,0,5,0,-2,1,0,-1,3,1,3,1,4
747,740,743,740,13,14,15,16,7,-3,3,-1,-1,-1,-3,2,1,2,1,4
1017,1007,1000,993,13,14,15,13,10,7,7,-1,-1,2,0,1,3,2,1,4
231,229,227,229,14,14,15,13,2,2,-2,0,-1,2,1,2,1,2,3,4
185,182,1078,1075,21,19,20,21,3,-896,3,2,-1,-1,0,2,1,1,2,4
736,740,736,736,13,14,15,13,-4,4,0,-1,-1,2,0,3,3,3,1,4
288,286,283,281,14,14,15,13,2,3,2,0,-1,2,1,2,3,2,1,4
499,485,485,494,14,17,15,16,14,0,-9,-3,2,-1,-2,2,2,2,2,4
792,785,785,787,14,14,15,13,7,0,-2,0,-1,2,1,3,2,2,1,4
281,281,283,276,14,14,15,13,0,-2,7,0,-1,2,1,1,3,2,1,4
496,489,489,494,14,17,15,16,7,0,-5,-3,2,-1,-2,1,2,2,2,4
946,944,942,939,13,14,15,13,2,2,3,-1,-1,2,0,3,2,1,2,4
374,374,374,374,13,14,12,13,0,0,0,-1,2,-1,0,1,3,1,1,4
583,569,557,560,14,14,13,13,14,12,-3,0,1,0,1,2,2,1,2,4
1036,1026,1026,1021,17,16,18,18,10,0,5,1,-2,0,-1,1,1,1,1,4
900,890,916,888,21,19,18,19,10,-26,28,2,1,-1,2,1,1,2,2,4
628,623,623,623,18,19,18,19,5,0,0,-1,1,-1,-1,1,1,1,1,4
1050,1043,1045,1043,13,16,15,16,7,-2,2,-3,1,-1,-3,1,2,3,2,4
557,557,553,548,14,14,15,16,0,4,5,0,-1,-1,-2,1,3,1,1,4
684,679,677,677,17,16,15,16,5,2,0,1,1,-1,1,1,3,2,2,4
897,890,890,895,18,19,20,19,7,0,-5,-1,-1,1,-1,2,1,1,1,4
187,1066,1059,342,18,16,18,18,-879,7,717,2,-2,0,0,1,2,1,1,4
323,323,318,318,21,19,21,21,0,5,0,2,-2,0,0,1,3,1,1,4
384,379,389,389,20,19,20,21,5,-10,0,1,-1,-1,-1,3,1,1,1,4
293,278,283,286,14,17,15,16,15,-5,-3,-3,2,-1,-2,2,2,2,3,4
438,431,424,428,13,14,15,13,7,7,-4,-1,-1,2,0,2,3,2,2,4
445,445,445,445,20,19,20,21,0,0,0,1,-1,-1,-1,1,3,3,1,4
217,206,201,199,14,14,15,13,11,5,2,0,-1,2,1,2,3,1,2,4
220,217,217,215,18,17,18,19,3,0,2,1,-1,-1,-1,3,2,2,1,4
450,450,450,454,20,19,18,18,0,0,-4,1,1,0,2,1,1,1,1,4
904,897,900,902,14,17,15,16,7,-3,-2,-3,2,-1,-2,1,2,1,2,4
822,810,810,817,14,14,15,13,12,0,-7,0,-1,2,1,2,1,3,2,4
260,253,239,243,14,17,15,16,7,14,-4,-3,2,-1,-2,2,1,1,1,4
1031,1036,1031,1031,20,19,20,18,-5,5,0,1,-1,2,2,3,1,1,1,4
745,743,736,738,20,19,18,18,2,7,-2,1,1,0,2,1,2,1,2,4
325,318,318,318,18,19,18,19,7,0,0,-1,1,-1,-1,2,3,1,1,4
752,745,750,743,13,14,12,13,7,-5,7,-1,2,-1,0,2,3,3,2,4
501,503,499,501,14,14,13,13,-2,4,-2,0,1,0,1,1,2,2,1,4
557,560,557,557,18,19,18,18,-3,3,0,-1,1,0,0,1,2,1,3,4
846,839,836,839,18,19,18,18,7,3,-3,-1,1,0,0,2,1,2,1,4
686,679,670,672,20,19,20,21,7,9,-2,1,-1,-1,-1,2,1,3,2,4
567,562,564,567,14,14,15,13,5,-2,-3,0,-1,2,1,1,3,2,3,4
829,829,829,824,21,19,20,19,0,0,5,2,-1,1,2,1,1,1,1,4
243,239,239,234,21,19,20,18,4,0,5,2,-1,2,3,1,1,1,1,4
923,909,902,902,14,14,15,13,14,7,0,0,-1,2,1,1,3,2,2,4
923,993,902,914,21,19,20,21,-70,91,-12,2,-1,-1,0,1,1,2,1,4
501,494,487,487,14,17,15,16,7,7,0,-3,2,-1,-2,1,2,1,1,4
839,834,834,834,18,17,18,18,5,0,0,1,-1,0,0,3,1,1,1,4
210,210,208,206,18,19,18,19,0,2,2,-1,1,-1,-1,3,1,2,1,4
991,989,989,984,20,19,20,21,2,0,5,1,-1,-1,-1,2,1,1,1,4
384,389,377,379,13,14,15,13,-5,12,-2,-1,-1,2,0,3,3,2,1,4
707,710,700,707,17,16,15,16,-3,10,-7,1,1,-1,1,1,2,2,3,4
862,857,857,857,21,19,20,18,5,0,0,2,-1,2,3,3,1,3,1,4
562,557,560,557,18,19,18,18,5,-3,3,-1,1,0,0,1,1,2,1,4
318,311,309,311,18,17,18,16,7,2,-2,1,-1,2,2,3,2,1,2,4
433,431,426,426,13,14,12,13,2,5,0,-1,2,-1,0,2,1,1,1,4
1036,1033,1031,1031,20,19,20,18,3,2,0,1,-1,2,2,3,2,1,1,4
846,836,834,834,14,14,13,13,10,2,0,0,1,0,1,2,2,1,1,4
731,731,736,731,13,14,12,13,0,-5,5,-1,2,-1,0,3,3,1,1,4
229,224,224,227,18,17,18,16,5,0,-3,1,-1,2,2,1,1,3,2,4
703,700,696,698,13,14,15,13,3,4,-2,-1,-1,2,0,1,2,2,1,4
489,492,485,485,14,14,15,16,-3,7,0,0,-1,-1,-2,2,1,2,2,4
967,967,963,967,13,14,15,13,0,4,-4,-1,-1,2,0,2,2,2,2,4
646,646,642,644,20,19,20,18,0,4,-2,1,-1,2,2,1,1,1,2,4
335,328,325,325,20,19,21,21,7,3,0,1,-2,0,-1,2,1,2,2,4
965,960,960,960,20,19,20,18,5,0,0,1,-1,2,2,1,3,1,1,4
203,196,182,192,14,14,13,13,7,14,-10,0,1,0,1,2,3,1,1,4
562,560,557,555,18,17,18,21,2,3,2,1,-1,-3,-3,1,2,1,2,4
267,267,262,264,14,14,15,16,0,5,-2,0,-1,-1,-2,1,3,1,2,4
665,658,658,660,13,14,12,13,7,0,-2,-1,2,-1,0,1,2,2,1,4
342,339,337,339,20,19,20,21,3,2,-2,1,-1,-1,-1,1,2,1,2,4
562,564,567,562,14,17,15,16,-2,-3,5,-3,2,-1,-2,1,2,3,3,4
520,517,510,515,14,14,15,13,3,7,-5,0,-1,2,1,1,2,1,1,4
590,588,583,586,18,19,18,19,2,5,-3,-1,1,-1,-1,3,2,2,1,4
886,876,881,881,18,19,18,19,10,-5,0,-1,1,-1,-1,3,1,1,1,4
660,658,658,656,17,19,18,18,2,0,2,-2,1,0,-1,1,2,2,1,4
295,293,290,290,18,19,18,19,2,3,0,-1,1,-1,-1,3,2,1,1,4
831,824,822,824,14,17,15,16,7,2,-2,-3,2,-1,-2,2,3,2,1,4
377,374,370,372,13,14,12,13,3,4,-2,-1,2,-1,0,2,3,1,2,4
482,475,471,473,18,19,18,18,7,4,-2,-1,1,0,0,1,2,2,1,4
1045,1040,1045,1040,17,16,15,16,5,-5,5,1,1,-1,1,1,3,1,3,4
381,379,382,379,13,14,12,13,2,-3,3,-1,2,-1,0,2,3,2,1,4
365,358,360,360,13,16,15,16,7,-2,0,-3,1,-1,-3,1,2,1,3,4
743,743,740,740,13,14,12,13,0,3,0,-1,2,-1,0,2,2,1,1,4
1075,1075,1075,1073,20,19,20,18,0,0,2,1,-1,2,2,2,2,2,1,4
977,974,972,974,20,19,20,18,3,2,-2,1,-1,2,2,2,1,2,1,4
757,752,754,750,20,19,20,21,5,-2,4,1,-1,-1,-1,2,2,1,1,4
771,771,768,766,20,19,18,18,0,3,2,1,1,0,2,2,2,1,2,4
974,977,965,970,13,14,15,13,-3,12,-5,-1,-1,2,0,1,2,1,1,4
271,260,253,253,14,14,15,13,11,7,0,0,-1,2,1,3,2,3,1,4
649,653,642,646,13,14,12,13,-4,11,-4,-1,2,-1,0,2,2,1,1,4
342,337,342,342,17,19,18,18,5,-5,0,-2,1,0,-1,3,3,1,1,4
267,267,262,262,14,14,13,13,0,5,0,0,1,0,1,1,1,1,1,4
862,853,843,846,14,14,13,13,9,10,-3,0,1,0,1,1,1,1,2,4
1045,1047,1045,1045,17,16,18,18,-2,2,0,1,-2,0,-1,1,2,1,1,4
1019,1017,1017,1017,20,19,20,21,2,0,0,1,-1,-1,-1,2,1,1,1,4
853,850,843,841,21,19,20,21,3,7,2,2,-1,-1,0,3,2,1,2,4
492,487,489,487,14,14,13,13,5,-2,2,0,1,0,1,1,3,2,1,4
314,311,304,302,14,14,13,13,3,7,2,0,1,0,1,1,2,1,2,4
876,874,869,867,14,14,15,16,2,5,2,0,-1,-1,-2,1,2,2,1,4
464,459,459,457,17,16,18,16,5,0,2,1,-2,2,1,1,1,1,2,4
548,543,586,614,18,19,18,19,5,-43,-28,-1,1,-1,-1,3,3,1,1,4
993,993,984,984,13,14,12,13,0,9,0,-1,2,-1,0,3,1,1,1,4
946,942,937,939,13,14,15,13,4,5,-2,-1,-1,2,0,3,3,1,2,4
670,672,667,670,13,14,15,13,-2,5,-3,-1,-1,2,0,3,2,2,1,4
335,335,332,332,13,14,13,13,0,3,0,-1,1,0,0,2,2,1,1,4
360,356,356,351,17,16,18,18,4,0,5,1,-2,0,-1,1,1,1,3,4
792,792,792,787,14,17,15,16,0,0,5,-3,2,-1,-2,3,3,1,1,4
1038,1028,1026,1026,13,14,12,13,10,2,0,-1,2,-1,0,2,2,1,3,4
949,928,928,928,13,17,15,16,21,0,0,-4,2,-1,-3,2,1,1,1,4
649,649,642,642,13,14,12,13,0,7,0,-1,2,-1,0,2,2,1,1,4
351,344,337,335,13,14,12,13,7,7,2,-1,2,-1,0,1,2,3,2,4
234,224,224,229,14,14,13,13,10,0,-5,0,1,0,1,3,1,1,1,4
705,707,703,700,17,16,15,16,-2,4,3,1,1,-1,1,2,3,1,2,4
893,888,881,881,14,14,15,13,5,7,0,0,-1,2,1,2,2,1,3,4
510,501,501,496,14,14,15,16,9,0,5,0,-1,-1,-2,3,3,3,1,4
824,813,810,810,14,14,13,13,11,3,0,0,1,0,1,3,2,1,1,4
946,944,946,942,17,19,18,18,2,-2,4,-2,1,0,-1,1,2,1,1,4
374,379,372,374,13,14,15,13,-5,7,-2,-1,-1,2,0,1,1,2,1,4
323,318,318,318,21,19,18,19,5,0,0,2,1,-1,2,1,3,3,3,4
900,893,890,890,18,17,18,16,7,3,0,1,-1,2,2,1,2,1,1,4
951,951,949,951,20,19,18,18,0,2,-2,1,1,0,2,1,1,2,1,4
1052,1050,1045,215,13,14,12,13,2,5,830,-1,2,-1,0,2,3,1,1,4
548,539,543,541,14,14,15,16,9,-4,2,0,-1,-1,-2,1,1,3,2,4
637,637,635,632,13,14,13,13,0,2,3,-1,1,0,0,3,1,2,1,4
274,264,262,262,14,14,13,13,10,2,0,0,1,0,1,2,2,1,1,4
679,674,670,672,13,14,15,13,5,4,-2,-1,-1,2,0,3,3,1,2,4
374,374,365,370,13,14,12,13,0,9,-5,-1,2,-1,0,1,3,1,1,4
239,234,227,227,21,19,20,21,5,7,0,2,-1,-1,0,3,1,2,2,4
271,264,264,267,14,17,15,16,7,0,-3,-3,2,-1,-2,1,2,2,1,4
187,187,182,187,21,19,21,21,0,5,-5,2,-2,0,0,1,1,1,3,4
220,222,217,215,18,17,18,19,-2,5,2,1,-1,-1,-1,1,2,2,1,4
534,529,524,529,14,14,13,13,5,5,-5,0,1,0,1,3,3,3,1,4
417,412,407,410,13,14,15,13,5,5,-3,-1,-1,2,0,1,1,1,2,4
515,510,508,508,14,14,13,13,5,2,0,0,1,0,1,3,3,2,2,4
644,642,642,637,20,19,20,18,2,0,5,1,-1,2,2,2,1,1,1,4
689,684,684,679,13,14,15,13,5,0,5,-1,-1,2,0,3,1,1,1,4
843,836,839,836,14,14,15,13,7,-3,3,0,-1,2,1,3,2,3,2,4
984,979,979,979,20,19,20,21,5,0,0,1,-1,-1,-1,3,1,1,1,4
700,691,698,698,17,19,18,18,9,-7,0,-2,1,0,-1,2,2,1,1,4
1054,1054,1050,1050,17,16,15,16,0,4,0,1,1,-1,1,3,1,3,1,4
841,836,834,834,14,17,15,16,5,2,0,-3,2,-1,-2,2,2,1,1,4
665,665,658,660,17,16,18,16,0,7,-2,1,-2,2,1,1,1,2,1,4
752,759,761,759,13,14,15,13,-7,-2,2,-1,-1,2,0,2,1,2,3,4
403,405,400,403,13,14,15,13,-2,5,-3,-1,-1,2,0,1,2,2,1,4
644,642,635,637,17,16,15,16,2,7,-2,1,1,-1,1,2,1,2,1,4
860,857,853,848,21,19,20,18,3,4,5,2,-1,2,3,2,1,1,1,4
321,316,314,314,18,19,18,19,5,2,0,-1,1,-1,-1,2,2,3,3,4
253,246,243,248,18,19,18,18,7,3,-5,-1,1,0,0,3,2,1,3,4
323,321,321,318,18,17,18,16,2,0,3,1,-1,2,2,1,2,2,1,4
323,318,316,314,14,14,15,13,5,2,2,0,-1,2,1,1,3,2,3,4
639,644,637,642,13,14,12,13,-5,7,-5,-1,2,-1,0,2,2,1,1,4
1012,1012,1003,1007,13,14,12,13,0,9,-4,-1,2,-1,0,3,1,3,3,4
1061,1061,1057,1057,13,14,12,13,0,4,0,-1,2,-1,0,2,2,2,2,4
419,419,412,412,20,19,20,21,0,7,0,1,-1,-1,-1,2,2,1,3,4
590,574,571,571,14,14,15,13,16,3,0,0,-1,2,1,3,2,1,1,4
520,508,506,506,14,14,13,13,12,2,0,0,1,0,1,1,2,3,1,4
367,370,365,365,20,19,20,21,-3,5,0,1,-1,-1,-1,2,1,3,1,4
260,260,253,253,18,19,18,18,0,7,0,-1,1,0,0,2,2,1,1,4
740,731,721,726,20,19,20,21,9,10,-5,1,-1,-1,-1,3,1,3,1,4
787,785,782,785,14,14,13,13,2,3,-3,0,1,0,1,1,2,1,2,4
485,485,478,478,18,17,18,18,0,7,0,1,-1,0,0,2,2,1,1,4
869,871,862,867,14,14,13,13,-2,9,-5,0,1,0,1,2,1,1,1,4
740,736,738,738,20,19,20,18,4,-2,0,1,-1,2,2,3,3,2,2,4
290,276,286,286,18,19,18,19,14,-10,0,-1,1,-1,-1,1,1,1,1,4
379,372,372,370,20,19,20,18,7,0,2,1,-1,2,2,3,2,2,3,4
353,344,344,346,13,14,12,13,9,0,-2,-1,2,-1,0,2,2,2,1,4
293,288,286,286,18,19,18,19,5,2,0,-1,1,-1,-1,2,2,3,1,4
431,433,426,426,13,14,15,13,-2,7,0,-1,-1,2,0,3,2,3,3,4
281,281,283,286,21,19,20,21,0,-2,-3,2,-1,-1,0,3,3,2,1,4
187,1075,1073,1078,14,14,15,13,-888,2,-5,0,-1,2,1,1,2,1,1,4
260,248,246,246,21,19,20,18,12,2,0,2,-1,2,3,2,1,2,2,4
864,857,853,853,18,17,18,16,7,4,0,1,-1,2,2,2,1,1,1,4
524,515,510,515,21,19,20,19,9,5,-5,2,-1,1,2,1,1,1,1,4
524,515,520,517,18,19,18,19,9,-5,3,-1,1,-1,-1,1,1,1,2,4
684,679,672,672,20,19,18,18,5,7,0,1,1,0,2,1,1,2,2,4
1066,1059,1050,1047,17,16,15,16,7,9,3,1,1,-1,1,2,1,1,2,4
942,939,939,942,17,16,18,18,3,0,-3,1,-2,0,-1,1,2,2,1,4
824,817,815,817,14,17,15,16,7,2,-2,-3,2,-1,-2,1,2,1,2,4
986,979,979,974,20,19,20,18,7,0,5,1,-1,2,2,2,3,1,3,4
454,459,459,454,20,19,20,21,-5,0,5,1,-1,-1,-1,1,3,1,1,4
600,595,586,586,14,14,15,13,5,9,0,0,-1,2,1,1,1,3,3,4
942,951,944,939,17,16,18,18,-9,7,5,1,-2,0,-1,1,1,2,2,4
820,813,806,806,14,14,13,13,7,7,0,0,1,0,1,1,2,1,1,4
236,229,220,222,14,17,15,16,7,9,-2,-3,2,-1,-2,2,3,3,2,4
726,728,726,726,20,19,20,21,-2,2,0,1,-1,-1,-1,1,2,1,1,4
1014,1014,1012,1010,13,14,15,13,0,2,2,-1,-1,2,0,2,2,1,2,4
381,379,382,377,20,19,20,21,2,-3,5,1,-1,-1,-1,2,1,2,2,4
637,637,635,637,17,16,18,18,0,2,-2,1,-2,0,-1,1,1,2,3,4
787,787,787,789,21,19,21,21,0,0,-2,2,-2,0,0,3,1,1,2,4
827,824,824,824,18,17,18,19,3,0,0,1,-1,-1,-1,2,1,3,1,4
921,918,916,909,14,17,15,16,3,2,7,-3,2,-1,-2,2,3,2,3,4
583,581,581,581,21,19,20,19,2,0,0,2,-1,1,2,2,3,1,1,4
489,485,485,487,14,14,13,13,4,0,-2,0,1,0,1,2,2,2,3,4
965,956,953,958,13,14,12,13,9,3,-5,-1,2,-1,0,1,1,2,2,4
529,520,520,517,14,17,15,16,9,0,3,-3,2,-1,-2,1,3,1,2,4
271,264,264,262,18,17,18,18,7,0,2,1,-1,0,0,1,2,2,1,4
201,203,199,199,14,14,13,13,-2,4,0,0,1,0,1,1,2,2,2,4
309,302,300,300,18,17,18,19,7,2,0,1,-1,-1,-1,1,2,1,1,4
276,267,262,264,18,17,18,16,9,5,-2,1,-1,2,2,1,1,3,2,4
902,902,895,897,14,14,13,13,0,7,-2,0,1,0,1,2,2,1,2,4
857,860,846,855,18,17,18,16,-3,14,-9,1,-1,2,2,1,2,2,2,4
1040,1038,1036,1038,17,16,18,16,2,2,-2,1,-2,2,1,1,2,3,2,4
1057,1054,1047,1047,20,19,20,18,3,7,0,1,-1,2,2,2,3,2,2,4
953,944,949,946,13,16,15,16,9,-5,3,-3,1,-1,-3,2,2,2,1,4
757,754,752,750,20,19,18,18,3,2,2,1,1,0,2,2,1,2,1,4
679,677,674,674,17,16,15,16,2,3,0,1,1,-1,1,3,2,1,1,4
1010,1007,1003,996,17,16,18,16,3,4,7,1,-2,2,1,2,3,1,2,4
185,1078,1078,182,21,19,20,21,-893,0,896,2,-1,-1,0,2,1,1,1,4
890,888,876,876,14,17,15,16,2,12,0,-3,2,-1,-2,3,2,1,3,4
454,450,447,450,17,16,15,16,4,3,-3,1,1,-1,1,3,1,2,3,4
192,189,187,189,14,14,13,13,3,2,-2,0,1,0,1,1,2,1,2,4
876,871,874,871,14,17,15,16,5,-3,3,-3,2,-1,-2,3,1,2,1,4
503,499,499,501,18,19,18,19,4,0,-2,-1,1,-1,-1,2,2,2,1,4
403,393,398,393,13,14,15,13,10,-5,5,-1,-1,2,0,3,1,1,1,4
621,616,614,614,14,17,15,16,5,2,0,-3,2,-1,-2,2,2,1,1,4
454,459,457,459,13,14,15,13,-5,2,-2,-1,-1,2,0,1,3,2,3,4
588,586,586,586,18,17,18,19,2,0,0,1,-1,-1,-1,2,1,3,1,4
468,471,473,473,20,19,20,21,-3,-2,0,1,-1,-1,-1,1,2,1,1,4
1007,1010,1003,1005,20,19,18,21,-3,7,-2,1,1,-3,-1,3,2,3,2,4
609,614,600,595,18,17,18,19,-5,14,5,1,-1,-1,-1,1,1,1,1,4
440,438,438,440,20,19,20,21,2,0,-2,1,-1,-1,-1,1,2,2,1,4
857,857,848,848,21,19,20,18,0,9,0,2,-1,2,3,1,3,1,1,4
900,902,897,897,14,14,15,13,-2,5,0,0,-1,2,1,3,2,2,2,4
637,632,632,632,13,14,13,13,5,0,0,-1,1,0,0,1,1,1,1,4
679,674,670,672,17,16,15,16,5,4,-2,1,1,-1,1,1,1,1,2,4
857,839,836,839,14,17,15,16,18,3,-3,-3,2,-1,-2,1,1,2,1,4
874,874,876,876,14,14,15,13,0,-2,0,0,-1,2,1,2,2,1,1,4
417,421,417,414,20,19,18,18,-4,4,3,1,1,0,2,1,3,3,2,4
681,677,679,677,17,19,18,18,4,-2,2,-2,1,0,-1,2,2,1,2,4
206,203,199,196,18,19,18,19,3,4,3,-1,1,-1,-1,1,2,2,1,4
253,248,243,246,14,17,15,16,5,5,-3,-3,2,-1,-2,3,1,1,2,4
571,567,560,567,21,19,20,21,4,7,-7,2,-1,-1,0,1,1,2,1,4
546,536,532,529,18,17,18,16,10,4,3,1,-1,2,2,2,2,2,3,4
421,417,410,410,13,14,12,13,4,7,0,-1,2,-1,0,3,1,2,2,4
1026,1024,1024,1026,20,19,20,21,2,0,-2,1,-1,-1,-1,1,2,2,1,4
914,897,890,893,14,17,15,16,17,7,-3,-3,2,-1,-2,3,2,1,2,4
274,264,267,267,18,17,18,18,10,-3,0,1,-1,0,0,2,2,1,1,4
632,632,628,625,20,19,21,19,0,4,3,1,-2,2,1,1,1,1,2,4
965,963,963,965,20,19,18,18,2,0,-2,1,1,0,2,3,2,2,1,4
974,970,965,965,13,14,15,13,4,5,0,-1,-1,2,0,3,3,1,3,4
398,403,396,398,20,19,20,18,-5,7,-2,1,-1,2,2,3,1,2,1,4
665,663,660,656,20,19,20,21,2,3,4,1,-1,-1,-1,1,2,1,3,4
759,754,747,750,20,19,20,21,5,7,-3,1,-1,-1,-1,1,1,2,1,4
1000,993,991,991,20,19,20,21,7,2,0,1,-1,-1,-1,2,1,2,2,4
353,353,349,349,20,19,20,18,0,4,0,1,-1,2,2,2,2,2,2,4
501,501,503,499,14,14,13,13,0,-2,4,0,1,0,1,3,3,2,2,4
937,932,928,928,13,14,15,13,5,4,0,-1,-1,2,0,3,1,1,1,4
255,253,246,248,14,17,15,16,2,7,-2,-3,2,-1,-2,2,1,2,1,4
370,370,365,370,20,19,20,18,0,5,-5,1,-1,2,2,1,3,1,1,4
707,707,700,710,13,14,12,13,0,7,-10,-1,2,-1,0,1,3,2,2,4
869,862,864,862,21,19,20,18,7,-2,2,2,-1,2,3,2,3,2,1,4
213,206,203,206,14,14,15,13,7,3,-3,0,-1,2,1,2,3,2,1,4
731,736,726,724,17,16,18,18,-5,10,2,1,-2,0,-1,1,1,1,2,4
834,832,829,832,14,17,15,16,2,3,-3,-3,2,-1,-2,1,2,1,2,4
307,304,304,304,21,19,20,19,3,0,0,2,-1,1,2,2,1,1,3,4
520,510,510,510,18,19,20,19,10,0,0,-1,-1,1,-1,3,1,3,1,4
595,590,583,590,14,17,15,16,5,7,-7,-3,2,-1,-2,3,1,2,1,4
731,728,721,721,20,19,18,18,3,7,0,1,1,0,2,3,2,1,1,4
239,229,206,224,14,14,15,13,10,23,-18,0,-1,2,1,1,1,1,3,4
517,513,510,510,14,14,15,16,4,3,0,0,-1,-1,-2,2,2,1,1,4
520,506,506,506,18,17,18,16,14,0,0,1,-1,2,2,1,1,1,1,4
886,886,881,878,14,14,13,13,0,5,3,0,1,0,1,3,1,1,2,4
192,187,182,187,21,19,21,21,5,5,-5,2,-2,0,0,1,1,1,1,4
393,391,389,386,13,14,15,13,2,2,3,-1,-1,2,0,1,2,1,2,4
998,989,960,982,13,14,15,13,9,29,-22,-1,-1,2,0,1,1,1,2,4
597,600,595,595,18,17,18,16,-3,5,0,1,-1,2,2,2,1,1,3,4
454,450,450,450,13,14,15,13,4,0,0,-1,-1,2,0,1,1,1,1,4
656,646,642,649,13,14,15,13,10,4,-7,-1,-1,2,0,3,1,3,2,4
339,335,335,337,17,16,15,16,4,0,-2,1,1,-1,1,2,2,2,1,4
923,914,911,914,14,14,15,16,9,3,-3,0,-1,-1,-2,1,1,2,1,4
794,794,787,787,21,19,21,21,0,7,0,2,-2,0,0,2,2,1,1,4
914,911,914,914,14,14,15,13,3,-3,0,0,-1,2,1,3,2,1,1,4
234,224,220,224,14,14,15,16,10,4,-4,0,-1,-1,-2,1,3,1,1,4
302,300,295,297,18,17,18,16,2,5,-2,1,-1,2,2,2,3,1,2,4
1005,1003,998,1003,13,14,12,13,2,5,-5,-1,2,-1,0,2,1,3,1,4
714,712,707,712,13,14,15,13,2,5,-5,-1,-1,2,0,2,3,1,1,4
281,278,276,274,14,14,13,13,3,2,2,0,1,0,1,1,2,1,2,4
560,557,550,548,14,17,15,16,3,7,2,-3,2,-1,-2,2,1,2,3,4
417,410,412,407,17,16,15,16,7,-2,5,1,1,-1,1,1,2,1,1,4
914,904,904,902,14,14,13,13,10,0,2,0,1,0,1,1,1,1,2,4
745,740,738,740,20,19,20,18,5,2,-2,1,-1,2,2,1,1,2,1,4
958,960,960,960,17,16,18,18,-2,0,0,1,-2,0,-1,2,1,1,1,4
583,588,581,581,14,14,13,13,-5,7,0,0,1,0,1,2,2,3,1,4
222,224,224,224,14,17,15,16,-2,0,0,-3,2,-1,-2,2,3,1,3,4
1040,1036,1031,1036,20,19,20,21,4,5,-5,1,-1,-1,-1,1,1,1,3,4
1036,1031,1033,1033,20,19,20,18,5,-2,0,1,-1,2,2,1,3,2,2,4
867,864,867,869,14,14,13,13,3,-3,-2,0,1,0,1,1,2,3,2,4
850,853,848,853,21,19,20,18,-3,5,-5,2,-1,2,3,2,1,1,1,4
429,426,424,426,13,14,15,13,3,2,-2,-1,-1,2,0,2,3,2,1,4
231,234,234,234,21,19,20,21,-3,0,0,2,-1,-1,0,2,1,1,1,4
487,475,482,482,18,19,18,19,12,-7,0,-1,1,-1,-1,1,2,1,1,4
367,370,367,372,20,19,18,18,-3,3,-5,1,1,0,2,2,1,2,2,4
1010,1017,1012,1012,20,19,20,21,-7,5,0,1,-1,-1,-1,2,3,1,1,4
1019,1017,1017,1014,13,14,15,16,2,0,3,-1,-1,-1,-3,2,3,1,2,4
979,974,977,972,13,14,15,13,5,-3,5,-1,-1,2,0,1,3,2,2,4
297,286,283,286,14,14,13,13,11,3,-3,0,1,0,1,2,3,2,3,4
726,724,721,717,13,14,12,13,2,3,4,-1,2,-1,0,1,2,1,3,4
656,651,651,646,17,16,18,18,5,0,5,1,-2,0,-1,1,1,1,1,4
583,576,517,571,21,19,20,21,7,59,-54,2,-1,-1,0,2,1,2,1,4
902,897,897,890,14,14,15,13,5,0,7,0,-1,2,1,2,2,2,3,4
916,911,909,907,14,14,15,13,5,2,2,0,-1,2,1,2,2,1,2,4
300,297,290,295,14,17,15,16,3,7,-5,-3,2,-1,-2,1,2,1,1,4
231,222,220,217,14,14,13,13,9,2,3,0,1,0,1,2,2,1,2,4
515,503,499,503,18,19,18,19,12,4,-4,-1,1,-1,-1,1,2,2,2,4
1068,1071,1066,1071,20,19,20,18,-3,5,-5,1,-1,2,2,1,2,2,2,4
881,876,871,874,18,19,18,18,5,5,-3,-1,1,0,0,1,1,1,2,4
632,625,623,623,20,19,21,21,7,2,0,1,-2,0,-1,1,2,1,1,4
635,632,632,632,17,19,18,18,3,0,0,-2,1,0,-1,2,1,1,1,4
332,325,323,321,13,14,15,13,7,2,2,-1,-1,2,0,1,2,1,2,4
243,248,243,241,21,19,20,21,-5,5,2,2,-1,-1,0,1,1,1,2,4
1003,1003,1000,998,13,14,15,16,0,3,2,-1,-1,-1,-3,3,3,2,1,4
857,857,850,850,18,19,18,18,0,7,0,-1,1,0,0,3,1,2,2,4
531,517,515,520,18,19,18,19,14,2,-5,-1,1,-1,-1,2,2,1,3,4
318,316,314,309,14,14,15,13,2,2,5,0,-1,2,1,3,2,3,1,4
904,904,904,907,14,14,15,13,0,0,-3,0,-1,2,1,1,1,1,2,4
801,794,792,792,14,17,15,16,7,2,0,-3,2,-1,-2,3,2,3,1,4
806,806,801,799,14,17,15,16,0,5,2,-3,2,-1,-2,1,1,1,2,4
782,775,775,773,21,19,20,18,7,0,2,2,-1,2,3,1,2,2,1,4
581,581,581,581,18,17,18,19,0,0,0,1,-1,-1,-1,1,3,1,1,4
750,745,745,745,20,19,20,18,5,0,0,1,-1,2,2,1,1,1,1,4
1045,1040,1040,1040,17,16,18,18,5,0,0,1,-2,0,-1,1,3,3,1,4
951,949,946,939,17,16,15,16,2,3,7,1,1,-1,1,3,2,1,2,4
1045,1040,1033,1036,20,19,20,21,5,7,-3,1,-1,-1,-1,1,1,2,1,4
1078,1078,1073,1073,20,19,20,18,0,5,0,1,-1,2,2,1,1,1,1,4
499,496,496,494,21,19,21,21,3,0,2,2,-2,0,0,2,1,1,2,4
827,817,815,813,14,14,13,13,10,2,2,0,1,0,1,2,2,3,2,4
243,239,234,229,21,19,20,19,4,5,5,2,-1,1,2,1,1,1,1,4
1052,1045,1036,1031,17,19,18,18,7,9,5,-2,1,0,-1,2,1,1,1,4
213,208,206,210,21,19,20,21,5,2,-4,2,-1,-1,0,2,2,1,3,4
794,789,787,792,21,19,21,21,5,2,-5,2,-2,0,0,2,2,1,1,4
970,967,965,967,17,16,18,16,3,2,-2,1,-2,2,1,3,2,1,2,4
820,815,820,820,21,19,20,21,5,-5,0,2,-1,-1,0,1,1,1,1,4
288,288,283,281,14,17,15,16,0,5,2,-3,2,-1,-2,2,2,2,1,4
389,384,386,389,20,19,20,21,5,-2,-3,1,-1,-1,-1,1,3,2,3,4
590,576,576,576,18,19,18,18,14,0,0,-1,1,0,0,1,1,1,1,4
429,424,431,433,17,16,15,16,5,-7,-2,1,1,-1,1,2,2,1,2,4
199,192,192,196,21,19,21,19,7,0,-4,2,-2,2,2,2,1,1,1,4
792,787,785,782,14,17,15,16,5,2,3,-3,2,-1,-2,1,1,2,1,4
229,224,224,222,14,14,13,13,5,0,2,0,1,0,1,1,1,1,2,4
396,400,403,398,17,16,18,18,-4,-3,5,1,-2,0,-1,2,2,1,3,4
1064,1054,1045,1045,13,14,15,13,10,9,0,-1,-1,2,0,1,1,1,3,4
224,215,210,210,18,19,18,19,9,5,0,-1,1,-1,-1,1,1,1,1,4
674,670,674,674,20,19,20,21,4,-4,0,1,-1,-1,-1,3,1,1,3,4
839,829,829,832,14,14,15,13,10,0,-3,0,-1,2,1,3,1,1,2,4
935,925,921,923,13,14,13,13,10,4,-2,-1,1,0,0,2,2,2,3,4
351,346,346,344,17,16,18,16,5,0,2,1,-2,2,1,1,1,1,2,4
534,524,524,524,21,19,20,19,10,0,0,2,-1,1,2,1,1,1,1,4
253,248,239,239,18,17,18,16,5,9,0,1,-1,2,2,1,3,1,1,4
693,693,689,691,20,19,20,21,0,4,-2,1,-1,-1,-1,1,1,3,2,4
374,374,370,370,13,14,12,13,0,4,0,-1,2,-1,0,3,3,1,3,4
389,389,386,389,13,14,12,13,0,3,-3,-1,2,-1,0,1,3,2,1,4
703,703,682,696,13,16,15,16,0,21,-14,-3,1,-1,-3,3,3,2,2,4
679,670,665,667,17,16,18,16,9,5,-2,1,-2,2,1,1,3,1,2,4
649,644,642,642,13,14,12,13,5,2,0,-1,2,-1,0,2,2,1,1,4
862,850,846,848,14,17,15,16,12,4,-2,-3,2,-1,-2,1,2,2,3,4
353,351,351,346,20,19,20,18,2,0,5,1,-1,2,2,2,1,3,1,4
412,412,405,412,20,19,23,18,0,7,-7,1,-4,5,2,3,3,2,1,4
281,278,271,271,21,19,20,18,3,7,0,2,-1,2,3,3,2,1,1,4
1064,1057,1059,1059,20,19,18,18,7,-2,0,1,1,0,2,3,2,1,1,4
984,977,974,974,17,16,18,16,7,3,0,1,-2,2,1,3,2,3,1,4
426,426,417,417,20,19,20,21,0,9,0,1,-1,-1,-1,3,3,1,1,4
953,951,949,951,17,19,18,18,2,2,-2,-2,1,0,-1,2,1,2,1,4
569,562,560,560,14,17,15,16,7,2,0,-3,2,-1,-2,2,1,2,2,4
1078,1068,1064,1061,13,14,12,13,10,4,3,-1,2,-1,0,1,3,3,2,4
607,588,600,600,18,19,18,19,19,-12,0,-1,1,-1,-1,2,2,1,1,4
297,293,290,293,14,17,15,16,4,3,-3,-3,2,-1,-2,2,2,1,2,4
576,571,562,562,21,19,20,21,5,9,0,2,-1,-1,0,1,3,1,1,4
663,660,656,653,13,14,15,13,3,4,3,-1,-1,2,0,2,1,1,2,4
663,660,651,651,17,16,18,16,3,9,0,1,-2,2,1,2,1,3,1,4
534,532,520,524,14,14,13,13,2,12,-4,0,1,0,1,1,2,3,1,4
689,689,684,684,17,16,18,18,0,5,0,1,-2,0,-1,3,1,1,1,4
726,721,719,724,13,14,15,13,5,2,-5,-1,-1,2,0,3,3,2,2,4
789,775,778,778,14,14,13,13,14,-3,0,0,1,0,1,2,2,1,1,4
473,475,466,468,20,19,20,21,-2,9,-2,1,-1,-1,-1,3,2,2,1,4
998,1000,996,993,13,14,12,13,-2,4,3,-1,2,-1,0,3,2,2,3,4
1045,1040,1038,1038,17,19,18,18,5,2,0,-2,1,0,-1,3,1,2,2,4
360,360,358,360,17,16,15,16,0,2,-2,1,1,-1,1,1,3,2,1,4
185,182,185,187,14,14,15,13,3,-3,-2,0,-1,2,1,2,1,2,1,4
215,215,213,213,14,14,15,13,0,2,0,0,-1,2,1,3,1,2,2,4
546,543,539,539,18,17,18,18,3,4,0,1,-1,0,0,2,1,3,1,4
923,921,921,918,21,19,21,19,2,0,3,2,-2,2,2,1,2,2,1,4
925,916,911,909,14,14,15,16,9,5,2,0,-1,-1,-2,2,2,2,1,4
656,656,651,658,17,16,18,18,0,5,-7,1,-2,0,-1,1,1,1,2,4
567,560,560,557,14,17,15,16,7,0,3,-3,2,-1,-2,1,2,2,3,4
229,222,215,210,14,17,15,16,7,7,5,-3,2,-1,-2,1,2,1,1,4
663,660,660,656,17,16,18,16,3,0,4,1,-2,2,1,2,1,3,1,4
396,393,393,393,17,16,18,16,3,0,0,1,-2,2,1,2,1,3,1,4
1017,1012,1014,1017,17,16,15,16,5,-2,-3,1,1,-1,1,3,3,2,1,4
473,473,473,471,17,16,18,16,0,0,2,1,-2,2,1,1,1,1,2,4
817,813,810,810,14,14,13,13,4,3,0,0,1,0,1,2,2,1,3,4
342,344,342,344,20,19,18,18,-2,2,-2,1,1,0,2,1,2,1,2,4
644,644,637,639,17,16,15,16,0,7,-2,1,1,-1,1,2,2,1,2,4
726,731,726,731,20,19,18,18,-5,5,-5,1,1,0,2,1,1,1,1,4
210,210,210,210,14,17,15,16,0,0,0,-3,2,-1,-2,3,1,1,1,4
407,410,403,405,17,16,18,16,-3,7,-2,1,-2,2,1,1,2,3,2,4
698,689,682,686,13,14,12,13,9,7,-4,-1,2,-1,0,1,3,2,2,4
372,370,370,370,20,19,20,18,2,0,0,1,-1,2,2,2,1,1,1,4
611,611,609,611,14,14,15,16,0,2,-2,0,-1,-1,-2,2,2,3,2,4
487,482,482,487,21,19,21,21,5,0,-5,2,-2,0,0,3,1,1,1,4
1050,1050,1050,1045,13,14,15,13,0,0,5,-1,-1,2,0,1,3,1,1,4
642,639,637,637,17,16,15,16,3,2,0,1,1,-1,1,1,2,1,1,4
653,651,651,653,17,19,18,18,2,0,-2,-2,1,0,-1,2,1,1,2,4
485,482,478,478,14,14,15,16,3,4,0,0,-1,-1,-2,2,1,1,1,4
726,726,719,719,13,14,15,13,0,7,0,-1,-1,2,0,3,1,2,2,4
815,808,808,808,14,14,13,13,7,0,0,0,1,0,1,1,2,2,2,4
1064,1059,1057,1061,17,16,15,16,5,2,-4,1,1,-1,1,1,1,2,2,4
944,939,942,937,17,19,18,18,5,-3,5,-2,1,0,-1,2,2,3,1,4
419,417,417,417,17,16,18,16,2,0,0,1,-2,2,1,2,3,1,1,4
827,820,817,817,14,17,15,16,7,3,0,-3,2,-1,-2,2,1,2,2,4
473,475,473,475,17,16,15,16,-2,2,-2,1,1,-1,1,1,2,3,2,4
621,614,614,614,21,19,21,19,7,0,0,2,-2,2,2,2,3,1,1,4
869,860,857,857,18,17,18,16,9,3,0,1,-1,2,2,2,2,1,1,4
248,248,239,239,21,19,20,21,0,9,0,2,-1,-1,0,1,3,1,1,4
886,881,881,876,21,19,20,21,5,0,5,2,-1,-1,0,1,1,1,1,4
344,342,337,342,20,19,20,18,2,5,-5,1,-1,2,2,2,1,3,3,4
665,660,663,658,20,19,20,21,5,-3,5,1,-1,-1,-1,1,1,2,2,4
700,698,700,703,13,14,12,13,2,-2,-3,-1,2,-1,0,2,1,2,1,4
217,208,206,206,21,19,20,19,9,2,0,2,-1,1,2,2,2,1,1,4
384,384,379,379,17,16,15,16,0,5,0,1,1,-1,1,1,1,1,1,4
224,213,215,215,18,19,18,19,11,-2,0,-1,1,-1,-1,1,2,3,1,4
206,199,194,196,14,14,13,13,7,5,-2,0,1,0,1,3,2,2,1,4
1012,1005,1003,1007,13,14,12,13,7,2,-4,-1,2,-1,0,3,2,1,3,4
241,239,232,234,14,14,15,13,2,7,-2,0,-1,2,1,2,3,2,1,4
447,438,438,438,13,14,12,13,9,0,0,-1,2,-1,0,2,2,2,2,4
196,194,192,189,18,17,18,19,2,2,3,1,-1,-1,-1,3,2,1,2,4
1059,1054,1059,1054,20,19,18,18,5,-5,5,1,1,0,2,1,1,1,1,4
328,321,325,321,14,17,15,16,7,-4,4,-3,2,-1,-2,1,2,2,2,4
879,867,860,862,18,17,15,16,12,7,-2,1,2,-1,2,2,3,2,1,4
524,524,522,522,18,19,18,19,0,2,0,-1,1,-1,-1,3,1,2,2,4
1012,1007,1005,1007,17,19,18,18,5,2,-2,-2,1,0,-1,1,3,2,1,4
956,946,956,953,20,19,20,21,10,-10,3,1,-1,-1,-1,3,1,1,2,4
267,264,260,262,18,19,18,18,3,4,-2,-1,1,0,0,1,2,2,1,4
1038,1040,1038,1040,13,14,15,13,-2,2,-2,-1,-1,2,0,2,1,2,1,4
639,637,639,639,13,14,15,13,2,-2,0,-1,-1,2,0,2,1,2,2,4
726,724,719,719,13,14,12,13,2,5,0,-1,2,-1,0,1,2,2,2,4
600,586,581,581,14,17,15,16,14,5,0,-3,2,-1,-2,1,3,1,3,4
473,473,464,468,20,19,18,18,0,9,-4,1,1,0,2,1,1,3,1,4
857,850,846,846,18,19,18,18,7,4,0,-1,1,0,0,3,2,2,2,4
717,714,710,712,13,14,15,13,3,4,-2,-1,-1,2,0,3,2,2,1,4
679,672,667,670,13,14,12,13,7,5,-3,-1,2,-1,0,1,2,2,3,4
817,815,815,815,18,17,18,19,2,0,0,1,-1,-1,-1,2,3,3,1,4
1054,1045,1043,1040,13,14,12,13,9,2,3,-1,2,-1,0,1,3,2,3,4
893,878,869,869,14,14,13,13,15,9,0,0,1,0,1,2,2,2,2,4
689,684,677,674,13,14,15,13,5,7,3,-1,-1,2,0,1,3,2,1,4
459,461,457,459,20,19,20,21,-2,4,-2,1,-1,-1,-1,1,2,2,1,4
817,820,810,810,14,17,15,16,-3,10,0,-3,2,-1,-2,2,3,1,1,4
855,848,848,843,14,14,13,13,7,0,5,0,1,0,1,2,3,1,3,4
1075,1073,1073,1073,17,16,18,18,2,0,0,1,-2,0,-1,2,3,1,1,4
775,775,773,768,20,19,20,21,0,2,5,1,-1,-1,-1,2,2,1,1,4
714,710,707,712,13,14,15,13,4,3,-5,-1,-1,2,0,2,2,1,3,4
1003,993,991,989,17,19,18,18,10,2,2,-2,1,0,-1,1,1,2,1,4
951,949,946,946,13,16,15,16,2,3,0,-3,1,-1,-3,3,2,1,1,4
311,309,309,309,14,14,15,13,2,0,0,0,-1,2,1,2,3,1,1,4
316,311,304,304,14,14,13,13,5,7,0,0,1,0,1,2,2,1,1,4
471,468,466,466,17,19,18,18,3,2,0,-2,1,0,-1,2,1,2,2,4
379,374,374,370,17,19,18,18,5,0,4,-2,1,0,-1,1,1,1,1,4
935,925,928,921,17,17,18,19,10,-3,7,0,-1,-1,-2,2,2,1,2,4
473,464,468,464,17,16,15,16,9,-4,4,1,1,-1,1,3,1,1,1,4
501,489,489,487,14,14,15,13,12,0,2,0,-1,2,1,3,2,2,1,4
286,278,276,274,21,19,20,21,8,2,2,2,-1,-1,0,1,2,1,2,4
951,953,949,951,13,14,12,13,-2,4,-2,-1,2,-1,0,1,2,2,1,4
684,677,674,674,17,16,18,18,7,3,0,1,-2,0,-1,3,2,1,1,4
642,642,642,642,20,19,20,21,0,0,0,1,-1,-1,-1,3,1,1,1,4
346,335,337,318,17,16,18,19,11,-2,19,1,-2,-1,-2,3,2,1,1,4
344,353,346,346,13,16,15,16,-9,7,0,-3,1,-1,-3,2,2,1,1,4
192,192,189,192,18,19,18,19,0,3,-3,-1,1,-1,-1,3,3,2,1,4
904,902,902,900,18,19,18,19,2,0,2,-1,1,-1,-1,1,2,2,3,4
895,893,895,890,18,17,18,19,2,-2,5,1,-1,-1,-1,3,2,1,1,4
1031,1033,1028,1033,13,14,15,16,-2,5,-5,-1,-1,-1,-3,1,2,2,2,4
241,236,241,246,18,19,18,18,5,-5,-5,-1,1,0,0,2,2,2,2,4
487,482,482,482,21,19,21,21,5,0,0,2,-2,0,0,1,1,1,1,4
834,827,824,820,14,14,13,13,7,3,4,0,1,0,1,3,2,1,1,4
571,569,567,569,18,17,18,16,2,2,-2,1,-1,2,2,1,2,1,2,4
646,644,642,646,13,14,12,13,2,2,-4,-1,2,-1,0,1,2,1,1,4
1000,993,991,993,13,14,15,13,7,2,-2,-1,-1,2,0,2,3,2,1,4
426,419,417,421,13,14,12,13,7,2,-4,-1,2,-1,0,1,2,3,1,4
625,625,618,618,18,17,18,16,0,7,0,1,-1,2,2,2,2,1,1,4
834,829,827,829,18,17,18,19,5,2,-2,1,-1,-1,-1,3,3,2,1,4
185,1078,1078,1075,21,19,20,18,-893,0,3,2,-1,2,3,2,1,1,2,4
731,728,726,726,20,19,20,18,3,2,0,1,-1,2,2,3,2,1,1,4
553,539,541,534,14,14,13,13,14,-2,7,0,1,0,1,1,3,2,1,4
588,581,576,576,14,14,13,13,7,5,0,0,1,0,1,2,1,1,1,4
450,445,445,445,20,19,18,18,5,0,0,1,1,0,2,1,1,3,1,4
616,609,602,609,18,17,18,19,7,7,-7,1,-1,-1,-1,2,3,2,1,4
846,834,827,824,14,17,15,16,12,7,3,-3,2,-1,-2,2,3,2,1,4
958,956,951,951,17,16,18,18,2,5,0,1,-2,0,-1,2,1,1,1,4
712,707,714,710,13,14,15,13,5,-7,4,-1,-1,2,0,1,3,2,2,4
318,314,309,311,14,17,15,16,4,5,-2,-3,2,-1,-2,1,1,1,2,4
911,911,916,918,14,14,13,13,0,-5,-2,0,1,0,1,2,2,2,1,4
689,684,684,686,13,14,12,13,5,0,-2,-1,2,-1,0,1,1,1,2,4
192,187,185,1078,18,19,18,18,5,2,-893,-1,1,0,0,1,1,2,1,4
403,304,295,288,20,17,15,16,99,9,7,3,2,-1,4,1,1,1,2,4
792,787,785,789,18,19,18,19,5,2,-4,-1,1,-1,-1,1,3,2,2,4
729,731,726,726,13,16,15,16,-2,5,0,-3,1,-1,-3,2,1,1,1,4
417,417,417,421,20,19,20,18,0,0,-4,1,-1,2,2,1,1,1,1,4
747,740,736,736,13,14,12,13,7,4,0,-1,2,-1,0,2,3,1,1,4
548,546,543,543,21,19,20,21,2,3,0,2,-1,-1,0,1,2,1,3,4
916,911,914,914,18,19,18,19,5,-3,0,-1,1,-1,-1,2,2,3,1,4
590,586,590,586,21,19,20,19,4,-4,4,2,-1,1,2,1,3,1,1,4
801,799,794,792,14,14,15,13,2,5,2,0,-1,2,1,3,2,2,1,4
925,921,921,921,14,14,13,13,4,0,0,0,1,0,1,2,2,2,2,4
295,295,286,288,14,14,13,13,0,9,-2,0,1,0,1,1,1,1,2,4
243,239,234,239,18,17,18,16,4,5,-5,1,-1,2,2,1,1,1,3,4
857,848,853,850,14,17,15,16,9,-5,3,-3,2,-1,-2,1,3,3,2,4
201,187,187,187,18,17,18,16,14,0,0,1,-1,2,2,3,3,1,1,4
536,522,520,520,14,14,13,13,14,2,0,0,1,0,1,2,2,3,1,4
907,904,902,902,14,17,15,16,3,2,0,-3,2,-1,-2,2,3,2,2,4
206,201,196,201,21,19,21,19,5,5,-5,2,-2,2,2,1,1,1,1,4
967,967,965,965,20,19,20,21,0,2,0,1,-1,-1,-1,2,2,1,1,4
234,229,224,224,18,19,18,19,5,5,0,-1,1,-1,-1,3,1,1,1,4
452,450,445,445,20,19,20,21,2,5,0,1,-1,-1,-1,2,1,1,1,4
318,304,300,300,14,14,15,13,14,4,0,0,-1,2,1,3,1,1,1,4
201,187,1078,1075,14,14,15,13,14,-891,3,0,-1,2,1,1,3,1,2,4
513,506,506,506,18,17,18,16,7,0,0,1,-1,2,2,2,1,3,1,4
517,515,501,496,18,19,18,19,2,14,5,-1,1,-1,-1,2,1,3,1,4
876,883,881,881,14,17,15,16,-7,2,0,-3,2,-1,-2,1,2,1,1,4
468,464,459,461,13,14,12,13,4,5,-2,-1,2,-1,0,3,1,1,2,4
236,234,232,232,18,19,18,19,2,2,0,-1,1,-1,-1,2,1,2,2,4
653,646,646,642,13,14,12,13,7,0,4,-1,2,-1,0,2,3,3,1,4
890,883,876,876,18,17,18,16,7,7,0,1,-1,2,2,1,2,1,1,4
705,693,696,693,13,14,12,13,12,-3,3,-1,2,-1,0,2,3,2,1,4
1064,1059,1057,1057,20,19,18,18,5,2,0,1,1,0,2,3,3,2,2,4
353,351,351,356,20,19,18,18,2,0,-5,1,1,0,2,2,1,1,1,4
524,522,520,520,14,14,13,13,2,2,0,0,1,0,1,1,2,1,1,4
928,921,921,921,14,14,15,16,7,0,0,0,-1,-1,-2,1,2,2,2,4
621,618,618,621,21,19,21,21,3,0,-3,2,-2,0,0,2,1,3,2,4
560,555,550,553,14,14,15,13,5,5,-3,0,-1,2,1,2,2,2,1,4
663,553,546,543,13,14,13,13,110,7,3,-1,1,0,0,2,1,2,1,4
1031,1036,1031,1031,17,16,18,16,-5,5,0,1,-2,2,1,1,1,1,1,4
1036,1031,1021,1024,17,16,18,18,5,10,-3,1,-2,0,-1,1,3,1,2,4
951,951,944,946,13,14,12,13,0,7,-2,-1,2,-1,0,1,3,2,1,4
543,541,541,539,21,19,20,18,2,0,2,2,-1,2,3,1,2,2,1,4
459,445,445,447,13,14,15,13,14,0,-2,-1,-1,2,0,1,1,1,2,4
984,982,974,979,20,19,18,18,2,8,-5,1,1,0,2,1,2,1,1,4
386,379,384,382,13,14,12,13,7,-5,2,-1,2,-1,0,2,1,1,2,4
192,192,187,192,21,19,21,19,0,5,-5,2,-2,2,2,1,1,1,1,4
445,443,438,440,17,19,18,18,2,5,-2,-2,1,0,-1,1,2,2,1,4
960,951,951,951,17,16,15,16,9,0,0,1,1,-1,1,3,1,1,1,4
405,403,400,398,17,16,18,18,2,3,2,1,-2,0,-1,2,3,2,1,4
831,829,822,824,18,17,18,16,2,7,-2,1,-1,2,2,2,1,2,1,4
506,501,499,496,18,17,18,19,5,2,3,1,-1,-1,-1,1,1,2,1,4
1021,1028,1017,1021,17,19,18,18,-7,11,-4,-2,1,0,-1,3,2,1,3,4
217,220,217,222,18,17,18,16,-3,3,-5,1,-1,2,2,2,1,2,2,4
253,243,232,241,14,17,15,16,10,11,-9,-3,2,-1,-2,1,1,2,2,4
642,642,635,637,17,16,18,16,0,7,-2,1,-2,2,1,3,3,2,1,4
1068,1064,1068,1064,13,14,15,13,4,-4,4,-1,-1,2,0,1,3,1,1,4
602,600,602,604,18,19,18,19,2,-2,-2,-1,1,-1,-1,2,1,2,1,4
935,932,928,925,20,19,21,19,3,4,3,1,-2,2,1,2,1,1,2,4
939,937,937,935,20,19,18,18,2,0,2,1,1,0,2,2,3,3,2,4
1007,1010,1005,1007,20,19,23,21,-3,5,-2,1,-4,2,-1,1,2,2,1,4
1033,1028,1040,1050,13,14,12,13,5,-12,-10,-1,2,-1,0,2,2,3,1,4
900,890,876,871,14,14,13,13,10,14,5,0,1,0,1,3,1,1,3,4
932,932,928,925,13,14,15,13,0,4,3,-1,-1,2,0,1,1,1,2,4
187,185,185,182,18,19,18,19,2,0,3,-1,1,-1,-1,1,2,2,1,4
536,529,529,527,14,14,13,13,7,0,2,0,1,0,1,2,1,1,2,4
487,478,473,473,14,14,15,13,9,5,0,0,-1,2,1,1,1,1,1,4
881,883,878,876,18,19,18,18,-2,5,2,-1,1,0,0,1,2,2,3,4
246,239,239,239,14,14,13,13,7,0,0,0,1,0,1,2,1,3,1,4
1064,1061,1050,1054,13,16,15,16,3,11,-4,-3,1,-1,-3,3,2,1,1,4
925,923,916,918,18,17,18,19,2,7,-2,1,-1,-1,-1,2,1,2,1,4
824,822,815,813,14,17,15,16,2,7,2,-3,2,-1,-2,1,2,1,2,4
229,232,227,229,21,19,20,21,-3,5,-2,2,-1,-1,0,3,2,2,1,4
925,921,909,916,14,14,15,13,4,12,-7,0,-1,2,1,2,2,1,2,4
262,253,255,253,18,17,18,18,9,-2,2,1,-1,0,0,3,1,2,1,4
820,813,813,813,14,17,15,16,7,0,0,-3,2,-1,-2,1,2,2,2,4
286,281,271,276,18,17,18,16,5,10,-5,1,-1,2,2,1,1,1,3,4
293,290,290,286,18,19,18,19,3,0,4,-1,1,-1,-1,2,1,1,1,4
806,785,785,785,14,14,15,13,21,0,0,0,-1,2,1,1,2,2,2,4
928,925,921,921,14,14,15,13,3,4,0,0,-1,2,1,1,2,2,2,4
349,339,332,384,13,16,15,16,10,7,-52,-3,1,-1,-3,2,2,1,1,4
187,182,182,182,21,19,21,21,5,0,0,2,-2,0,0,3,1,1,1,4
234,236,229,229,21,19,20,21,-2,7,0,2,-1,-1,0,1,2,1,1,4
621,614,614,604,14,14,15,13,7,0,10,0,-1,2,1,2,3,1,1,4
501,492,492,485,18,19,18,19,9,0,7,-1,1,-1,-1,3,1,3,2,4
829,824,773,824,18,19,18,19,5,51,-51,-1,1,-1,-1,1,1,1,1,4
653,651,651,651,20,19,18,18,2,0,0,1,1,0,2,2,3,1,1,4
820,820,820,822,18,19,18,19,0,0,-2,-1,1,-1,-1,1,1,1,2,4
864,867,864,867,14,14,13,13,-3,3,-3,0,1,0,1,2,3,2,1,4
810,803,799,801,14,17,15,16,7,4,-2,-3,2,-1,-2,3,2,2,1,4
342,335,337,337,17,16,18,16,7,-2,0,1,-2,2,1,3,2,1,1,4
271,274,264,267,14,17,15,16,-3,10,-3,-3,2,-1,-2,3,2,2,1,4
440,438,436,431,20,19,20,18,2,2,5,1,-1,2,2,1,2,1,1,4
571,562,555,555,18,17,18,16,9,7,0,1,-1,2,2,1,3,2,2,4
893,886,886,886,14,17,15,16,7,0,0,-3,2,-1,-2,2,1,1,1,4
724,719,717,719,17,19,18,18,5,2,-2,-2,1,0,-1,2,2,1,2,4
672,665,658,663,13,14,12,13,7,7,-5,-1,2,-1,0,2,1,2,2,4
862,860,855,857,18,19,18,18,2,5,-2,-1,1,0,0,3,2,2,1,4
557,550,550,553,14,17,15,16,7,0,-3,-3,2,-1,-2,3,2,2,1,4
302,302,295,290,21,19,20,19,0,7,5,2,-1,1,2,2,2,1,1,4
482,475,478,478,14,16,15,16,7,-3,0,-2,1,-1,-2,1,2,1,1,4
344,342,337,337,17,16,18,16,2,5,0,1,-2,2,1,2,1,3,1,4
796,792,792,796,18,17,18,19,4,0,-4,1,-1,-1,-1,1,1,1,1,4
768,757,747,745,13,14,15,13,11,10,2,-1,-1,2,0,1,2,2,1,4
965,960,956,956,17,16,18,16,5,4,0,1,-2,2,1,1,1,1,1,4
944,944,939,937,17,16,15,16,0,5,2,1,1,-1,1,2,2,2,3,4
300,295,295,295,21,19,20,21,5,0,0,2,-1,-1,0,1,1,1,1,4
431,431,426,426,20,19,20,21,0,5,0,1,-1,-1,-1,1,1,1,1,4
839,839,829,834,21,19,20,21,0,10,-5,2,-1,-1,0,1,3,1,1,4
182,1075,1068,1075,14,16,15,16,-893,7,-7,-2,1,-1,-2,1,2,1,2,4
271,264,262,262,21,19,20,18,7,2,0,2,-1,2,3,1,2,1,1,4
953,946,942,942,13,14,15,13,7,4,0,-1,-1,2,0,2,1,1,1,4
939,942,937,937,17,16,18,16,-3,5,0,1,-2,2,1,2,1,1,1,4
981,974,965,967,13,14,12,13,7,9,-2,-1,2,-1,0,2,1,1,2,4
417,412,412,414,20,19,20,21,5,0,-2,1,-1,-1,-1,3,3,1,2,4
946,937,932,937,13,14,15,13,9,5,-5,-1,-1,2,0,1,3,1,1,4
911,907,902,900,18,19,18,19,4,5,2,-1,1,-1,-1,2,2,2,1,4
309,307,304,309,14,14,13,13,2,3,-5,0,1,0,1,1,2,1,3,4
729,719,717,717,13,14,12,13,10,2,0,-1,2,-1,0,2,2,1,3,4
843,839,832,839,14,14,13,13,4,7,-7,0,1,0,1,1,3,2,1,4
374,365,358,353,13,14,15,13,9,7,5,-1,-1,2,0,1,3,2,2,4
1054,1050,1047,1052,13,14,15,13,4,3,-5,-1,-1,2,0,3,1,2,2,4
909,907,900,895,18,17,18,19,2,7,5,1,-1,-1,-1,1,2,3,1,4
855,853,853,853,14,14,13,13,2,0,0,0,1,0,1,2,3,1,3,4
871,867,867,867,18,19,18,18,4,0,0,-1,1,0,0,1,1,1,1,4
250,234,234,229,14,14,13,13,16,0,5,0,1,0,1,2,3,1,1,4
482,478,473,473,14,14,15,13,4,5,0,0,-1,2,1,1,1,3,3,4
374,372,367,365,13,14,12,13,2,5,2,-1,2,-1,0,1,2,2,3,4
1078,1068,1066,1068,13,14,12,13,10,2,-2,-1,2,-1,0,1,1,2,3,4
1017,1007,1007,1010,20,19,18,18,10,0,-3,1,1,0,2,1,3,3,2,4
539,529,529,529,18,17,18,16,10,0,0,1,-1,2,2,1,1,1,3,4
279,274,269,267,14,14,13,13,5,5,2,0,1,0,1,2,2,2,1,4
642,642,635,637,20,19,20,21,0,7,-2,1,-1,-1,-1,3,1,2,3,4
724,717,707,707,17,16,18,16,7,10,0,1,-2,2,1,2,1,1,1,4
346,342,332,337,20,19,20,18,4,10,-5,1,-1,2,2,1,3,1,1,4
1064,1064,1054,1052,17,16,18,18,0,10,2,1,-2,0,-1,3,3,1,2,4
318,314,318,318,21,19,21,21,4,-4,0,2,-2,0,0,1,1,1,1,4
785,775,778,778,21,19,20,21,10,-3,0,2,-1,-1,0,2,2,1,1,4
417,407,400,403,13,14,15,13,10,7,-3,-1,-1,2,0,3,3,2,1,4
466,464,459,457,20,19,20,21,2,5,2,1,-1,-1,-1,2,1,1,2,4
829,829,824,824,21,19,20,19,0,5,0,2,-1,1,2,3,1,1,1,4
766,764,759,759,17,19,18,18,2,5,0,-2,1,0,-1,2,1,1,1,4
201,196,192,192,14,14,15,13,5,4,0,0,-1,2,1,1,3,3,1,4
628,621,621,618,14,14,13,13,7,0,3,0,1,0,1,1,2,2,1,4
900,897,893,890,18,19,18,19,3,4,3,-1,1,-1,-1,1,2,2,1,4
1045,1040,1036,1040,17,16,18,18,5,4,-4,1,-2,0,-1,1,1,1,1,4
923,923,923,923,14,14,13,13,0,0,0,0,1,0,1,3,3,1,1,4
918,914,914,916,18,17,18,16,4,0,-2,1,-1,2,2,1,1,1,2,4
614,609,604,604,18,17,18,19,5,5,0,1,-1,-1,-1,1,1,1,3,4
281,267,267,267,14,14,13,13,14,0,0,0,1,0,1,1,1,1,1,4
853,848,843,843,14,17,15,16,5,5,0,-3,2,-1,-2,3,1,1,1,4
464,454,450,450,13,14,12,13,10,4,0,-1,2,-1,0,1,1,1,1,4
194,189,185,187,14,17,15,16,5,4,-2,-3,2,-1,-2,2,2,2,1,4
522,515,508,506,18,17,18,16,7,7,2,1,-1,2,2,2,3,2,3,4
843,841,839,841,14,14,15,13,2,2,-2,0,-1,2,1,3,2,3,2,4
318,318,309,309,21,19,21,21,0,9,0,2,-2,0,0,3,1,1,1,4
862,850,848,848,18,19,18,18,12,2,0,-1,1,0,0,1,2,1,1,4
1021,1012,1017,1024,13,14,12,13,9,-5,-7,-1,2,-1,0,3,1,1,2,4
792,785,778,775,18,19,18,18,7,7,3,-1,1,0,0,1,2,1,2,4
815,813,810,813,14,17,15,16,2,3,-3,-3,2,-1,-2,1,2,1,2,4
571,567,567,567,21,19,20,18,4,0,0,2,-1,2,3,1,1,1,1,4
550,543,543,543,18,17,18,16,7,0,0,1,-1,2,2,2,1,1,1,4
616,609,609,609,18,19,18,19,7,0,0,-1,1,-1,-1,2,1,1,1,4
527,520,517,515,18,19,18,19,7,3,2,-1,1,-1,-1,2,1,2,3,4
951,946,942,944,17,19,18,18,5,4,-2,-2,1,0,-1,1,1,1,2,4
773,775,771,771,13,14,12,13,-2,4,0,-1,2,-1,0,1,2,2,2,4
839,834,829,834,14,17,15,16,5,5,-5,-3,2,-1,-2,1,3,3,1,4
328,325,318,328,14,17,15,16,3,7,-10,-3,2,-1,-2,1,2,1,1,4
944,935,937,937,20,19,20,21,9,-2,0,1,-1,-1,-1,2,2,1,1,4
407,410,398,403,17,19,18,18,-3,12,-5,-2,1,0,-1,3,2,1,3,4
185,1078,1078,1075,18,16,18,18,-893,0,3,2,-2,0,0,2,1,1,2,4
318,314,309,309,18,17,18,16,4,5,0,1,-1,2,2,1,1,1,1,4
304,295,290,290,14,14,15,13,9,5,0,0,-1,2,1,1,3,1,1,4
461,466,461,464,13,14,12,13,-5,5,-3,-1,2,-1,0,2,2,2,3,4
747,740,743,745,20,19,18,18,7,-3,-2,1,1,0,2,2,3,2,1,4
907,904,902,904,21,19,20,19,3,2,-2,2,-1,1,2,2,1,2,1,4
792,787,782,789,14,17,15,16,5,5,-7,-3,2,-1,-2,3,1,1,2,4
616,614,614,614,21,19,21,19,2,0,0,2,-2,2,2,2,1,1,1,4
853,853,853,853,14,14,15,13,0,0,0,0,-1,2,1,3,3,1,3,4
986,979,972,972,13,14,15,16,7,7,0,-1,-1,-1,-3,2,1,2,2,4
187,182,182,182,18,19,18,19,5,0,0,-1,1,-1,-1,1,1,1,1,4
740,740,738,740,20,19,20,21,0,2,-2,1,-1,-1,-1,1,1,2,3,4
696,691,689,691,13,14,15,13,5,2,-2,-1,-1,2,0,2,2,1,2,4
485,482,482,487,18,17,18,19,3,0,-5,1,-1,-1,-1,2,1,1,1,4
229,222,220,220,18,17,18,16,7,2,0,1,-1,2,2,1,2,1,1,4
609,604,600,602,21,19,20,19,5,4,-2,2,-1,1,2,3,1,1,2,4
609,607,602,609,14,14,15,16,2,5,-7,0,-1,-1,-2,1,2,2,1,4
257,250,248,248,14,14,13,13,7,2,0,0,1,0,1,3,2,3,1,4
492,492,492,487,18,19,18,19,0,0,5,-1,1,-1,-1,1,1,3,1,4
339,339,332,337,13,14,13,13,0,7,-5,-1,1,0,0,2,2,1,1,4
646,642,646,644,20,19,18,18,4,-4,2,1,1,0,2,3,3,1,2,4
496,492,485,492,18,17,18,19,4,7,-7,1,-1,-1,-1,1,3,2,3,4
914,916,916,918,14,17,15,16,-2,0,-2,-3,2,-1,-2,1,2,2,1,4
614,602,604,600,18,19,18,19,12,-2,4,-1,1,-1,-1,1,2,1,3,4
553,553,548,553,18,19,18,18,0,5,-5,-1,1,0,0,3,1,1,1,4
208,206,203,203,18,19,18,19,2,3,0,-1,1,-1,-1,2,1,2,2,4
691,684,689,689,20,19,20,21,7,-5,0,1,-1,-1,-1,2,1,1,1,4
665,660,660,665,17,16,18,18,5,0,-5,1,-2,0,-1,1,1,1,1,4
932,932,923,928,17,16,18,19,0,9,-5,1,-2,-1,-2,1,1,1,1,4
632,621,621,616,17,17,15,16,11,0,5,0,2,-1,1,1,2,2,2,4
236,236,232,234,14,14,15,13,0,4,-2,0,-1,2,1,2,2,2,1,4
365,365,363,365,13,14,12,13,0,2,-2,-1,2,-1,0,1,3,2,1,4
923,914,914,916,21,19,21,21,9,0,-2,2,-2,0,0,3,1,1,2,4
614,609,604,602,18,17,18,19,5,5,2,1,-1,-1,-1,1,1,1,2,4
707,707,707,707,20,19,18,18,0,0,0,1,1,0,2,1,3,1,3,4
1017,1017,1014,1017,13,16,15,16,0,3,-3,-3,1,-1,-3,1,1,2,1,4
560,555,550,555,18,19,18,21,5,5,-5,-1,1,-3,-3,2,2,2,2,4
686,679,684,689,20,19,20,18,7,-5,-5,1,-1,2,2,2,3,1,3,4
607,600,597,595,14,17,15,16,7,3,2,-3,2,-1,-2,2,3,2,1,4
220,208,203,196,14,14,13,13,12,5,7,0,1,0,1,1,2,2,1,4
1007,1000,996,996,17,16,15,16,7,4,0,1,1,-1,1,3,2,2,2,4
874,867,864,862,18,19,18,18,7,3,2,-1,1,0,0,2,1,2,1,4
597,590,593,590,18,17,18,16,7,-3,3,1,-1,2,2,2,1,2,1,4
335,332,332,337,13,14,13,13,3,0,-5,-1,1,0,0,2,1,1,1,4
881,878,888,881,18,17,15,16,3,-10,7,1,2,-1,2,3,2,2,1,4
928,925,923,921,14,17,15,16,3,2,2,-3,2,-1,-2,1,2,1,2,4
231,229,224,229,18,19,18,19,2,5,-5,-1,1,-1,-1,2,1,1,1,4
736,731,726,726,17,16,15,16,5,5,0,1,1,-1,1,1,1,1,3,4
967,965,967,965,20,19,18,18,2,-2,2,1,1,0,2,2,1,2,1,4
918,918,916,914,14,17,15,16,0,2,2,-3,2,-1,-2,1,1,2,1,4
656,651,646,646,17,16,15,16,5,5,0,1,1,-1,1,1,1,1,1,4
346,342,342,342,13,14,12,13,4,0,0,-1,2,-1,0,1,1,3,1,4
771,768,768,768,17,16,18,16,3,0,0,1,-2,2,1,2,1,1,3,4
635,632,628,623,13,16,15,16,3,4,5,-3,1,-1,-3,2,1,1,3,4
986,984,979,984,17,19,18,18,2,5,-5,-2,1,0,-1,2,3,1,1,4
597,590,593,590,14,17,15,16,7,-3,3,-3,2,-1,-2,2,3,2,1,4
318,309,307,309,18,19,18,19,9,2,-2,-1,1,-1,-1,3,1,2,1,4
279,271,267,267,14,17,15,16,8,4,0,-3,2,-1,-2,2,1,1,1,4
656,649,651,656,17,16,18,16,7,-2,-5,1,-2,2,1,3,2,1,1,4
215,206,201,203,14,14,13,13,9,5,-2,0,1,0,1,3,3,1,2,4
621,618,614,614,14,17,15,16,3,4,0,-3,2,-1,-2,2,1,1,1,4
257,250,246,246,18,19,18,18,7,4,0,-1,1,0,0,3,2,2,2,4
396,391,393,396,13,14,12,13,5,-2,-3,-1,2,-1,0,2,2,1,2,4
651,651,649,649,17,19,18,18,0,2,0,-2,1,0,-1,1,3,2,2,4
316,318,311,309,14,14,15,16,-2,7,2,0,-1,-1,-2,2,1,2,1,4
1012,1007,1007,1003,20,19,18,18,5,0,4,1,1,0,2,1,1,1,1,4
923,918,909,904,14,17,15,16,5,9,5,-3,2,-1,-2,1,1,3,1,4
616,609,614,614,21,19,21,21,7,-5,0,2,-2,0,0,2,1,1,1,4
876,864,869,864,14,14,13,13,12,-5,5,0,1,0,1,1,2,2,2,4
262,253,293,257,18,19,20,18,9,-40,36,-1,-1,2,0,1,3,2,1,4
860,848,850,848,18,19,18,18,12,-2,2,-1,1,0,0,2,1,2,1,4
431,426,424,426,13,14,12,13,5,2,-2,-1,2,-1,0,1,3,2,1,4
916,914,911,911,18,17,18,19,2,3,0,1,-1,-1,-1,2,3,2,2,4
283,276,267,264,14,14,15,13,7,9,3,0,-1,2,1,2,3,1,2,4
248,246,243,246,21,19,20,21,2,3,-3,2,-1,-1,0,1,2,1,2,4
792,787,787,782,21,19,21,21,5,0,5,2,-2,0,0,1,1,1,1,4
1057,1054,1050,1052,17,16,15,16,3,4,-2,1,1,-1,1,2,3,3,2,4
712,710,707,707,20,19,20,21,2,3,0,1,-1,-1,-1,3,2,1,3,4
260,248,248,250,14,14,13,13,12,0,-2,0,1,0,1,2,1,1,2,4
956,949,951,951,13,14,15,13,7,-2,0,-1,-1,2,0,1,2,1,1,4
886,881,876,878,21,19,20,21,5,5,-2,2,-1,-1,0,1,1,1,2,4
879,883,878,881,18,17,18,16,-4,5,-3,1,-1,2,2,2,2,2,1,4
574,492,492,492,18,17,18,16,82,0,0,1,-1,2,2,2,3,3,3,4
1045,1040,1036,1036,17,19,18,18,5,4,0,-2,1,0,-1,1,1,1,3,4
328,325,321,323,18,19,21,19,3,4,-2,-1,-2,2,-1,1,2,2,3,4
792,789,785,782,18,17,18,16,3,4,3,1,-1,2,2,1,2,2,1,4
869,864,862,860,18,19,18,18,5,2,2,-1,1,0,0,2,2,1,2,4
255,255,257,260,14,14,13,13,0,-2,-3,0,1,0,1,2,2,1,2,4
1059,1057,1054,1054,17,16,18,16,2,3,0,1,-2,2,1,1,2,1,1,4
632,623,623,623,13,14,15,13,9,0,0,-1,-1,2,0,1,3,3,1,4
698,698,691,689,13,14,15,16,0,7,2,-1,-1,-1,-3,3,1,2,3,4
731,726,719,726,13,14,15,13,5,7,-7,-1,-1,2,0,3,3,2,1,4
864,864,862,862,14,17,15,16,0,2,0,-3,2,-1,-2,2,2,1,1,4
482,473,475,471,14,14,15,13,9,-2,4,0,-1,2,1,1,1,2,2,4
1064,1059,1054,1054,13,16,15,16,5,5,0,-3,1,-1,-3,1,3,1,1,4
693,691,684,689,17,16,15,16,2,7,-5,1,1,-1,1,3,2,3,3,4
257,257,257,257,18,17,18,16,0,0,0,1,-1,2,2,3,1,1,1,4
1045,1043,1040,1040,20,19,20,18,2,3,0,1,-1,2,2,1,2,1,1,4
438,438,436,436,17,16,18,18,0,2,0,1,-2,0,-1,2,2,1,1,4
286,281,271,276,18,17,18,18,5,10,-5,1,-1,0,0,3,3,1,1,4
623,625,618,618,21,19,21,21,-2,7,0,2,-2,0,0,1,2,1,1,4
698,698,691,693,13,14,12,13,0,7,-2,-1,2,-1,0,3,1,2,1,4
215,217,220,220,18,19,18,19,-2,-3,0,-1,1,-1,-1,1,2,3,1,4
813,810,815,810,21,19,20,21,3,-5,5,2,-1,-1,0,2,3,1,1,4
637,642,637,642,13,14,15,13,-5,5,-5,-1,-1,2,0,1,3,3,3,4
829,824,824,820,14,17,15,16,5,0,4,-3,2,-1,-2,3,1,1,1,4
335,332,332,332,20,19,20,18,3,0,0,1,-1,2,2,2,1,1,1,4
536,532,529,529,18,17,18,16,4,3,0,1,-1,2,2,2,2,1,1,4
210,201,196,194,18,17,18,16,9,5,2,1,-1,2,2,3,3,1,2,4
726,728,726,726,17,16,18,16,-2,2,0,1,-2,2,1,1,2,1,1,4
199,187,185,182,14,14,15,13,12,2,3,0,-1,2,1,2,3,2,1,4
750,745,738,740,17,16,15,16,5,7,-2,1,1,-1,1,1,3,2,1,4
724,721,717,719,13,14,15,13,3,4,-2,-1,-1,2,0,2,1,1,2,4
283,281,274,271,18,19,20,18,2,7,3,-1,-1,2,0,2,3,2,1,4
316,314,309,318,14,14,15,13,2,5,-9,0,-1,2,1,2,3,3,1,4
522,515,517,515,14,14,15,16,7,-2,2,0,-1,-1,-2,2,1,2,1,4
403,398,393,391,13,14,15,13,5,5,2,-1,-1,2,0,1,3,1,2,4
250,246,243,243,14,14,13,13,4,3,0,0,1,0,1,2,2,1,1,4
958,958,963,965,17,16,18,18,0,-5,-2,1,-2,0,-1,2,2,2,1,4
468,466,464,466,20,19,18,18,2,2,-2,1,1,0,2,1,2,3,2,4
921,916,914,914,18,17,18,16,5,2,0,1,-1,2,2,2,2,3,1,4
374,370,370,367,20,19,20,21,4,0,3,1,-1,-1,-1,3,1,1,2,4
564,562,550,557,14,17,15,16,2,12,-7,-3,2,-1,-2,2,1,2,1,4
473,475,473,473,20,19,20,21,-2,2,0,1,-1,-1,-1,1,2,1,1,4
494,487,482,492,18,19,18,19,7,5,-10,-1,1,-1,-1,2,1,1,1,4
604,607,602,604,21,19,20,21,-3,5,-2,2,-1,-1,0,1,2,2,1,4
597,590,588,588,18,17,18,16,7,2,0,1,-1,2,2,2,3,2,2,4
696,689,689,693,17,16,18,18,7,0,-4,1,-2,0,-1,2,1,3,1,4
689,691,682,679,20,19,18,18,-2,9,3,1,1,0,2,1,2,2,1,4
529,524,522,520,14,14,13,13,5,2,2,0,1,0,1,1,1,2,1,4
1064,1061,1064,1059,20,19,20,21,3,-3,5,1,-1,-1,-1,1,2,1,1,4
904,900,893,897,18,17,18,19,4,7,-4,1,-1,-1,-1,1,1,2,2,4
360,358,360,367,20,19,20,18,2,-2,-7,1,-1,2,2,1,2,1,2,4
304,297,290,290,18,19,18,19,7,7,0,-1,1,-1,-1,3,2,1,1,4
274,267,267,262,14,14,13,13,7,0,5,0,1,0,1,2,3,1,1,4
768,764,759,759,17,19,18,18,4,5,0,-2,1,0,-1,3,3,3,1,4
276,271,271,269,18,19,18,18,5,0,2,-1,1,0,0,1,1,3,2,4
869,860,855,853,18,19,18,18,9,5,2,-1,1,0,0,2,2,2,1,4
243,246,243,239,21,19,20,21,-3,3,4,2,-1,-1,0,1,2,1,1,4
267,264,267,271,21,19,20,21,3,-3,-4,2,-1,-1,0,1,2,1,1,4
665,660,660,660,17,16,18,16,5,0,0,1,-2,2,1,1,3,1,1,4
478,475,473,475,13,14,12,13,3,2,-2,-1,2,-1,0,1,2,1,2,4
989,986,989,989,13,16,15,16,3,-3,0,-3,1,-1,-3,1,2,1,1,4
864,867,857,857,18,17,18,18,-3,10,0,1,-1,0,0,2,1,1,1,4
466,464,461,459,13,14,12,13,2,3,2,-1,2,-1,0,2,3,2,1,4
764,764,759,759,17,16,18,16,0,5,0,1,-2,2,1,3,1,1,1,4
353,349,351,351,13,14,15,13,4,-2,0,-1,-1,2,0,2,2,1,1,4
860,848,843,839,21,19,20,21,12,5,4,2,-1,-1,0,2,1,1,3,4
1026,1026,1021,1021,20,19,18,18,0,5,0,1,1,0,2,1,3,1,1,4
1003,996,989,989,13,14,12,13,7,7,0,-1,2,-1,0,1,2,1,1,4
904,904,946,900,18,17,18,16,0,-42,46,1,-1,2,2,3,1,1,1,4
295,293,286,286,14,14,13,13,2,7,0,0,1,0,1,1,2,1,3,4
632,625,628,625,13,14,13,13,7,-3,3,-1,1,0,0,1,2,1,2,4
407,410,405,403,20,19,23,21,-3,5,2,1,-4,2,-1,3,2,2,1,4
1003,1005,998,1000,17,19,15,16,-2,7,-2,-2,4,-1,1,1,2,1,2,4
1031,1026,1026,1026,20,19,20,21,5,0,0,1,-1,-1,-1,1,1,1,1,4
517,510,510,510,14,14,15,13,7,0,0,0,-1,2,1,2,1,1,1,4
609,597,604,602,14,14,15,13,12,-7,2,0,-1,2,1,1,2,1,2,4
360,323,314,314,13,14,13,13,37,9,0,-1,1,0,0,1,1,3,1,4
766,766,761,764,20,19,20,21,0,5,-3,1,-1,-1,-1,2,2,2,1,4
841,834,834,829,14,14,13,13,7,0,5,0,1,0,1,2,3,1,1,4
496,487,489,492,18,17,18,16,9,-2,-3,1,-1,2,2,1,3,2,1,4
974,972,967,967,17,19,18,18,2,5,0,-2,1,0,-1,3,2,2,2,4
199,192,182,185,14,17,15,16,7,10,-3,-3,2,-1,-2,2,1,1,2,4
302,297,300,300,21,19,20,21,5,-3,0,2,-1,-1,0,2,2,3,1,4
719,714,712,717,13,14,12,13,5,2,-5,-1,2,-1,0,2,2,1,1,4
297,293,290,290,18,19,18,19,4,3,0,-1,1,-1,-1,2,2,1,1,4
970,967,960,958,17,16,15,16,3,7,2,1,1,-1,1,1,2,1,2,4
539,536,527,529,18,17,18,16,3,9,-2,1,-1,2,2,3,2,2,1,4
342,344,346,351,17,19,18,18,-2,-2,-5,-2,1,0,-1,1,2,1,1,4
792,789,787,787,18,19,18,19,3,2,0,-1,1,-1,-1,1,2,1,1,4
846,836,832,834,18,19,18,18,10,4,-2,-1,1,0,0,2,2,2,1,4
550,543,546,548,14,17,15,16,7,-3,-2,-3,2,-1,-2,2,3,2,1,4
810,806,799,806,14,14,15,13,4,7,-7,0,-1,2,1,3,3,2,1,4
468,468,468,471,13,14,12,13,0,0,-3,-1,2,-1,0,1,3,1,2,4
1010,1003,1003,1003,20,19,20,18,7,0,0,1,-1,2,2,2,1,1,1,4
314,309,314,314,21,19,21,19,5,-5,0,2,-2,2,2,3,1,3,1,4
759,757,754,754,17,19,18,18,2,3,0,-2,1,0,-1,1,2,1,1,4
806,806,803,801,18,19,18,19,0,3,2,-1,1,-1,-1,1,1,2,1,4
986,979,974,974,20,19,18,18,7,5,0,1,1,0,2,2,1,1,1,4
1054,1052,1052,1050,17,16,18,16,2,0,2,1,-2,2,1,3,2,2,1,4
607,600,600,600,18,17,18,16,7,0,0,1,-1,2,2,2,1,3,1,4
836,824,820,817,14,14,15,16,12,4,3,0,-1,-1,-2,2,3,1,2,4
900,900,895,897,14,14,15,16,0,5,-2,0,-1,-1,-2,3,3,1,2,4
831,829,829,832,14,17,15,16,2,0,-3,-3,2,-1,-2,2,3,3,2,4
548,546,543,543,14,14,13,13,2,3,0,0,1,0,1,1,2,1,3,4
754,754,754,750,13,14,15,13,0,0,4,-1,-1,2,0,1,1,1,1,4
972,974,970,970,20,19,20,21,-2,4,0,1,-1,-1,-1,2,1,1,1,4
560,557,560,557,21,19,20,21,3,-3,3,2,-1,-1,0,2,1,2,1,4
543,539,541,536,14,17,15,16,4,-2,5,-3,2,-1,-2,3,1,2,2,4
609,607,604,604,18,17,18,19,2,3,0,1,-1,-1,-1,1,2,1,1,4
1017,1017,1012,1007,20,19,18,18,0,5,5,1,1,0,2,1,3,1,1,4
447,443,440,440,13,14,15,13,4,3,0,-1,-1,2,0,2,2,1,3,4
719,717,717,714,20,19,20,18,2,0,3,1,-1,2,2,2,3,1,2,4
260,257,255,248,18,19,18,18,3,2,7,-1,1,0,0,2,1,2,1,4
513,501,499,503,14,14,13,13,12,2,-4,0,1,0,1,2,1,2,2,4
194,194,189,187,14,14,15,13,0,5,2,0,-1,2,1,2,2,2,3,4
440,445,436,436,13,16,15,16,-5,9,0,-3,1,-1,-3,3,3,3,1,4
663,658,656,653,13,14,15,13,5,2,3,-1,-1,2,0,2,2,3,2,4
553,543,534,543,14,17,15,16,10,9,-9,-3,2,-1,-2,1,1,1,1,4
496,487,473,475,14,14,12,13,9,14,-2,0,2,-1,1,1,3,1,2,4
834,824,820,820,14,14,15,13,10,4,0,0,-1,2,1,1,1,1,3,4
928,923,921,921,21,19,21,19,5,2,0,2,-2,2,2,1,3,2,2,4
1012,1012,1012,1012,20,19,20,18,0,0,0,1,-1,2,2,3,1,1,1,4
1059,1050,1040,1043,13,16,15,16,9,10,-3,-3,1,-1,-3,1,1,3,2,4
719,712,712,710,13,14,12,13,7,0,2,-1,2,-1,0,2,3,1,2,4
234,227,224,224,18,19,18,19,7,3,0,-1,1,-1,-1,1,2,3,1,4
325,318,318,316,14,17,15,16,7,0,2,-3,2,-1,-2,2,3,1,2,4
600,593,588,593,18,19,18,19,7,5,-5,-1,1,-1,-1,1,2,2,2,4
686,682,679,679,13,14,12,13,4,3,0,-1,2,-1,0,2,2,1,3,4
914,907,909,911,14,14,13,13,7,-2,-2,0,1,0,1,1,2,3,2,4
993,984,989,989,17,16,15,16,9,-5,0,1,1,-1,1,3,1,1,1,4
937,937,932,932,20,19,20,18,0,5,0,1,-1,2,2,1,1,1,1,4
353,349,346,346,17,16,18,16,4,3,0,1,-2,2,1,2,2,3,1,4
698,696,696,693,13,14,12,13,2,0,3,-1,2,-1,0,1,2,2,1,4
239,224,222,222,14,14,13,13,15,2,0,0,1,0,1,3,3,2,2,4
370,367,360,360,13,14,12,13,3,7,0,-1,2,-1,0,1,2,3,3,4
473,468,459,468,20,19,20,21,5,9,-9,1,-1,-1,-1,1,1,1,3,4
398,393,389,389,13,14,12,13,5,4,0,-1,2,-1,0,1,3,1,1,4
998,998,996,1038,13,14,15,16,0,2,-42,-1,-1,-1,-3,3,1,2,2,4
377,379,379,379,13,16,15,16,-2,0,0,-3,1,-1,-3,2,3,1,1,4
328,316,307,307,14,17,15,16,12,9,0,-3,2,-1,-2,1,2,2,2,4
862,857,857,857,21,19,20,21,5,0,0,2,-1,-1,0,1,3,1,1,4
729,721,721,721,17,16,15,16,8,0,0,1,1,-1,1,2,3,1,1,4
1012,1005,1003,998,13,14,12,13,7,2,5,-1,2,-1,0,1,2,1,1,4
187,187,182,182,18,19,18,19,0,5,0,-1,1,-1,-1,3,1,1,1,4
260,260,257,253,21,19,20,18,0,3,4,2,-1,2,3,2,2,1,1,4
1031,1031,1031,1031,20,19,20,18,0,0,0,1,-1,2,2,1,3,1,3,4
295,283,281,276,14,14,15,13,12,2,5,0,-1,2,1,1,2,3,1,4
932,925,928,928,17,17,18,19,7,-3,0,0,-1,-1,-2,1,2,1,1,4
257,255,248,250,14,14,13,13,2,7,-2,0,1,0,1,1,2,3,2,4
595,595,595,593,14,17,15,16,0,0,2,-3,2,-1,-2,1,1,1,2,4
304,304,300,300,18,17,18,16,0,4,0,1,-1,2,2,1,1,1,1,4
656,651,651,651,13,14,15,13,5,0,0,-1,-1,2,0,1,1,1,1,4
618,609,607,607,21,19,20,21,9,2,0,2,-1,-1,0,3,1,2,2,4
1059,1059,1052,1054,17,16,18,16,0,7,-2,1,-2,2,1,3,1,2,1,4
850,846,846,839,14,17,15,16,4,0,7,-3,2,-1,-2,2,2,2,3,4
935,907,904,909,20,19,18,19,28,3,-5,1,1,-1,1,2,2,1,1,4
229,227,222,220,18,19,18,19,2,5,2,-1,1,-1,-1,1,2,2,1,4
321,316,314,314,21,19,21,21,5,2,0,2,-2,0,0,2,2,1,1,4
874,874,871,871,18,19,18,18,0,3,0,-1,1,0,0,2,2,1,1,4
182,1068,1064,1071,14,14,15,13,-886,4,-7,0,-1,2,1,1,1,1,2,4
513,506,496,501,14,14,15,13,7,10,-5,0,-1,2,1,2,3,3,3,4
424,421,417,419,13,14,12,13,3,4,-2,-1,2,-1,0,2,1,3,2,4
1052,1047,1045,1043,13,16,15,16,5,2,2,-3,1,-1,-3,2,2,1,2,4
210,208,208,206,14,14,13,13,2,0,2,0,1,0,1,1,2,2,1,4
604,602,595,595,14,14,13,13,2,7,0,0,1,0,1,3,2,1,1,4
703,705,700,700,17,19,18,18,-2,5,0,-2,1,0,-1,1,2,2,2,4
450,450,445,445,20,19,18,18,0,5,0,1,1,0,2,3,1,1,1,4
562,560,557,557,14,14,15,13,2,3,0,0,-1,2,1,3,2,1,1,4
768,761,759,759,20,19,20,18,7,2,0,1,-1,2,2,1,2,1,1,4
635,637,632,632,17,16,18,16,-2,5,0,1,-2,2,1,2,1,1,1,4
403,403,393,393,17,16,18,18,0,10,0,1,-2,0,-1,3,3,1,1,4
1040,1036,1036,1028,20,19,20,21,4,0,8,1,-1,-1,-1,1,1,1,2,4
981,979,979,984,13,14,15,13,2,0,-5,-1,-1,2,0,2,1,1,3,4
189,187,187,182,14,14,13,13,2,0,5,0,1,0,1,2,3,3,1,4
524,522,520,515,18,19,18,19,2,2,5,-1,1,-1,-1,1,2,3,1,4
290,290,286,286,18,17,18,19,0,4,0,1,-1,-1,-1,1,1,1,1,4
740,740,740,745,20,19,20,21,0,0,-5,1,-1,-1,-1,3,1,1,1,4
562,557,555,553,18,19,18,18,5,2,2,-1,1,0,0,1,1,2,1,4
674,677,672,672,20,19,18,18,-3,5,0,1,1,0,2,1,2,2,2,4
492,482,482,482,14,14,15,16,10,0,0,0,-1,-1,-2,1,1,1,1,4
1054,1054,1054,1052,17,16,18,18,0,0,2,1,-2,0,-1,1,1,1,2,4
909,900,897,900,21,19,20,19,9,3,-3,2,-1,1,2,3,1,2,1,4
881,878,881,881,18,19,18,19,3,-3,0,-1,1,-1,-1,1,2,1,1,4
297,293,290,290,14,17,15,16,4,3,0,-3,2,-1,-2,2,2,1,1,4
717,714,707,710,13,16,15,16,3,7,-3,-3,1,-1,-3,1,2,1,2,4
703,703,698,700,13,14,15,13,0,5,-2,-1,-1,2,0,1,3,1,2,4
321,318,318,316,18,17,18,19,3,0,2,1,-1,-1,-1,2,1,1,2,4
717,712,712,714,13,14,15,13,5,0,-2,-1,-1,2,0,1,3,3,2,4
1038,1026,1012,1028,13,14,12,13,12,14,-16,-1,2,-1,0,2,3,1,2,4
806,806,815,817,18,17,18,19,0,-9,-2,1,-1,-1,-1,3,1,1,2,4
241,239,236,243,14,14,15,13,2,3,-7,0,-1,2,1,2,1,2,1,4
459,454,459,447,13,14,15,16,5,-5,12,-1,-1,-1,-3,3,1,3,2,4
189,185,182,182,18,19,18,19,4,3,0,-1,1,-1,-1,2,2,1,1,4
759,759,754,757,20,19,20,18,0,5,-3,1,-1,2,2,1,1,1,2,4
963,958,958,958,17,19,18,18,5,0,0,-2,1,0,-1,2,2,2,2,4
932,928,928,925,20,19,21,21,4,0,3,1,-2,0,-1,1,1,1,2,4
853,853,853,855,14,17,15,16,0,0,-2,-3,2,-1,-2,1,3,3,2,4
304,297,300,297,21,19,20,21,7,-3,3,2,-1,-1,0,1,2,1,2,4
916,911,909,904,18,19,18,19,5,2,5,-1,1,-1,-1,2,2,1,1,4
459,461,459,452,13,14,15,13,-2,2,7,-1,-1,2,0,3,2,1,2,4
213,213,215,215,21,19,20,21,0,-2,0,2,-1,-1,0,2,2,1,1,4
236,234,234,236,21,19,20,21,2,0,-2,2,-1,-1,0,2,1,1,2,4
236,232,229,224,18,17,18,16,4,3,5,1,-1,2,2,2,2,1,1,4
374,374,372,374,13,14,15,13,0,2,-2,-1,-1,2,0,1,1,2,1,4
1064,1059,1061,1057,13,14,15,16,5,-2,4,-1,-1,-1,-3,1,1,2,2,4
897,890,895,895,21,19,20,19,7,-5,0,2,-1,1,2,2,1,1,1,4
729,724,719,721,13,14,12,13,5,5,-2,-1,2,-1,0,2,2,2,1,4
257,255,248,248,14,14,15,16,2,7,0,0,-1,-1,-2,1,2,3,1,4
653,653,651,646,13,14,15,16,0,2,5,-1,-1,-1,-3,2,2,1,1,4
356,351,346,344,13,14,15,16,5,5,2,-1,-1,-1,-3,1,3,1,2,4
625,616,614,611,18,17,18,16,9,2,3,1,-1,2,2,2,2,1,2,4
904,900,900,904,14,14,13,13,4,0,-4,0,1,0,1,1,1,1,3,4
1007,1003,1000,1010,13,14,15,13,4,3,-10,-1,-1,2,0,1,3,2,2,4
492,487,487,482,18,19,18,19,5,0,5,-1,1,-1,-1,1,1,3,1,4
600,590,593,590,18,19,18,19,10,-3,3,-1,1,-1,-1,1,3,2,1,4
960,970,970,965,17,19,18,18,-10,0,5,-2,1,0,-1,1,1,1,3,4
616,614,614,614,18,19,18,19,2,0,0,-1,1,-1,-1,2,1,1,1,4
586,576,571,569,14,17,15,16,10,5,2,-3,2,-1,-2,1,3,3,2,4
761,754,747,752,13,14,15,13,7,7,-5,-1,-1,2,0,2,3,2,2,4
492,482,473,478,14,14,12,13,10,9,-5,0,2,-1,1,1,1,1,1,4
684,686,679,679,17,16,18,18,-2,7,0,1,-2,0,-1,3,2,1,1,4
696,698,698,691,13,14,15,13,-2,0,7,-1,-1,2,0,2,3,1,2,4
196,187,189,189,14,14,15,13,9,-2,0,0,-1,2,1,1,1,2,2,4
370,365,358,360,13,14,12,13,5,7,-2,-1,2,-1,0,3,1,2,1,4
335,335,332,332,13,14,13,13,0,3,0,-1,1,0,0,2,2,1,1,4
454,454,454,452,17,16,15,16,0,0,2,1,1,-1,1,1,3,1,2,4
309,300,300,300,18,17,18,19,9,0,0,1,-1,-1,-1,3,1,1,1,4
501,496,489,489,18,17,18,19,5,7,0,1,-1,-1,-1,1,1,2,2,4
374,374,370,367,20,19,20,21,0,4,3,1,-1,-1,-1,1,3,1,2,4
581,578,576,576,18,19,18,18,3,2,0,-1,1,0,0,1,2,1,1,4
262,257,250,253,14,14,15,13,5,7,-3,0,-1,2,1,3,1,2,3,4
609,609,604,609,21,19,20,21,0,5,-5,2,-1,-1,0,3,1,3,1,4
644,637,642,639,20,19,20,18,7,-5,3,1,-1,2,2,2,1,1,2,4
778,773,775,775,20,19,20,18,5,-2,0,1,-1,2,2,1,3,2,2,4
196,192,187,187,14,14,15,13,4,5,0,0,-1,2,1,1,1,1,3,4
759,754,752,754,20,19,20,18,5,2,-2,1,-1,2,2,1,1,2,1,4
1021,1026,1021,1024,13,14,12,13,-5,5,-3,-1,2,-1,0,1,3,1,2,4
393,391,389,384,20,19,20,18,2,2,5,1,-1,2,2,1,2,1,1,4
314,304,304,302,14,17,15,16,10,0,2,-3,2,-1,-2,3,1,1,2,4
374,370,365,367,20,19,20,18,4,5,-2,1,-1,2,2,3,1,1,2,4
956,951,944,946,17,16,18,18,5,7,-2,1,-2,0,-1,3,3,2,1,4
457,443,438,436,17,16,18,16,14,5,2,1,-2,2,1,2,2,2,3,4
328,323,321,318,18,19,18,19,5,2,3,-1,1,-1,-1,1,1,2,3,4
1066,1057,1064,1064,13,14,15,13,9,-7,0,-1,-1,2,0,2,2,1,1,4
897,888,890,890,21,19,20,19,9,-2,0,2,-1,1,2,2,2,1,3,4
314,300,302,307,18,19,18,19,14,-2,-5,-1,1,-1,-1,1,1,2,2,4
410,407,405,400,17,16,18,18,3,2,5,1,-2,0,-1,2,1,2,2,4
625,614,625,637,14,14,13,13,11,-11,-12,0,1,0,1,2,1,2,3,4
799,794,794,796,14,14,15,13,5,0,-2,0,-1,2,1,2,2,2,1,4
1078,1073,1075,1078,13,14,15,13,5,-2,-3,-1,-1,2,0,1,3,2,1,4
269,264,250,262,14,17,15,16,5,14,-12,-3,2,-1,-2,2,2,2,1,4
464,454,450,452,13,14,12,13,10,4,-2,-1,2,-1,0,1,3,1,2,4
949,949,949,949,20,19,20,18,0,0,0,1,-1,2,2,2,2,2,2,4
937,935,928,925,17,16,18,19,2,7,3,1,-2,-1,-2,3,2,1,2,4
229,229,224,224,18,17,18,16,0,5,0,1,-1,2,2,3,1,1,1,4
623,618,618,618,18,19,18,19,5,0,0,-1,1,-1,-1,1,3,1,1,4
752,754,750,752,17,16,15,16,-2,4,-2,1,1,-1,1,2,3,1,2,4
855,846,853,857,18,17,15,16,9,-7,-4,1,2,-1,2,2,2,3,3,4
740,731,724,719,20,19,20,18,9,7,5,1,-1,2,2,1,1,2,2,4
569,560,553,553,14,14,15,13,9,7,0,0,-1,2,1,2,2,1,1,4
450,457,450,454,17,16,15,16,-7,7,-4,1,1,-1,1,1,2,1,3,4
1071,1071,1068,1068,20,19,20,21,0,3,0,1,-1,-1,-1,2,2,1,1,4
1012,1012,1010,1010,17,16,18,16,0,2,0,1,-2,2,1,3,3,2,2,4
1014,1017,1017,1019,17,16,18,16,-3,0,-2,1,-2,2,1,2,1,1,2,4
562,562,560,562,14,14,15,16,0,2,-2,0,-1,-1,-2,1,1,2,1,4
721,717,719,717,13,16,15,16,4,-2,2,-3,1,-1,-3,1,3,2,1,4
358,358,351,351,17,19,18,18,0,7,0,-2,1,0,-1,2,2,1,1,4
646,635,637,635,13,14,12,13,11,-2,2,-1,2,-1,0,1,2,1,2,4
867,860,857,857,21,19,20,21,7,3,0,2,-1,-1,0,1,2,1,1,4
1068,1064,1068,1071,20,19,20,18,4,-4,-3,1,-1,2,2,1,3,1,2,4
691,686,686,689,20,19,20,21,5,0,-3,1,-1,-1,-1,2,2,2,1,4
196,185,182,182,18,17,18,19,11,3,0,1,-1,-1,-1,3,2,1,1,4
972,965,965,965,17,16,15,16,7,0,0,1,1,-1,1,2,1,1,1,4
457,461,464,464,13,14,12,13,-4,-3,0,-1,2,-1,0,2,2,3,1,4
1064,1061,1059,1059,17,16,15,16,3,2,0,1,1,-1,1,1,2,1,1,4
794,787,782,787,14,14,13,13,7,5,-5,0,1,0,1,2,3,1,3,4
548,534,534,534,14,17,15,16,14,0,0,-3,2,-1,-2,1,3,3,3,4
210,206,208,206,14,14,15,13,4,-2,2,0,-1,2,1,3,1,2,1,4
210,208,208,201,18,17,18,19,2,0,7,1,-1,-1,-1,1,2,2,1,4
960,918,916,916,13,14,15,13,42,2,0,-1,-1,2,0,1,3,2,2,4
635,623,621,618,17,17,15,16,12,2,3,0,2,-1,1,2,3,2,1,4
450,445,438,440,13,14,15,13,5,7,-2,-1,-1,2,0,1,3,2,1,4
733,736,733,731,13,16,15,16,-3,3,2,-3,1,-1,-3,2,1,2,1,4
569,555,543,539,14,14,15,16,14,12,4,0,-1,-1,-2,2,2,1,3,4
400,396,396,403,13,16,15,16,4,0,-7,-3,1,-1,-3,2,2,2,1,4
384,386,382,384,20,19,20,18,-2,4,-2,1,-1,2,2,1,2,2,1,4
243,243,241,239,14,14,15,13,0,2,2,0,-1,2,1,3,3,2,1,4
951,946,942,942,13,14,15,13,5,4,0,-1,-1,2,0,1,1,1,3,4
796,796,796,796,21,19,21,21,0,0,0,2,-2,0,0,1,3,1,1,4
1045,1040,1038,1036,13,16,15,16,5,2,2,-3,1,-1,-3,1,3,2,1,4
684,691,684,684,13,14,15,13,-7,7,0,-1,-1,2,0,1,2,1,1,4
731,724,719,721,20,19,20,18,7,5,-2,1,-1,2,2,1,2,2,1,4
473,464,454,452,13,14,15,13,9,10,2,-1,-1,2,0,1,3,1,2,4
841,839,836,841,21,19,20,18,2,3,-5,2,-1,2,3,2,3,2,2,4
337,335,335,337,20,19,20,21,2,0,-2,1,-1,-1,-1,1,2,2,1,4
846,834,824,824,18,17,18,16,12,10,0,1,-1,2,2,2,3,3,1,4
834,829,824,824,21,19,20,21,5,5,0,2,-1,-1,0,1,1,1,1,4
637,632,635,632,20,19,18,18,5,-3,3,1,1,0,2,1,1,2,1,4
400,398,398,398,20,19,20,18,2,0,0,1,-1,2,2,2,3,1,1,4
773,773,771,766,17,16,18,18,0,2,5,1,-2,0,-1,3,3,2,2,4
403,398,403,407,20,19,20,18,5,-5,-4,1,-1,2,2,1,1,3,1,4
222,217,220,220,18,19,18,19,5,-3,0,-1,1,-1,-1,2,2,3,1,4
696,698,693,689,13,14,15,13,-2,5,4,-1,-1,2,0,2,1,1,1,4
965,958,956,951,17,16,18,16,7,2,5,1,-2,2,1,3,2,1,1,4
681,672,656,656,13,16,15,16,9,16,0,-3,1,-1,-3,2,2,1,1,4
429,417,410,421,17,16,15,16,12,7,-11,1,1,-1,1,2,3,2,1,4
946,949,939,944,17,19,18,18,-3,10,-5,-2,1,0,-1,1,2,2,2,4
707,705,714,724,13,14,12,13,2,-9,-10,-1,2,-1,0,3,2,2,2,4
635,632,639,637,17,19,18,18,3,-7,2,-2,1,0,-1,2,1,2,1,4
693,686,679,689,13,14,12,13,7,7,-10,-1,2,-1,0,1,2,3,3,4
672,674,670,670,17,16,15,16,-2,4,0,1,1,-1,1,2,1,1,1,4
1068,1068,1059,1059,13,14,15,13,0,9,0,-1,-1,2,0,3,3,3,1,4
295,288,283,286,14,14,13,13,7,5,-3,0,1,0,1,1,2,2,3,4
1017,1019,1017,1012,20,19,20,21,-2,2,5,1,-1,-1,-1,1,2,1,1,4
295,290,288,290,18,19,18,19,5,2,-2,-1,1,-1,-1,1,3,2,1,4
867,864,864,871,14,14,15,13,3,0,-7,0,-1,2,1,1,2,2,1,4
501,496,492,492,14,14,15,13,5,4,0,0,-1,2,1,1,1,1,1,4
773,768,764,766,20,19,20,21,5,4,-2,1,-1,-1,-1,1,1,1,2,4
600,595,590,595,21,19,20,21,5,5,-5,2,-1,-1,0,1,1,1,1,4
391,386,379,384,13,14,12,13,5,7,-5,-1,2,-1,0,2,2,1,1,4
457,447,445,443,13,14,12,13,10,2,2,-1,2,-1,0,2,2,1,2,4
1031,1031,1031,1026,13,14,12,13,0,0,5,-1,2,-1,0,1,3,1,1,4
271,267,264,262,14,14,13,13,4,3,2,0,1,0,1,1,1,2,1,4
649,649,646,646,20,19,20,18,0,3,0,1,-1,2,2,2,2,1,1,4
839,836,836,839,18,17,18,18,3,0,-3,1,-1,0,0,1,2,2,1,4
986,984,979,979,17,16,18,18,2,5,0,1,-2,0,-1,2,1,1,1,4
820,813,820,815,14,17,15,16,7,-7,5,-3,2,-1,-2,3,2,1,1,4
286,274,274,276,21,19,20,21,12,0,-2,2,-1,-1,0,3,2,2,1,4
881,878,878,878,14,17,15,16,3,0,0,-3,2,-1,-2,3,2,2,2,4
939,932,928,925,17,16,15,16,7,4,3,1,1,-1,1,2,1,1,2,4
267,260,255,253,21,19,23,18,7,5,2,2,-4,5,3,1,2,2,1,4
213,210,210,215,18,17,18,19,3,0,-5,1,-1,-1,-1,2,3,1,1,4
182,1068,1064,1061,14,14,12,13,-886,4,3,0,2,-1,1,1,1,1,2,4
321,316,318,316,18,17,18,16,5,-2,2,1,-1,2,2,2,2,1,2,4
792,787,785,782,18,17,18,19,5,2,3,1,-1,-1,-1,3,1,2,1,4
342,344,342,342,20,19,20,21,-2,2,0,1,-1,-1,-1,3,2,1,3,4
203,208,201,201,21,19,21,19,-5,7,0,2,-2,2,2,2,2,1,3,4
625,628,618,618,21,19,21,19,-3,10,0,2,-2,2,2,2,1,1,1,4
717,710,712,707,13,14,15,13,7,-2,5,-1,-1,2,0,1,2,1,1,4
609,604,604,604,14,14,15,13,5,0,0,0,-1,2,1,1,1,1,1,4
1021,1014,993,1012,13,14,15,16,7,21,-19,-1,-1,-1,-3,3,2,1,1,4
499,496,496,492,14,17,15,16,3,0,4,-3,2,-1,-2,2,1,1,1,4
436,433,436,431,20,19,20,21,3,-3,5,1,-1,-1,-1,1,2,1,1,4
281,276,267,267,18,17,18,16,5,9,0,1,-1,2,2,3,1,1,1,4
871,864,867,869,18,17,15,16,7,-3,-2,1,2,-1,2,1,2,1,2,4
534,529,529,529,14,14,15,16,5,0,0,0,-1,-1,-2,3,1,1,1,4
679,677,674,674,20,19,20,21,2,3,0,1,-1,-1,-1,1,2,1,1,4
801,792,787,782,18,19,18,19,9,5,5,-1,1,-1,-1,1,1,3,1,4
696,693,693,689,13,14,15,13,3,0,4,-1,-1,2,0,2,1,1,1,4
799,794,792,799,21,19,21,21,5,2,-7,2,-2,0,0,2,2,1,2,4
796,796,787,792,21,19,21,21,0,9,-5,2,-2,0,0,1,1,1,1,4
1045,1017,1033,1031,13,14,15,13,28,-16,2,-1,-1,2,0,1,1,2,1,4
567,569,562,562,18,19,18,18,-2,7,0,-1,1,0,0,1,2,1,1,4
445,452,438,440,13,14,12,13,-7,14,-2,-1,2,-1,0,1,2,2,1,4
900,897,890,893,14,14,15,13,3,7,-3,0,-1,2,1,1,2,1,2,4
496,496,496,496,18,19,18,19,0,0,0,-1,1,-1,-1,3,1,3,1,4
867,869,869,867,21,19,20,18,-2,0,2,2,-1,2,3,1,2,2,1,4
548,548,543,546,21,19,20,21,0,5,-3,2,-1,-1,0,1,3,1,2,4
907,895,893,890,14,17,15,16,12,2,3,-3,2,-1,-2,2,1,2,1,4
400,400,396,393,17,19,18,18,0,4,3,-2,1,0,-1,2,2,2,1,4
625,621,618,618,14,14,13,13,4,3,0,0,1,0,1,2,2,1,1,4
724,719,721,719,13,14,15,16,5,-2,2,-1,-1,-1,-3,2,2,1,2,4
332,325,323,328,17,17,15,16,7,2,-5,0,2,-1,1,1,2,1,1,4
531,529,527,527,18,19,18,19,2,2,0,-1,1,-1,-1,2,1,2,2,4
377,377,384,379,13,14,12,13,0,-7,5,-1,2,-1,0,2,2,1,1,4
862,860,853,853,21,19,20,21,2,7,0,2,-1,-1,0,1,2,1,3,4
736,731,728,728,13,14,15,16,5,3,0,-1,-1,-1,-3,1,3,2,2,4
860,850,848,846,21,19,20,18,10,2,2,2,-1,2,3,2,2,1,2,4
960,956,956,956,17,16,18,18,4,0,0,1,-2,0,-1,1,1,1,1,4
1036,1031,1028,1019,17,16,15,16,5,3,9,1,1,-1,1,3,1,2,2,4
503,501,501,501,18,19,18,19,2,0,0,-1,1,-1,-1,2,1,1,3,4
1073,1066,1057,1059,13,14,12,13,7,9,-2,-1,2,-1,0,1,2,2,1,4
1066,1064,1064,1064,17,16,15,16,2,0,0,1,1,-1,1,2,1,1,1,4
424,426,421,421,13,14,12,13,-2,5,0,-1,2,-1,0,2,1,1,1,4
785,768,764,764,14,16,15,16,17,4,0,-2,1,-1,-2,2,3,1,1,4
921,923,916,921,14,14,13,13,-2,7,-5,0,1,0,1,2,3,2,2,4
611,609,597,593,14,17,15,16,2,12,4,-3,2,-1,-2,2,1,2,2,4
217,213,208,213,21,19,20,19,4,5,-5,2,-1,1,2,2,2,2,2,4
890,886,890,890,18,19,18,19,4,-4,0,-1,1,-1,-1,1,1,3,1,4
998,998,991,993,20,19,20,21,0,7,-2,1,-1,-1,-1,3,3,2,1,4
365,365,365,363,17,16,18,16,0,0,2,1,-2,2,1,1,3,1,2,4
201,199,199,201,14,17,15,16,2,0,-2,-3,2,-1,-2,1,2,2,1,4
243,234,234,234,21,19,20,18,9,0,0,2,-1,2,3,1,1,1,1,4
637,625,628,632,17,17,18,18,12,-3,-4,0,-1,0,-1,3,2,1,1,4
224,222,217,220,14,14,15,13,2,5,-3,0,-1,2,1,1,2,2,1,4
496,496,496,492,21,19,21,21,0,0,4,2,-2,0,0,1,1,3,1,4
989,986,982,982,20,19,18,18,3,4,0,1,1,0,2,1,2,2,2,4
879,874,874,871,14,17,15,16,5,0,3,-3,2,-1,-2,2,2,2,1,4
316,309,302,304,14,14,13,13,7,7,-2,0,1,0,1,2,3,2,1,4
450,450,447,450,20,19,20,18,0,3,-3,1,-1,2,2,1,3,2,3,4
867,867,862,862,21,19,20,21,0,5,0,2,-1,-1,0,1,3,1,1,4
689,693,689,686,17,19,18,18,-4,4,3,-2,1,0,-1,1,1,1,2,4
921,914,914,914,14,14,13,13,7,0,0,0,1,0,1,2,1,1,1,4
323,318,314,314,14,14,15,13,5,4,0,0,-1,2,1,1,3,1,1,4
796,794,787,792,14,17,15,16,2,7,-5,-3,2,-1,-2,1,2,3,1,4
555,553,548,548,18,19,20,18,2,5,0,-1,-1,2,0,2,1,1,3,4
677,674,693,674,17,16,18,18,3,-19,19,1,-2,0,-1,2,1,1,1,4
977,974,974,974,20,19,18,18,3,0,0,1,1,0,2,2,3,1,1,4
576,576,569,571,14,14,15,13,0,7,-2,0,-1,2,1,1,1,2,3,4
1031,1021,1026,1028,20,19,20,18,10,-5,-2,1,-1,2,2,1,3,1,2,4
457,457,452,454,17,16,18,18,0,5,-2,1,-2,0,-1,2,2,2,1,4
984,974,963,965,17,16,15,16,10,11,-2,1,1,-1,1,3,1,2,1,4
459,454,450,447,17,16,15,16,5,4,3,1,1,-1,1,3,1,1,2,4
213,201,194,196,14,14,13,13,12,7,-2,0,1,0,1,2,3,2,1,4
921,914,909,907,18,19,18,19,7,5,2,-1,1,-1,-1,2,1,1,2,4
881,869,874,876,21,19,20,21,12,-5,-2,2,-1,-1,0,1,2,2,1,4
857,860,853,853,21,19,20,21,-3,7,0,2,-1,-1,0,1,2,1,1,4
534,524,510,527,14,14,13,13,10,14,-17,0,1,0,1,3,3,1,2,4
989,984,984,989,17,16,18,18,5,0,-5,1,-2,0,-1,1,3,1,3,4
729,724,721,724,13,16,15,16,5,3,-3,-3,1,-1,-3,2,2,3,2,4
625,623,623,625,21,19,21,21,2,0,-2,2,-2,0,0,2,1,1,2,4
670,674,667,667,17,16,18,16,-4,7,0,1,-2,2,1,3,3,2,2,4
426,421,419,421,20,19,20,18,5,2,-2,1,-1,2,2,3,3,2,1,4
656,656,651,649,13,14,15,13,0,5,2,-1,-1,2,0,3,1,1,2,4
531,524,524,527,14,14,13,13,7,0,-3,0,1,0,1,2,1,1,2,4
234,229,229,224,21,19,20,19,5,0,5,2,-1,1,2,3,1,1,1,4
616,614,611,611,14,17,15,16,2,3,0,-3,2,-1,-2,2,1,2,2,4
846,820,820,810,14,17,15,16,26,0,10,-3,2,-1,-2,2,3,1,1,4
918,916,911,916,21,19,21,21,2,5,-5,2,-2,0,0,1,2,2,2,4
614,609,604,604,14,17,15,16,5,5,0,-3,2,-1,-2,3,1,1,1,4
738,733,731,731,17,16,18,18,5,2,0,1,-2,0,-1,2,2,1,3,4
534,527,524,522,18,17,18,19,7,3,2,1,-1,-1,-1,1,2,1,2,4
276,271,267,271,18,17,18,16,5,4,-4,1,-1,2,2,3,3,3,1,4
787,787,771,778,21,19,20,21,0,16,-7,2,-1,-1,0,3,1,2,1,4
539,539,536,534,18,19,18,18,0,3,2,-1,1,0,0,3,1,2,1,4
405,398,396,393,13,14,15,13,7,2,3,-1,-1,2,0,2,3,2,3,4
1005,998,991,991,13,14,12,13,7,7,0,-1,2,-1,0,2,1,2,2,4
1019,1021,1019,1017,20,19,20,18,-2,2,2,1,-1,2,2,2,1,2,1,4
185,182,189,182,14,17,15,16,3,-7,7,-3,2,-1,-2,2,1,2,1,4
1024,1024,1026,1024,17,16,18,18,0,-2,2,1,-2,0,-1,2,2,1,2,4
843,839,832,832,18,17,18,16,4,7,0,1,-1,2,2,1,1,2,2,4
871,871,867,869,14,14,13,13,0,4,-2,0,1,0,1,3,1,1,2,4
241,236,236,234,14,14,13,13,5,0,2,0,1,0,1,2,2,2,3,4
900,900,890,893,21,19,20,21,0,10,-3,2,-1,-1,0,1,1,1,2,4
543,536,527,529,14,14,13,13,7,9,-2,0,1,0,1,3,2,2,1,4
759,757,754,759,20,19,20,18,2,3,-5,1,-1,2,2,1,2,1,1,4
189,192,192,192,18,19,18,19,-3,0,0,-1,1,-1,-1,2,1,1,3,4
829,829,822,822,21,19,20,21,0,7,0,2,-1,-1,0,1,1,2,2,4
487,485,482,482,14,14,13,13,2,3,0,0,1,0,1,3,2,1,1,4
1068,1064,1057,1064,13,14,15,13,4,7,-7,-1,-1,2,0,3,3,2,1,4
932,928,923,918,20,19,21,19,4,5,5,1,-2,2,1,1,1,1,1,4
468,468,466,468,17,16,18,16,0,2,-2,1,-2,2,1,3,3,2,1,4
452,443,438,440,13,14,12,13,9,5,-2,-1,2,-1,0,2,2,2,3,4
316,316,309,309,21,19,21,19,0,7,0,2,-2,2,2,2,2,3,1,4
314,304,300,297,14,17,15,16,10,4,3,-3,2,-1,-2,3,1,1,2,4
909,902,900,902,18,19,18,19,7,2,-2,-1,1,-1,-1,1,2,1,2,4
614,616,611,614,18,19,18,19,-2,5,-3,-1,1,-1,-1,3,2,2,1,4
651,649,651,649,20,19,18,18,2,-2,2,1,1,0,2,1,2,1,2,4
360,356,356,356,13,14,15,13,4,0,0,-1,-1,2,0,3,3,1,1,4
264,257,253,253,18,17,18,18,7,4,0,1,-1,0,0,2,1,1,3,4
923,921,923,921,21,19,21,21,2,-2,2,2,-2,0,0,3,2,3,2,4
295,297,286,283,14,14,13,13,-2,11,3,0,1,0,1,3,2,1,2,4
745,745,738,743,17,16,15,16,0,7,-5,1,1,-1,1,1,1,2,2,4
1026,1026,1021,1021,17,16,15,16,0,5,0,1,1,-1,1,3,1,1,1,4
989,989,989,1003,13,14,12,13,0,0,-14,-1,2,-1,0,3,1,1,1,4
881,876,874,876,14,17,15,16,5,2,-2,-3,2,-1,-2,1,1,2,1,4
1007,998,1003,1003,17,16,15,16,9,-5,0,1,1,-1,1,1,3,1,1,4
192,187,194,187,18,17,18,16,5,-7,7,1,-1,2,2,3,1,2,3,4
386,372,379,377,13,14,15,13,14,-7,2,-1,-1,2,0,2,2,1,2,4
707,705,698,703,13,19,15,16,2,7,-5,-6,4,-1,-3,1,2,3,3,4
419,412,412,412,13,14,12,13,7,0,0,-1,2,-1,0,2,1,3,1,4
524,517,520,515,14,14,15,13,7,-3,5,0,-1,2,1,1,2,1,3,4
970,970,967,972,20,19,20,21,0,3,-5,1,-1,-1,-1,1,3,2,2,4
1003,996,989,989,17,19,18,18,7,7,0,-2,1,0,-1,3,2,1,1,4
215,210,203,203,14,17,15,16,5,7,0,-3,2,-1,-2,1,1,2,2,4
471,464,468,468,20,19,20,21,7,-4,0,1,-1,-1,-1,2,1,1,1,4
806,803,801,799,14,17,15,16,3,2,2,-3,2,-1,-2,1,2,1,2,4
224,222,217,217,14,14,15,13,2,5,0,0,-1,2,1,1,2,2,2,4
318,314,309,309,18,17,18,19,4,5,0,1,-1,-1,-1,1,3,1,1,4
1031,1031,1026,1019,17,16,15,16,0,5,7,1,1,-1,1,3,3,1,2,4
224,222,222,224,18,17,18,16,2,0,-2,1,-1,2,2,1,2,2,1,4
464,461,459,452,20,19,18,18,3,2,7,1,1,0,2,1,2,1,2,4
215,215,210,210,18,19,18,19,0,5,0,-1,1,-1,-1,1,1,1,1,4
286,281,278,276,14,14,15,13,5,3,2,0,-1,2,1,3,1,2,3,4
855,848,848,848,18,17,18,16,7,0,0,1,-1,2,2,2,1,1,1,4
393,393,393,405,20,19,18,21,0,0,-12,1,1,-3,-1,1,1,3,2,4
189,1075,1064,1068,14,14,15,13,-886,11,-4,0,-1,2,1,2,2,1,1,4
534,532,524,522,21,19,20,21,2,8,2,2,-1,-1,0,3,2,1,2,4
206,210,201,201,14,17,15,16,-4,9,0,-3,2,-1,-2,3,1,1,1,4
290,283,278,281,14,14,15,13,7,5,-3,0,-1,2,1,1,2,2,1,4
253,255,250,253,14,19,15,16,-2,5,-3,-5,4,-1,-2,3,2,2,1,4
923,921,860,923,18,17,18,19,2,61,-63,1,-1,-1,-1,1,2,2,1,4
965,970,967,967,13,14,12,13,-5,3,0,-1,2,-1,0,3,1,2,2,4
274,267,267,264,14,14,15,13,7,0,3,0,-1,2,1,2,3,1,2,4
581,567,562,569,14,17,15,16,14,5,-7,-3,2,-1,-2,1,1,3,2,4
522,517,515,517,18,17,18,19,5,2,-2,1,-1,-1,-1,2,2,3,2,4
454,450,438,443,13,14,12,13,4,12,-5,-1,2,-1,0,3,3,2,2,4
614,616,614,614,18,17,18,19,-2,2,0,1,-1,-1,-1,1,2,3,1,4
393,386,384,384,13,14,15,16,7,2,0,-1,-1,-1,-3,1,2,3,1,4
220,210,213,210,14,14,13,13,10,-3,3,0,1,0,1,1,1,2,1,4
337,335,337,332,13,14,15,13,2,-2,5,-1,-1,2,0,3,2,1,1,4
564,557,562,562,18,17,18,18,7,-5,0,1,-1,0,0,2,1,1,1,4
494,492,485,482,18,19,18,19,2,7,3,-1,1,-1,-1,2,3,2,1,4
773,766,761,764,20,19,18,18,7,5,-3,1,1,0,2,1,2,2,1,4
771,764,768,764,20,19,20,18,7,-4,4,1,-1,2,2,2,1,1,1,4
967,963,960,967,13,14,12,13,4,3,-7,-1,2,-1,0,2,2,3,2,4
712,707,707,707,17,16,18,18,5,0,0,1,-2,0,-1,3,1,1,1,4
520,515,510,513,14,14,13,13,5,5,-3,0,1,0,1,1,1,3,2,4
900,895,890,890,14,14,13,13,5,5,0,0,1,0,1,1,3,1,1,4
607,602,600,600,21,19,20,21,5,2,0,2,-1,-1,0,2,2,1,1,4
257,253,250,248,18,17,18,16,4,3,2,1,-1,2,2,3,1,2,1,4
506,503,494,501,14,14,15,13,3,9,-7,0,-1,2,1,1,2,2,1,4
681,684,679,679,17,19,18,18,-3,5,0,-2,1,0,-1,2,3,3,1,4
295,290,283,286,14,17,15,16,5,7,-3,-3,2,-1,-2,1,3,2,1,4
311,297,293,295,14,14,15,13,14,4,-2,0,-1,2,1,2,2,2,1,4
843,829,829,829,14,14,15,13,14,0,0,0,-1,2,1,3,1,1,3,4
370,377,370,374,17,16,18,16,-7,7,-4,1,-2,2,1,1,2,1,1,4
328,314,314,314,14,14,13,13,14,0,0,0,1,0,1,1,3,1,1,4
895,881,888,895,18,19,18,19,14,-7,-7,-1,1,-1,-1,1,3,2,1,4
745,743,731,738,13,14,15,13,2,12,-7,-1,-1,2,0,1,2,1,2,4
213,208,210,199,14,14,15,13,5,-2,11,0,-1,2,1,2,2,1,2,4
344,339,332,332,13,14,15,13,5,7,0,-1,-1,2,0,2,2,1,1,4
581,578,578,581,18,17,18,16,3,0,-3,1,-1,2,2,1,2,2,1,4
689,689,686,689,17,16,18,18,0,3,-3,1,-2,0,-1,1,1,2,1,4
1017,1014,1019,1017,17,16,18,18,3,-5,2,1,-2,0,-1,3,2,2,1,4
482,478,473,471,14,14,12,13,4,5,2,0,2,-1,1,1,1,1,2,4
965,963,965,963,20,19,20,18,2,-2,2,1,-1,2,2,1,2,1,2,4
494,489,489,492,18,17,18,19,5,0,-3,1,-1,-1,-1,2,2,2,1,4
588,578,574,576,18,17,18,16,10,4,-2,1,-1,2,2,2,2,2,3,4
644,635,628,628,13,14,15,16,9,7,0,-1,-1,-1,-3,2,2,1,1,4
182,182,1078,1078,18,17,18,18,0,-896,0,1,-1,0,0,1,1,1,1,4
351,353,351,353,17,16,15,16,-2,2,-2,1,1,-1,1,1,2,1,2,4
276,269,264,267,18,17,18,18,7,5,-3,1,-1,0,0,1,2,2,1,4
660,658,656,660,20,19,20,21,2,2,-4,1,-1,-1,-1,1,2,1,1,4
290,192,196,196,21,19,21,21,98,-4,0,2,-2,0,0,3,1,1,1,4
398,393,417,433,20,19,20,21,5,-24,-16,1,-1,-1,-1,1,1,1,2,4
874,864,862,857,18,17,18,18,10,2,5,1,-1,0,0,2,2,3,1,4
974,974,967,967,13,14,15,13,0,7,0,-1,-1,2,0,1,3,2,2,4
443,440,431,436,17,16,15,16,3,9,-5,1,1,-1,1,2,1,3,1,4
576,569,560,567,18,17,18,18,7,9,-7,1,-1,0,0,1,2,2,3,4
1031,1026,1019,1026,13,14,15,13,5,7,-7,-1,-1,2,0,1,3,2,1,4
773,771,771,775,20,19,20,18,2,0,-4,1,-1,2,2,1,2,2,2,4
663,653,653,649,13,14,15,13,10,0,4,-1,-1,2,0,2,2,2,2,4
806,799,799,796,14,17,15,16,7,0,3,-3,2,-1,-2,3,2,2,1,4
248,241,236,236,18,19,18,18,7,5,0,-1,1,0,0,1,2,2,2,4
782,778,771,771,14,16,15,16,4,7,0,-2,1,-1,-2,1,1,2,2,4
689,686,682,679,20,19,20,21,3,4,3,1,-1,-1,-1,1,2,2,1,4
581,574,574,571,14,14,15,13,7,0,3,0,-1,2,1,3,2,2,1,4
923,918,921,921,14,14,13,13,5,-3,0,0,1,0,1,3,3,2,2,4
890,881,881,886,14,14,15,13,9,0,-5,0,-1,2,1,1,3,1,1,4
1012,1010,1007,1010,13,14,12,13,2,3,-3,-1,2,-1,0,3,2,1,2,4
241,234,234,234,18,19,18,18,7,0,0,-1,1,0,0,2,1,3,1,4
637,632,632,632,20,19,20,18,5,0,0,1,-1,2,2,1,1,1,1,4
944,951,946,946,17,16,18,16,-7,5,0,1,-2,2,1,2,3,1,1,4
965,967,960,963,17,16,18,18,-2,7,-3,1,-2,0,-1,3,2,1,2,4
517,515,510,510,18,17,18,19,2,5,0,1,-1,-1,-1,2,3,3,1,4
426,431,421,417,17,16,15,16,-5,10,4,1,1,-1,1,1,1,3,3,4
698,698,698,693,13,16,15,16,0,0,5,-3,1,-1,-3,1,1,1,1,4
445,438,438,436,13,16,15,16,7,0,2,-3,1,-1,-3,3,2,2,1,4
433,431,431,433,20,19,18,18,2,0,-2,1,1,0,2,2,3,1,2,4
979,979,979,974,20,19,20,21,0,0,5,1,-1,-1,-1,3,1,1,3,4
295,295,293,295,14,17,15,16,0,2,-2,-3,2,-1,-2,3,1,2,3,4
539,534,532,534,21,19,20,18,5,2,-2,2,-1,2,3,1,1,2,1,4
736,731,736,731,13,14,15,13,5,-5,5,-1,-1,2,0,1,1,3,1,4
642,639,639,637,20,19,18,18,3,0,2,1,1,0,2,3,2,2,3,4
876,876,869,869,18,19,18,18,0,7,0,-1,1,0,0,1,1,2,2,4
967,960,946,958,13,14,15,16,7,14,-12,-1,-1,-1,-3,2,3,1,2,4
267,257,253,253,14,14,13,13,10,4,0,0,1,0,1,1,1,1,1,4
768,766,764,764,17,16,15,16,2,2,0,1,1,-1,1,1,2,1,1,4
949,944,944,944,20,19,20,18,5,0,0,1,-1,2,2,2,2,2,2,4
281,274,271,264,14,14,15,16,7,3,7,0,-1,-1,-2,3,2,3,2,4
436,431,428,431,20,19,18,18,5,3,-3,1,1,0,2,1,1,2,3,4
979,979,958,974,13,16,15,16,0,21,-16,-3,1,-1,-3,3,1,2,1,4
217,210,206,206,21,19,18,19,7,4,0,2,1,-1,2,2,1,1,1,4
637,637,635,632,13,14,15,16,0,2,3,-1,-1,-1,-3,1,3,2,1,4
1010,1007,1003,1007,17,16,18,18,3,4,-4,1,-2,0,-1,2,1,1,1,4
307,304,304,307,18,19,18,19,3,0,-3,-1,1,-1,-1,2,1,1,2,4
267,264,262,262,21,19,20,21,3,2,0,2,-1,-1,0,3,2,1,1,4
696,691,691,693,20,19,20,18,5,0,-2,1,-1,2,2,2,2,2,1,4
857,846,843,843,14,17,15,16,11,3,0,-3,2,-1,-2,1,2,1,1,4
799,792,789,787,18,19,18,19,7,3,2,-1,1,-1,-1,2,1,2,1,4
346,342,342,342,20,19,20,18,4,0,0,1,-1,2,2,3,1,1,1,4
182,1075,1078,1078,14,16,15,16,-893,-3,0,-2,1,-1,-2,1,2,1,1,4
635,637,637,637,13,14,15,13,-2,0,0,-1,-1,2,0,2,1,1,1,4
344,344,342,344,17,16,18,18,0,2,-2,1,-2,0,-1,2,2,3,2,4
279,271,274,274,14,14,13,13,8,-3,0,0,1,0,1,2,3,2,2,4
220,213,203,206,18,17,18,16,7,10,-3,1,-1,2,2,3,2,2,1,4
900,893,890,888,14,14,13,13,7,3,2,0,1,0,1,3,2,1,2,4
979,979,979,977,17,16,18,18,0,0,2,1,-2,0,-1,3,1,1,2,4
583,571,567,567,14,14,15,13,12,4,0,0,-1,2,1,2,3,1,1,4
1059,1059,1057,1057,13,14,12,13,0,2,0,-1,2,-1,0,1,1,2,2,4
937,932,935,932,13,14,15,16,5,-3,3,-1,-1,-1,-3,1,1,2,1,4
1043,1033,1024,1031,17,16,18,18,10,9,-7,1,-2,0,-1,2,2,2,1,4
360,358,353,353,17,16,15,16,2,5,0,1,1,-1,1,3,2,2,2,4
381,379,377,377,13,16,15,16,2,2,0,-3,1,-1,-3,2,1,2,2,4
536,527,527,529,14,14,13,13,9,0,-2,0,1,0,1,2,2,2,3,4
438,438,436,436,13,16,15,16,0,2,0,-3,1,-1,-3,2,2,1,1,4
981,972,970,970,17,16,18,16,9,2,0,1,-2,2,1,2,2,1,1,4
534,539,529,527,14,14,15,13,-5,10,2,0,-1,2,1,1,1,3,2,4
869,860,850,850,14,14,15,16,9,10,0,0,-1,-1,-2,2,2,2,2,4
989,989,982,977,13,14,12,13,0,7,5,-1,2,-1,0,3,3,2,2,4
977,974,970,965,17,16,18,18,3,4,5,1,-2,0,-1,2,1,1,1,4
454,450,450,452,20,19,18,18,4,0,-2,1,1,0,2,3,1,3,2,4
1052,1050,1045,1040,17,16,18,18,2,5,5,1,-2,0,-1,2,1,1,1,4
513,510,506,510,14,14,15,13,3,4,-4,0,-1,2,1,2,1,3,1,4
267,260,267,271,21,19,20,21,7,-7,-4,2,-1,-1,0,1,2,1,1,4
991,989,984,984,13,14,12,13,2,5,0,-1,2,-1,0,2,1,1,1,4
1054,1043,1033,1038,13,14,15,13,11,10,-5,-1,-1,2,0,1,2,2,2,4
548,546,553,550,18,17,18,16,2,-7,3,1,-1,2,2,1,2,1,2,4
391,384,382,379,13,14,15,13,7,2,3,-1,-1,2,0,2,3,2,3,4
618,618,609,609,18,17,18,19,0,9,0,1,-1,-1,-1,3,1,1,1,4
642,637,637,637,13,14,12,13,5,0,0,-1,2,-1,0,3,3,1,1,4
893,881,881,876,14,14,15,13,12,0,5,0,-1,2,1,2,1,1,1,4
281,276,276,276,21,19,20,21,5,0,0,2,-1,-1,0,1,3,3,1,4
696,696,693,696,13,14,15,13,0,3,-3,-1,-1,2,0,2,2,3,2,4
890,886,900,886,21,19,18,19,4,-14,14,2,1,-1,2,1,1,1,1,4
1059,1052,1059,1057,13,14,12,13,7,-7,2,-1,2,-1,0,1,2,1,2,4
736,731,733,731,20,19,18,18,5,-2,2,1,1,0,2,3,1,2,3,4
339,335,335,337,13,14,13,13,4,0,-2,-1,1,0,0,2,2,2,1,4
635,632,623,632,13,14,15,13,3,9,-9,-1,-1,2,0,2,1,1,1,4
628,623,621,618,14,17,15,16,5,2,3,-3,2,-1,-2,1,1,2,1,4
754,752,752,750,13,14,12,13,2,0,2,-1,2,-1,0,1,2,2,1,4
1040,1038,1036,1038,13,14,15,13,2,2,-2,-1,-1,2,0,3,2,1,2,4
557,555,550,553,14,14,13,13,2,5,-3,0,1,0,1,1,2,2,3,4
937,937,935,932,17,16,18,16,0,2,3,1,-2,2,1,1,1,2,1,4
925,911,911,914,18,17,18,19,14,0,-3,1,-1,-1,-1,2,2,2,1,4
473,464,461,461,13,14,15,16,9,3,0,-1,-1,-1,-3,1,1,2,2,4
782,775,771,773,21,19,20,21,7,4,-2,2,-1,-1,0,1,2,2,1,4
752,750,745,750,17,16,18,18,2,5,-5,1,-2,0,-1,2,3,1,1,4
367,360,360,358,17,16,15,16,7,0,2,1,1,-1,1,2,1,1,2,4
231,232,220,220,14,17,15,16,-1,12,0,-3,2,-1,-2,2,2,3,1,4
360,356,353,356,20,19,20,18,4,3,-3,1,-1,2,2,3,3,2,1,4
300,290,283,276,14,14,13,13,10,7,7,0,1,0,1,3,3,2,3,4
909,900,890,890,18,17,18,19,9,10,0,1,-1,-1,-1,1,1,1,1,4
916,911,914,914,14,14,15,16,5,-3,0,0,-1,-1,-2,2,2,1,3,4
243,232,227,232,14,14,15,13,11,5,-5,0,-1,2,1,3,2,2,2,4
304,300,293,300,14,14,15,16,4,7,-7,0,-1,-1,-2,1,3,2,1,4
815,808,810,815,18,19,18,19,7,-2,-5,-1,1,-1,-1,1,2,1,1,4
576,564,557,562,14,14,13,13,12,7,-5,0,1,0,1,3,2,1,1,4
189,1078,1073,1071,14,14,12,13,-889,5,2,0,2,-1,1,2,1,1,2,4
956,956,951,949,17,16,18,16,0,5,2,1,-2,2,1,1,1,1,2,4
527,522,522,520,14,14,15,13,5,0,2,0,-1,2,1,2,2,2,3,4
550,541,536,539,18,19,18,18,9,5,-3,-1,1,0,0,2,2,2,1,4
360,356,351,353,13,14,15,13,4,5,-2,-1,-1,2,0,1,3,1,2,4
831,829,820,824,14,14,13,13,2,9,-4,0,1,0,1,2,1,3,1,4
267,264,253,260,14,14,15,13,3,11,-7,0,-1,2,1,1,2,3,2,4
569,569,564,567,18,17,18,18,0,5,-3,1,-1,0,0,2,2,2,1,4
499,494,487,492,14,17,15,16,5,7,-5,-3,2,-1,-2,2,2,3,1,4
646,649,646,639,20,19,18,18,-3,3,7,1,1,0,2,3,2,1,2,4
989,984,979,986,13,14,15,13,5,5,-7,-1,-1,2,0,3,3,3,2,4
429,426,421,419,13,14,15,13,3,5,2,-1,-1,2,0,2,1,1,2,4
604,597,590,595,14,14,15,13,7,7,-5,0,-1,2,1,3,2,3,1,4
665,660,665,660,20,19,18,18,5,-5,5,1,1,0,2,1,1,3,1,4
736,731,726,726,17,16,15,16,5,5,0,1,1,-1,1,1,1,1,1,4
1054,1054,1057,1054,13,14,12,13,0,-3,3,-1,2,-1,0,1,3,2,1,4
946,944,942,942,20,19,20,18,2,2,0,1,-1,2,2,1,2,1,1,4
344,342,335,337,13,14,13,13,2,7,-2,-1,1,0,0,2,1,2,1,4
229,224,224,227,14,14,15,13,5,0,-3,0,-1,2,1,1,3,1,2,4
524,515,508,510,14,14,15,13,9,7,-2,0,-1,2,1,3,3,2,3,4
210,189,194,194,18,19,18,19,21,-5,0,-1,1,-1,-1,3,2,2,2,4
283,276,271,281,18,19,18,19,7,5,-10,-1,1,-1,-1,2,1,1,1,4
754,754,754,754,20,19,20,21,0,0,0,1,-1,-1,-1,1,1,1,1,4
234,220,215,215,14,14,13,13,14,5,0,0,1,0,1,1,3,3,1,4
210,203,199,196,14,14,15,16,7,4,3,0,-1,-1,-2,3,2,2,3,4
567,560,560,562,21,19,20,21,7,0,-2,2,-1,-1,0,1,2,2,1,4
370,367,360,365,20,19,20,18,3,7,-5,1,-1,2,2,3,2,1,1,4
243,236,229,229,14,14,13,13,7,7,0,0,1,0,1,3,2,1,1,4
227,220,220,217,14,14,15,13,7,0,3,0,-1,2,1,2,3,3,2,4
295,286,290,286,14,17,15,16,9,-4,4,-3,2,-1,-2,1,1,1,1,4
792,792,785,785,18,17,18,19,0,7,0,1,-1,-1,-1,3,3,2,2,4
618,614,614,614,18,17,18,19,4,0,0,1,-1,-1,-1,1,1,1,3,4
888,878,869,867,14,17,15,16,10,9,2,-3,2,-1,-2,2,2,2,1,4
365,363,365,363,17,16,18,16,2,-2,2,1,-2,2,1,3,2,1,2,4
1000,1000,998,998,20,19,20,21,0,2,0,1,-1,-1,-1,2,2,3,3,4
1031,1021,1014,1017,20,19,20,21,10,7,-3,1,-1,-1,-1,1,1,2,1,4
440,436,428,433,17,16,18,18,4,8,-5,1,-2,0,-1,1,3,2,2,4
656,646,651,651,17,16,18,16,10,-5,0,1,-2,2,1,1,1,1,1,4
571,569,564,564,18,19,18,18,2,5,0,-1,1,0,0,1,2,2,2,4
429,428,421,424,17,16,18,18,1,7,-3,1,-2,0,-1,2,2,1,2,4
764,764,759,761,20,19,18,18,0,5,-2,1,1,0,2,1,3,1,2,4
529,520,520,522,14,17,15,16,9,0,-2,-3,2,-1,-2,3,3,3,2,4
297,295,297,295,14,14,15,13,2,-2,2,0,-1,2,1,2,3,2,1,4
367,360,358,360,13,14,15,13,7,2,-2,-1,-1,2,0,2,3,2,3,4
609,604,602,602,14,17,15,16,5,2,0,-3,2,-1,-2,1,1,2,2,4
787,785,782,782,18,19,18,19,2,3,0,-1,1,-1,-1,1,2,1,1,4
689,686,684,684,13,14,15,13,3,2,0,-1,-1,2,0,1,2,3,1,4
824,824,822,824,14,14,15,13,0,2,-2,0,-1,2,1,1,3,2,1,4
635,628,628,625,20,19,21,21,7,0,3,1,-2,0,-1,2,1,1,2,4
1064,1064,1059,1071,20,19,18,18,0,5,-12,1,1,0,2,1,1,1,2,4
494,489,485,489,14,14,15,13,5,4,-4,0,-1,2,1,2,2,2,2,4
639,625,628,625,13,14,13,13,14,-3,3,-1,1,0,0,2,2,1,2,4
639,635,639,637,17,16,15,16,4,-4,2,1,1,-1,1,2,2,2,1,4
482,478,473,473,21,19,20,18,4,5,0,2,-1,2,3,1,1,1,3,4
897,893,890,890,21,19,20,21,4,3,0,2,-1,-1,0,2,2,1,1,4
721,717,717,719,13,14,15,13,4,0,-2,-1,-1,2,0,1,3,3,2,4
925,928,918,923,18,19,18,19,-3,10,-5,-1,1,-1,-1,2,1,1,1,4
546,543,539,539,14,14,13,13,3,4,0,0,1,0,1,2,3,1,1,4
1033,1024,1017,1017,13,14,15,13,9,7,0,-1,-1,2,0,2,2,3,1,4
614,604,604,595,18,17,15,16,10,0,9,1,2,-1,2,1,1,1,1,4
1036,1036,1033,1033,20,19,20,21,0,3,0,1,-1,-1,-1,1,1,2,2,4
834,829,827,824,18,19,20,19,5,2,3,-1,-1,1,-1,3,1,2,1,4
993,1000,991,989,13,14,12,13,-7,9,2,-1,2,-1,0,3,2,2,1,4
311,304,302,302,14,17,15,16,7,2,0,-3,2,-1,-2,2,1,2,2,4
349,349,346,346,13,14,12,13,0,3,0,-1,2,-1,0,2,2,1,1,4
346,342,337,339,17,19,18,18,4,5,-2,-2,1,0,-1,1,1,1,2,4
510,510,506,508,18,19,18,19,0,4,-2,-1,1,-1,-1,1,3,1,2,4
579,576,574,571,14,17,15,16,3,2,3,-3,2,-1,-2,2,3,2,1,4
492,487,478,478,14,14,15,16,5,9,0,0,-1,-1,-2,1,1,1,1,4
731,726,724,724,13,14,15,13,5,2,0,-1,-1,2,0,1,1,2,2,4
293,281,278,276,14,14,13,13,12,3,2,0,1,0,1,2,3,2,1,4
271,262,260,264,14,17,15,16,9,2,-4,-3,2,-1,-2,1,1,2,2,4
1068,1064,1064,1061,13,14,12,13,4,0,3,-1,2,-1,0,1,3,1,2,4
199,194,192,187,21,19,21,19,5,2,5,2,-2,2,2,2,2,1,1,4
752,747,745,743,13,14,15,16,5,2,2,-1,-1,-1,-3,2,2,1,2,4
810,801,806,803,18,19,18,19,9,-5,3,-1,1,-1,-1,3,1,1,2,4
421,417,417,417,13,14,12,13,4,0,0,-1,2,-1,0,1,3,1,1,4
813,810,810,810,14,14,13,13,3,0,0,0,1,0,1,2,3,1,1,4
485,475,478,478,21,19,20,21,10,-3,0,2,-1,-1,0,2,2,1,1,4
600,586,581,586,18,19,18,19,14,5,-5,-1,1,-1,-1,1,1,1,3,4
632,623,628,628,17,19,18,19,9,-5,0,-2,1,-1,-2,1,3,1,1,4
853,846,841,843,18,19,18,18,7,5,-2,-1,1,0,0,1,2,2,1,4
939,937,932,932,17,16,18,18,2,5,0,1,-2,0,-1,2,1,1,1,4
993,984,984,986,13,14,15,13,9,0,-2,-1,-1,2,0,3,3,1,2,4
663,658,651,658,13,14,12,13,5,7,-7,-1,2,-1,0,2,2,3,2,4
372,374,374,365,13,14,12,13,-2,0,9,-1,2,-1,0,2,3,3,3,4
721,717,714,717,20,19,20,21,4,3,-3,1,-1,-1,-1,1,1,2,1,4
262,257,250,253,14,17,15,16,5,7,-3,-3,2,-1,-2,3,1,2,1,4
614,609,604,602,21,19,20,19,5,5,2,2,-1,1,2,1,1,1,2,4
935,928,925,925,20,19,21,21,7,3,0,1,-2,0,-1,2,1,2,2,4
876,876,876,871,18,19,18,18,0,0,5,-1,1,0,0,1,1,1,3,4
1078,1075,1073,1073,13,14,12,13,3,2,0,-1,2,-1,0,1,2,1,1,4
478,475,473,473,17,16,15,16,3,2,0,1,1,-1,1,1,2,1,1,4
942,942,939,935,13,16,15,16,0,3,4,-3,1,-1,-3,3,1,2,2,4
719,717,707,712,13,14,12,13,2,10,-5,-1,2,-1,0,2,3,1,1,4
271,267,267,267,21,19,20,21,4,0,0,2,-1,-1,0,1,3,1,1,4
679,672,674,674,13,14,15,16,7,-2,0,-1,-1,-1,-3,1,2,1,1,4
440,436,431,436,20,19,20,21,4,5,-5,1,-1,-1,-1,1,1,1,1,4
405,400,396,398,17,16,18,18,5,4,-2,1,-2,0,-1,2,2,2,1,4
951,944,939,939,13,14,15,13,7,5,0,-1,-1,2,0,3,2,2,2,4
358,351,346,346,13,14,12,13,7,5,0,-1,2,-1,0,2,3,3,1,4
187,189,182,185,14,17,15,16,-2,7,-3,-3,2,-1,-2,3,2,1,2,4
712,717,717,719,13,14,12,13,-5,0,-2,-1,2,-1,0,1,3,1,2,4
457,457,454,454,20,19,18,18,0,3,0,1,1,0,2,2,2,1,1,4
614,614,611,609,18,17,15,16,0,3,2,1,2,-1,2,1,1,2,1,4
900,895,893,893,21,19,20,21,5,2,0,2,-1,-1,0,1,1,2,2,4
271,262,262,267,21,19,20,21,9,0,-5,2,-1,-1,0,1,1,1,1,4
738,724,726,745,13,14,15,13,14,-2,-19,-1,-1,2,0,2,2,3,1,4
993,993,996,993,17,16,15,16,0,-3,3,1,1,-1,1,1,1,2,1,4
761,754,754,754,13,14,12,13,7,0,0,-1,2,-1,0,2,1,1,1,4
231,227,227,229,18,19,18,19,4,0,-2,-1,1,-1,-1,2,2,2,1,4
353,349,346,349,13,14,12,13,4,3,-3,-1,2,-1,0,2,2,3,2,4
1043,1040,1040,1040,20,19,20,21,3,0,0,1,-1,-1,-1,2,3,1,1,4
937,935,937,932,13,14,15,13,2,-2,5,-1,-1,2,0,1,2,3,1,4
295,293,290,290,14,17,15,16,2,3,0,-3,2,-1,-2,1,2,1,1,4
970,965,956,956,13,14,12,13,5,9,0,-1,2,-1,0,1,1,1,1,4
239,232,229,234,18,17,18,18,7,3,-5,1,-1,0,0,1,2,3,1,4
1057,1059,1040,1054,20,19,20,21,-2,19,-14,1,-1,-1,-1,2,1,1,1,4
595,593,595,593,14,14,15,16,2,-2,2,0,-1,-1,-2,1,2,1,2,4
967,956,956,956,17,16,18,18,11,0,0,1,-2,0,-1,2,1,1,1,4
822,824,824,820,14,14,15,13,-2,0,4,0,-1,2,1,2,3,1,1,4
787,787,782,782,14,14,13,13,0,5,0,0,1,0,1,3,1,1,1,4
400,398,393,396,20,19,20,18,2,5,-3,1,-1,2,2,2,1,1,2,4
965,956,958,960,13,14,15,13,9,-2,-2,-1,-1,2,0,3,1,2,3,4
600,593,595,597,14,14,13,13,7,-2,-2,0,1,0,1,1,2,1,2,4
360,351,349,353,13,14,12,13,9,2,-4,-1,2,-1,0,3,3,2,2,4
883,881,876,874,14,14,15,13,2,5,2,0,-1,2,1,2,3,1,2,4
529,520,517,520,14,17,15,16,9,3,-3,-3,2,-1,-2,3,3,2,1,4
215,213,215,213,18,19,18,19,2,-2,2,-1,1,-1,-1,3,2,1,2,4
841,843,841,836,21,19,20,21,-2,2,5,2,-1,-1,0,2,1,2,2,4
972,970,967,970,13,14,15,13,2,3,-3,-1,-1,2,0,2,3,2,1,4
271,262,262,260,18,19,20,18,9,0,2,-1,-1,2,0,1,1,1,2,4
290,293,288,290,14,17,15,16,-3,5,-2,-3,2,-1,-2,1,2,2,1,4
346,342,337,337,17,16,15,16,4,5,0,1,1,-1,1,1,1,1,1,4
224,224,220,220,14,17,15,16,0,4,0,-3,2,-1,-2,3,3,3,1,4
407,403,398,396,17,16,18,18,4,5,2,1,-2,0,-1,3,1,3,2,4
281,286,281,278,18,17,18,16,-5,5,3,1,-1,2,2,1,1,1,2,4
712,707,698,703,17,16,15,16,5,9,-5,1,1,-1,1,3,1,3,1,4
1007,1000,998,996,20,19,20,18,7,2,2,1,-1,2,2,3,2,1,2,4
539,536,532,532,14,17,15,16,3,4,0,-3,2,-1,-2,3,2,2,2,4
564,557,557,557,18,17,18,18,7,0,0,1,-1,0,0,2,1,1,1,4
625,623,621,618,14,17,15,16,2,2,3,-3,2,-1,-2,2,1,2,1,4
276,278,278,276,14,17,15,16,-2,0,2,-3,2,-1,-2,1,2,2,1,4
914,909,909,907,18,19,21,19,5,0,2,-1,-2,2,-1,1,1,1,2,4
281,276,264,271,18,19,20,18,5,12,-7,-1,-1,2,0,1,3,2,1,4
738,736,733,736,20,19,20,21,2,3,-3,1,-1,-1,-1,2,1,2,1,4
410,407,407,407,13,14,15,13,3,0,0,-1,-1,2,0,2,3,1,1,4
674,667,665,667,13,14,12,13,7,2,-2,-1,2,-1,0,1,2,1,2,4
628,621,618,618,14,17,15,16,7,3,0,-3,2,-1,-2,1,2,1,1,4
853,848,846,841,18,17,18,16,5,2,5,1,-1,2,2,1,3,2,2,4
1073,1068,1066,1066,20,19,20,21,5,2,0,1,-1,-1,-1,1,1,2,2,4
571,567,567,569,21,19,20,18,4,0,-2,2,-1,2,3,3,3,1,2,4
501,496,501,501,21,19,21,21,5,-5,0,2,-2,0,0,1,1,1,1,4
431,426,426,424,20,19,20,18,5,0,2,1,-1,2,2,1,1,1,2,4
217,220,215,210,14,14,15,13,-3,5,5,0,-1,2,1,2,3,1,1,4
1007,1000,993,991,13,14,12,13,7,7,2,-1,2,-1,0,1,2,1,2,4
1012,1007,1012,1010,20,19,18,18,5,-5,2,1,1,0,2,1,1,3,2,4
747,736,733,740,13,14,12,13,11,3,-7,-1,2,-1,0,2,3,2,1,4
323,314,309,309,18,17,18,19,9,5,0,1,-1,-1,-1,1,1,1,1,4
337,335,332,332,20,19,20,21,2,3,0,1,-1,-1,-1,1,2,1,1,4
517,513,510,510,21,19,20,19,4,3,0,2,-1,1,2,2,2,1,1,4
970,965,958,956,13,14,15,13,5,7,2,-1,-1,2,0,1,1,2,3,4
817,813,813,813,18,17,18,19,4,0,0,1,-1,-1,-1,2,2,2,2,4
286,281,278,278,14,14,13,13,5,3,0,0,1,0,1,3,3,2,2,4
360,351,351,349,13,14,15,13,9,0,2,-1,-1,2,0,1,3,3,2,4
588,588,583,583,14,14,15,13,0,5,0,0,-1,2,1,2,2,2,2,4
543,536,536,534,14,17,15,16,7,0,2,-3,2,-1,-2,1,2,2,1,4
199,196,194,192,14,14,15,13,3,2,2,0,-1,2,1,2,3,2,1,4
602,593,588,590,14,14,15,16,9,5,-2,0,-1,-1,-2,2,2,2,1,4
801,794,792,792,18,19,18,19,7,2,0,-1,1,-1,-1,1,2,1,3,4
318,314,309,304,14,17,15,16,4,5,5,-3,2,-1,-2,1,1,1,1,4
346,342,342,346,17,16,18,18,4,0,-4,1,-2,0,-1,1,1,1,1,4
918,911,907,907,21,19,20,21,7,4,0,2,-1,-1,0,1,2,2,2,4
644,642,635,632,17,16,15,16,2,7,3,1,1,-1,1,2,1,2,1,4
729,726,721,726,20,19,20,18,3,5,-5,1,-1,2,2,2,1,1,1,4
206,201,196,196,14,14,13,13,5,5,0,0,1,0,1,1,3,3,1,4
672,677,672,672,13,16,15,16,-5,5,0,-3,1,-1,-3,2,2,2,2,4
367,363,358,360,20,19,18,18,4,5,-2,1,1,0,2,2,2,2,1,4
839,834,832,834,14,14,15,13,5,2,-2,0,-1,2,1,3,1,2,3,4
747,752,745,750,20,19,20,21,-5,7,-5,1,-1,-1,-1,2,2,1,1,4
335,325,323,328,17,17,18,19,10,2,-5,0,-1,-1,-2,2,2,1,1,4
398,389,374,377,13,16,15,16,9,15,-3,-3,1,-1,-3,1,1,1,2,4
803,794,785,782,14,14,13,13,9,9,3,0,1,0,1,2,2,2,1,4
325,316,316,318,18,17,18,19,9,0,-2,1,-1,-1,-1,2,2,2,1,4
262,257,253,253,21,19,20,21,5,4,0,2,-1,-1,0,3,3,1,1,4
996,996,996,993,13,14,15,16,0,0,3,-1,-1,-1,-3,2,2,2,1,4
342,346,346,349,17,16,18,16,-4,0,-3,1,-2,2,1,1,3,1,2,4
496,494,492,489,21,19,21,19,2,2,3,2,-2,2,2,1,2,1,2,4
789,782,778,778,21,19,20,21,7,4,0,2,-1,-1,0,2,1,1,1,4
1003,998,986,993,13,14,12,13,5,12,-7,-1,2,-1,0,1,3,2,1,4
803,801,789,792,14,17,15,16,2,12,-3,-3,2,-1,-2,2,3,2,1,4
342,346,342,342,20,19,18,18,-4,4,0,1,1,0,2,3,1,1,1,4
768,768,768,766,13,16,15,16,0,0,2,-3,1,-1,-3,1,3,3,2,4
555,557,553,553,14,14,15,13,-2,4,0,0,-1,2,1,2,1,1,3,4
595,590,586,586,21,19,20,21,5,4,0,2,-1,-1,0,1,1,1,1,4
473,468,473,473,20,19,20,21,5,-5,0,1,-1,-1,-1,3,3,1,1,4
609,602,600,602,21,19,20,21,7,2,-2,2,-1,-1,0,1,2,1,2,4
543,543,539,541,14,14,15,13,0,4,-2,0,-1,2,1,1,1,3,2,4
862,853,850,848,14,14,13,13,9,3,2,0,1,0,1,3,3,2,1,4
663,660,656,656,20,19,18,18,3,4,0,1,1,0,2,2,1,3,1,4
396,393,398,398,17,19,18,18,3,-5,0,-2,1,0,-1,2,3,1,1,4
1012,1010,1005,1003,17,16,18,18,2,5,2,1,-2,0,-1,1,2,2,1,4
757,757,750,750,17,16,18,18,0,7,0,1,-2,0,-1,2,2,1,1,4
185,1075,1073,1075,14,16,15,16,-890,2,-2,-2,1,-1,-2,2,2,3,2,4
529,517,513,510,18,17,18,16,12,4,3,1,-1,2,2,1,2,2,1,4
855,860,850,848,14,17,15,16,-5,10,2,-3,2,-1,-2,2,2,2,1,4
754,754,750,750,17,16,15,16,0,4,0,1,1,-1,1,1,1,1,1,4
229,215,215,220,18,17,18,19,14,0,-5,1,-1,-1,-1,1,1,1,3,4
576,567,567,564,14,17,15,16,9,0,3,-3,2,-1,-2,3,3,1,2,4
314,307,304,304,14,14,15,13,7,3,0,0,-1,2,1,1,2,1,3,4
264,262,260,257,18,17,18,18,2,2,3,1,-1,0,0,2,3,2,1,4
360,360,349,351,17,16,15,16,0,11,-2,1,1,-1,1,3,1,2,1,4
290,286,286,288,14,14,13,13,4,0,-2,0,1,0,1,3,3,3,2,4
839,834,832,834,18,19,18,18,5,2,-2,-1,1,0,0,1,1,2,1,4
321,318,318,318,18,19,18,19,3,0,0,-1,1,-1,-1,2,1,1,1,4
560,555,543,548,14,14,13,13,5,12,-5,0,1,0,1,2,2,1,1,4
651,644,644,642,13,14,12,13,7,0,2,-1,2,-1,0,3,2,2,1,4
250,248,243,248,18,17,18,16,2,5,-5,1,-1,2,2,2,1,1,1,4
318,316,314,316,21,19,21,19,2,2,-2,2,-2,2,2,3,2,1,2,4
698,700,693,693,20,19,20,18,-2,7,0,1,-1,2,2,1,2,1,1,4
234,232,236,234,18,19,18,18,2,-4,2,-1,1,0,0,1,2,2,1,4
628,616,614,611,14,14,15,13,12,2,3,0,-1,2,1,1,2,1,2,4
534,529,527,532,18,17,18,19,5,2,-5,1,-1,-1,-1,1,3,2,2,4
871,869,867,867,14,14,15,13,2,2,0,0,-1,2,1,3,2,3,1,4
970,965,963,960,20,19,18,18,5,2,3,1,1,0,2,1,1,2,1,4
510,508,506,508,18,17,18,19,2,2,-2,1,-1,-1,-1,3,2,1,2,4
864,855,848,853,14,14,13,13,9,7,-5,0,1,0,1,2,2,3,3,4
782,750,754,750,14,16,15,16,32,-4,4,-2,1,-1,-2,1,1,3,3,4
953,949,951,951,20,19,20,18,4,-2,0,1,-1,2,2,2,2,3,1,4
534,534,529,532,14,14,13,13,0,5,-3,0,1,0,1,3,3,1,2,4
1061,1047,1047,1047,13,14,15,13,14,0,0,-1,-1,2,0,2,2,2,2,4
215,215,217,217,21,19,20,19,0,-2,0,2,-1,1,2,1,1,2,2,4
524,513,506,520,14,14,13,13,11,7,-14,0,1,0,1,1,2,3,1,4
370,367,365,370,17,16,18,18,3,2,-5,1,-2,0,-1,1,2,3,1,4
815,810,810,810,18,17,18,16,5,0,0,1,-1,2,2,3,1,1,1,4
787,778,773,778,18,19,18,18,9,5,-5,-1,1,0,0,1,1,1,1,4
932,935,928,932,13,14,15,13,-3,7,-4,-1,-1,2,0,1,2,1,1,4
351,339,351,351,13,14,15,13,12,-12,0,-1,-1,2,0,3,2,3,1,4
848,841,832,832,14,14,15,13,7,9,0,0,-1,2,1,3,2,2,2,4
986,977,965,965,13,16,15,16,9,12,0,-3,1,-1,-3,2,2,1,1,4
674,665,670,670,17,16,18,18,9,-5,0,1,-2,0,-1,3,1,3,3,4
958,956,946,946,13,16,15,16,2,10,0,-3,1,-1,-3,2,3,3,1,4
346,337,342,342,20,19,20,21,9,-5,0,1,-1,-1,-1,1,3,1,1,4
271,264,257,257,21,19,20,18,7,7,0,2,-1,2,3,3,2,1,1,4
972,970,967,974,20,19,18,18,2,3,-7,1,1,0,2,2,1,2,1,4
283,288,274,286,18,17,18,16,-5,14,-12,1,-1,2,2,2,2,2,1,4
466,464,459,464,13,16,15,16,2,5,-5,-3,1,-1,-3,2,1,3,3,4
787,778,778,785,18,16,18,16,9,0,-7,2,-2,2,2,1,1,1,2,4
196,192,189,192,21,19,21,21,4,3,-3,2,-2,0,0,1,1,2,1,4
1073,1073,1071,1073,13,14,15,13,0,2,-2,-1,-1,2,0,1,1,2,1,4
295,288,290,286,18,17,18,16,7,-2,4,1,-1,2,2,1,2,1,1,4
918,916,914,914,18,19,18,19,2,2,0,-1,1,-1,-1,1,2,1,1,4
440,431,431,431,17,16,15,16,9,0,0,1,1,-1,1,1,1,1,1,4
775,778,773,773,17,19,18,18,-3,5,0,-2,1,0,-1,2,1,1,1,4
609,607,607,607,21,19,20,21,2,0,0,2,-1,-1,0,1,2,2,2,4
239,224,217,222,14,14,13,13,15,7,-5,0,1,0,1,3,1,2,2,4
850,843,848,848,21,19,20,18,7,-5,0,2,-1,2,3,2,1,1,1,4
227,222,222,224,18,19,18,19,5,0,-2,-1,1,-1,-1,2,2,2,1,4
616,604,602,604,18,17,18,16,12,2,-2,1,-1,2,2,2,1,2,1,4
970,951,956,960,13,16,15,16,19,-5,-4,-3,1,-1,-3,1,1,1,3,4
1010,1010,1005,1003,20,19,23,21,0,5,2,1,-4,2,-1,2,2,2,3,4
958,958,951,953,13,14,15,13,0,7,-2,-1,-1,2,0,2,2,3,2,4
564,557,560,562,14,14,13,13,7,-3,-2,0,1,0,1,2,1,2,1,4
586,578,576,576,14,17,15,16,8,2,0,-3,2,-1,-2,1,2,1,1,4
393,391,391,391,13,14,12,13,2,0,0,-1,2,-1,0,3,2,2,2,4
1040,1036,1031,1031,13,14,12,13,4,5,0,-1,2,-1,0,3,3,3,1,4
450,450,450,454,13,14,12,13,0,0,-4,-1,2,-1,0,1,3,3,3,4
810,803,801,801,18,17,18,16,7,2,0,1,-1,2,2,1,2,1,3,4
506,501,496,496,14,14,13,13,5,5,0,0,1,0,1,3,1,3,1,4
459,452,454,454,17,16,18,16,7,-2,0,1,-2,2,1,1,2,3,3,4
618,618,614,611,18,19,18,19,0,4,3,-1,1,-1,-1,1,3,1,2,4
234,229,227,234,21,19,20,18,5,2,-7,2,-1,2,3,1,1,2,1,4
217,215,206,210,14,14,13,13,2,9,-4,0,1,0,1,2,1,1,1,4
351,339,337,337,13,14,12,13,12,2,0,-1,2,-1,0,1,2,1,1,4
670,665,660,660,13,14,12,13,5,5,0,-1,2,-1,0,1,3,3,1,4
597,590,595,593,18,19,18,19,7,-5,2,-1,1,-1,-1,2,1,3,2,4
977,974,974,974,13,14,12,13,3,0,0,-1,2,-1,0,2,3,1,1,4
1017,1007,1012,1012,13,14,15,13,10,-5,0,-1,-1,2,0,1,1,1,1,4
309,293,293,293,14,17,15,16,16,0,0,-3,2,-1,-2,1,2,2,2,4
410,410,403,403,13,14,15,13,0,7,0,-1,-1,2,0,2,2,1,1,4
201,199,196,196,14,14,15,16,2,3,0,0,-1,-1,-2,1,2,3,1,4
337,337,337,335,13,16,15,16,0,0,2,-3,1,-1,-3,3,1,1,2,4
393,389,389,389,20,19,20,21,4,0,0,1,-1,-1,-1,1,3,1,3,4
539,539,536,532,18,17,18,16,0,3,4,1,-1,2,2,3,3,2,2,4
520,517,515,517,14,17,15,16,3,2,-2,-3,2,-1,-2,3,2,1,2,4
300,286,281,281,14,14,15,16,14,5,0,0,-1,-1,-2,1,3,1,3,4
609,604,602,604,18,19,20,19,5,2,-2,-1,-1,1,-1,1,1,2,1,4
227,224,224,224,21,19,20,19,3,0,0,2,-1,1,2,2,1,1,1,4
536,539,539,534,14,14,15,13,-3,0,5,0,-1,2,1,2,3,3,1,4
935,932,932,932,17,16,18,16,3,0,0,1,-2,2,1,2,1,1,1,4
227,217,220,220,14,14,13,13,10,-3,0,0,1,0,1,2,2,3,1,4
344,339,342,337,17,16,18,16,5,-3,5,1,-2,2,1,2,2,3,1,4
986,984,982,982,20,19,20,21,2,2,0,1,-1,-1,-1,2,1,2,2,4
853,850,848,848,14,14,15,13,3,2,0,0,-1,2,1,3,2,3,1,4
581,578,576,576,14,17,15,16,3,2,0,-3,2,-1,-2,1,2,1,1,4
841,836,836,834,21,19,20,21,5,0,2,2,-1,-1,0,2,2,2,1,4
623,621,618,618,14,14,13,13,2,3,0,0,1,0,1,1,2,1,1,4
1003,1005,1000,1000,13,14,15,13,-2,5,0,-1,-1,2,0,1,2,2,2,4
1003,998,993,993,13,14,12,13,5,5,0,-1,2,-1,0,1,3,1,1,4
590,583,583,581,18,17,18,16,7,0,2,1,-1,2,2,1,2,2,1,4
1047,1043,1040,1040,13,14,12,13,4,3,0,-1,2,-1,0,2,2,3,3,4
342,342,337,337,13,16,15,16,0,5,0,-3,1,-1,-3,1,3,1,1,4
897,897,895,897,14,17,15,16,0,2,-2,-3,2,-1,-2,2,2,1,2,4
646,644,644,642,20,19,18,18,2,0,2,1,1,0,2,1,2,2,1,4
229,217,208,208,14,14,13,13,12,9,0,0,1,0,1,1,2,2,2,4
1057,1057,1050,1050,20,19,20,18,0,7,0,1,-1,2,2,2,2,1,1,4
597,590,593,593,18,19,18,19,7,-3,0,-1,1,-1,-1,2,1,2,2,4
681,674,670,667,13,14,15,16,7,4,3,-1,-1,-1,-3,2,1,1,2,4
417,412,405,407,13,14,15,13,5,7,-2,-1,-1,2,0,1,1,2,1,4
370,370,363,370,13,14,12,13,0,7,-7,-1,2,-1,0,1,1,2,1,4
557,543,541,543,14,14,13,13,14,2,-2,0,1,0,1,3,1,2,1,4
1052,1064,1043,1043,13,14,15,16,-12,21,0,-1,-1,-1,-3,2,1,2,2,4
438,431,431,431,13,14,12,13,7,0,0,-1,2,-1,0,2,3,3,1,4
332,332,323,328,13,14,15,13,0,9,-5,-1,-1,2,0,1,1,1,1,4
649,642,635,637,20,19,20,18,7,7,-2,1,-1,2,2,2,1,2,1,4
989,991,989,989,13,14,15,13,-2,2,0,-1,-1,2,0,1,2,1,3,4
543,536,524,524,14,14,13,13,7,12,0,0,1,0,1,3,2,1,1,4
623,623,621,621,21,19,21,21,0,2,0,2,-2,0,0,3,1,2,2,4
693,693,691,693,17,19,18,18,0,2,-2,-2,1,0,-1,1,1,2,1,4
979,977,977,977,13,14,15,13,2,0,0,-1,-1,2,0,3,2,2,2,4
1073,1078,1078,1073,17,16,15,16,-5,0,5,1,1,-1,1,1,1,1,3,4
984,979,979,979,13,14,15,13,5,0,0,-1,-1,2,0,1,1,3,3,4
396,389,384,384,13,16,15,16,7,5,0,-3,1,-1,-3,2,3,1,3,4
309,309,307,304,14,17,15,16,0,2,3,-3,2,-1,-2,3,1,2,1,4
557,543,534,534,14,14,15,13,14,9,0,0,-1,2,1,1,3,1,1,4
1012,1014,1012,1012,20,19,20,21,-2,2,0,1,-1,-1,-1,1,2,1,1,4
513,506,501,499,18,17,18,16,7,5,2,1,-1,2,2,2,3,3,2,4
796,787,782,785,21,19,21,19,9,5,-3,2,-2,2,2,1,1,1,2,4
918,914,914,914,14,14,13,13,4,0,0,0,1,0,1,3,3,3,1,4
583,583,576,581,14,17,15,16,0,7,-5,-3,2,-1,-2,2,2,1,1,4
944,942,937,932,13,16,15,16,2,5,5,-3,1,-1,-3,2,1,1,1,4
820,813,808,810,14,14,13,13,7,5,-2,0,1,0,1,3,2,2,1,4
187,1071,1068,1068,14,14,12,13,-884,3,0,0,2,-1,1,1,2,1,1,4
234,224,229,224,18,17,18,19,10,-5,5,1,-1,-1,-1,3,1,1,1,4
768,766,761,761,13,14,15,13,2,5,0,-1,-1,2,0,1,2,2,2,4
925,923,918,914,18,17,18,19,2,5,4,1,-1,-1,-1,2,1,1,1,4
557,560,553,548,18,19,18,18,-3,7,5,-1,1,0,0,3,2,1,1,4
937,939,937,937,17,16,15,16,-2,2,0,1,1,-1,1,3,2,1,3,4
461,454,454,454,13,14,12,13,7,0,0,-1,2,-1,0,2,3,3,3,4
989,986,984,984,17,16,15,16,3,2,0,1,1,-1,1,3,2,1,1,4
325,316,314,314,14,14,15,16,9,2,0,0,-1,-1,-2,2,2,1,1,4
698,700,693,696,13,16,15,16,-2,7,-3,-3,1,-1,-3,1,2,1,2,4
1073,1071,1066,1066,17,16,15,16,2,5,0,1,1,-1,1,3,2,2,2,4
876,874,871,871,21,19,20,21,2,3,0,2,-1,-1,0,1,2,1,1,4
1012,1007,1005,1005,17,16,18,21,5,2,0,1,-2,-3,-4,1,1,2,2,4
996,991,989,986,13,14,15,13,5,2,3,-1,-1,2,0,2,2,1,2,4
747,740,736,743,13,14,15,13,7,4,-7,-1,-1,2,0,2,1,1,2,4
602,593,600,604,21,19,20,19,9,-7,-4,2,-1,1,2,2,2,1,1,4
974,967,970,972,17,16,18,18,7,-3,-2,1,-2,0,-1,1,2,1,2,4
253,253,257,257,21,19,20,21,0,-4,0,2,-1,-1,0,3,1,1,3,4
691,679,674,674,13,14,15,16,12,5,0,-1,-1,-1,-3,2,1,3,1,4
658,658,658,660,17,19,18,18,0,0,-2,-2,1,0,-1,2,2,2,1,4
663,653,651,651,17,16,18,16,10,2,0,1,-2,2,1,2,2,3,3,4
909,902,897,895,18,19,18,19,7,5,2,-1,1,-1,-1,3,2,2,1,4
817,808,808,808,14,14,13,13,9,0,0,0,1,0,1,2,2,2,2,4
576,569,562,562,14,17,15,16,7,7,0,-3,2,-1,-2,1,2,1,1,4
651,651,649,651,20,19,20,21,0,2,-2,1,-1,-1,-1,1,1,2,1,4
487,485,482,482,18,17,18,19,2,3,0,1,-1,-1,-1,1,2,1,1,4
707,717,703,710,13,14,12,13,-10,14,-7,-1,2,-1,0,1,3,1,2,4
932,925,923,923,17,17,18,16,7,2,0,0,-1,2,1,1,2,3,1,4
705,698,646,696,13,16,15,16,7,52,-50,-3,1,-1,-3,2,1,3,2,4
586,578,571,571,14,14,15,13,8,7,0,0,-1,2,1,1,2,3,1,4
522,522,515,517,21,19,20,19,0,7,-2,2,-1,1,2,2,2,1,2,4
431,431,431,431,20,19,20,21,0,0,0,1,-1,-1,-1,1,1,1,1,4
820,808,803,803,18,17,18,16,12,5,0,1,-1,2,2,1,2,2,2,4
1007,1003,998,998,17,16,18,18,4,5,0,1,-2,0,-1,1,1,1,1,4
935,937,932,937,17,19,18,18,-2,5,-5,-2,1,0,-1,2,1,1,1,4
185,1073,1064,1068,14,14,12,13,-888,9,-4,0,2,-1,1,2,3,3,1,4
729,726,726,724,13,14,15,16,3,0,2,-1,-1,-1,-3,2,3,3,2,4
201,192,187,187,18,17,18,16,9,5,0,1,-1,2,2,1,1,3,1,4
1054,1045,1045,1045,13,14,15,13,9,0,0,-1,-1,2,0,1,3,1,1,4
243,239,239,239,18,19,18,18,4,0,0,-1,1,0,0,1,3,1,3,4
356,351,360,365,13,16,15,16,5,-9,-5,-3,1,-1,-3,1,3,1,1,4
869,862,857,860,14,14,13,13,7,5,-3,0,1,0,1,2,3,1,2,4
426,421,419,417,13,14,15,13,5,2,2,-1,-1,2,0,3,1,2,3,4
192,187,185,182,14,17,15,16,5,2,3,-3,2,-1,-2,3,3,2,1,4
754,750,745,743,13,14,12,13,4,5,2,-1,2,-1,0,3,3,1,2,4
649,646,646,646,13,14,15,13,3,0,0,-1,-1,2,0,2,3,3,1,4
531,529,527,529,18,17,18,19,2,2,-2,1,-1,-1,-1,2,3,2,1,4
344,342,339,342,20,19,20,21,2,3,-3,1,-1,-1,-1,2,1,2,1,4
979,984,979,984,13,14,12,13,-5,5,-5,-1,2,-1,0,3,3,1,1,4
1054,1050,1054,1047,13,14,12,13,4,-4,7,-1,2,-1,0,1,3,1,2,4
412,414,412,412,20,19,20,18,-2,2,0,1,-1,2,2,1,2,1,1,4
1054,1057,1059,1059,20,19,20,21,-3,-2,0,1,-1,-1,-1,1,2,1,1,4
276,264,262,262,18,17,18,18,12,2,0,1,-1,0,0,3,2,3,1,4
328,323,316,318,14,17,15,16,5,7,-2,-3,2,-1,-2,1,1,2,1,4
607,609,604,600,21,19,20,21,-2,5,4,2,-1,-1,0,2,1,1,1,4
600,595,586,590,14,17,15,16,5,9,-4,-3,2,-1,-2,1,1,1,3,4
759,752,750,752,13,14,12,13,7,2,-2,-1,2,-1,0,1,2,1,2,4
468,464,457,459,20,19,20,18,4,7,-2,1,-1,2,2,1,1,2,1,4
637,639,635,637,17,16,15,16,-2,4,-2,1,1,-1,1,3,2,2,1,4
843,839,834,834,14,17,15,16,4,5,0,-3,2,-1,-2,1,1,1,3,4
1033,1031,1028,1031,20,19,20,18,2,3,-3,1,-1,2,2,2,1,2,3,4
239,241,236,243,14,14,13,13,-2,5,-7,0,1,0,1,1,2,2,1,4
867,860,867,862,18,17,18,18,7,-7,5,1,-1,0,0,1,2,1,1,4
904,900,900,895,14,14,13,13,4,0,5,0,1,0,1,3,3,1,1,4
693,689,682,684,17,16,15,16,4,7,-2,1,1,-1,1,3,1,2,1,4
513,506,503,501,14,17,15,16,7,3,2,-3,2,-1,-2,2,1,2,1,4
557,557,553,557,21,19,20,18,0,4,-4,2,-1,2,3,1,1,1,1,4
848,841,836,839,14,14,13,13,7,5,-3,0,1,0,1,1,2,2,3,4
703,700,700,703,13,14,15,13,3,0,-3,-1,-1,2,0,1,2,2,3,4
726,721,724,721,20,19,20,21,5,-3,3,1,-1,-1,-1,1,3,2,1,4
217,215,210,210,21,19,20,21,2,5,0,2,-1,-1,0,2,1,1,1,4
637,637,632,637,13,14,13,13,0,5,-5,-1,1,0,0,1,3,1,1,4
234,239,234,234,14,14,13,13,-5,5,0,0,1,0,1,1,3,3,1,4
1054,1052,1054,1054,17,16,18,18,2,-2,0,1,-2,0,-1,1,2,3,1,4
571,569,560,560,14,14,13,13,2,9,0,0,1,0,1,1,2,2,2,4
593,583,583,588,14,14,13,13,10,0,-5,0,1,0,1,2,2,2,2,4
721,721,717,719,20,19,20,18,0,4,-2,1,-1,2,2,3,1,1,2,4
421,417,414,412,13,14,15,13,4,3,2,-1,-1,2,0,3,1,2,1,4
750,740,731,724,13,14,12,13,10,9,7,-1,2,-1,0,1,1,1,2,4
604,597,593,595,18,19,18,19,7,4,-2,-1,1,-1,-1,1,2,2,1,4
194,192,189,189,14,14,13,13,2,3,0,0,1,0,1,2,1,2,2,4
332,335,323,325,13,14,13,13,-3,12,-2,-1,1,0,0,1,2,1,2,4
625,621,621,621,18,17,18,19,4,0,0,1,-1,-1,-1,2,2,2,2,4
370,367,363,363,13,14,12,13,3,4,0,-1,2,-1,0,3,2,2,2,4
600,597,600,597,18,17,18,16,3,-3,3,1,-1,2,2,1,2,1,2,4
794,782,789,789,14,14,15,13,12,-7,0,0,-1,2,1,2,1,2,2,4
750,747,747,745,20,19,18,18,3,0,2,1,1,0,2,3,2,2,1,4
876,871,867,867,21,19,20,21,5,4,0,2,-1,-1,0,1,1,1,1,4
679,677,674,677,13,14,15,13,2,3,-3,-1,-1,2,0,1,2,1,2,4
799,787,782,789,14,14,13,13,12,5,-7,0,1,0,1,2,3,1,2,4
817,815,820,820,14,17,15,16,2,-5,0,-3,2,-1,-2,2,1,1,1,4
909,900,897,895,14,17,15,16,9,3,2,-3,2,-1,-2,1,1,2,1,4
217,213,210,206,14,14,13,13,4,3,4,0,1,0,1,2,2,1,1,4
970,963,956,960,13,14,12,13,7,7,-4,-1,2,-1,0,1,2,1,1,4
288,283,281,278,21,19,20,21,5,2,3,2,-1,-1,0,2,2,1,2,4
1066,1066,1061,1064,13,14,15,13,0,5,-3,-1,-1,2,0,2,2,2,1,4
281,276,278,278,21,19,20,21,5,-2,0,2,-1,-1,0,1,1,2,2,4
445,445,440,445,13,14,12,13,0,5,-5,-1,2,-1,0,1,3,1,1,4
658,653,646,646,17,16,18,16,5,7,0,1,-2,2,1,2,2,1,1,4
192,192,189,187,18,17,18,19,0,3,2,1,-1,-1,-1,1,1,2,1,4
621,609,611,614,18,17,18,19,12,-2,-3,1,-1,-1,-1,2,1,2,1,4
281,276,274,269,18,19,20,18,5,2,5,-1,-1,2,0,1,1,2,2,4
736,731,726,731,20,19,20,18,5,5,-5,1,-1,2,2,1,1,1,1,4
881,876,871,876,14,17,15,16,5,5,-5,-3,2,-1,-2,1,1,3,1,4
670,665,658,658,13,14,15,13,5,7,0,-1,-1,2,0,3,1,2,2,4
616,609,604,604,14,14,13,13,7,5,0,0,1,0,1,2,3,1,3,4
670,670,667,670,13,16,15,16,0,3,-3,-3,1,-1,-3,3,3,2,1,4
946,942,944,942,17,19,18,18,4,-2,2,-2,1,0,-1,3,1,2,1,4
206,203,206,203,14,17,15,16,3,-3,3,-3,2,-1,-2,1,2,1,2,4
681,672,670,674,13,14,15,13,9,2,-4,-1,-1,2,0,2,2,1,1,4
555,548,548,546,14,14,13,13,7,0,2,0,1,0,1,2,3,1,2,4
246,236,229,227,14,14,13,13,10,7,2,0,1,0,1,2,2,1,2,4
288,283,276,271,21,19,20,21,5,7,5,2,-1,-1,0,2,2,1,1,4
960,956,949,951,13,16,15,16,4,7,-2,-3,1,-1,-3,3,3,2,1,4
831,829,829,832,21,19,20,21,2,0,-3,2,-1,-1,0,2,1,1,2,4
965,960,958,953,17,16,15,16,5,2,5,1,1,-1,1,3,3,2,2,4
564,560,557,553,14,14,15,13,4,3,4,0,-1,2,1,2,2,1,3,4
731,728,721,719,13,14,12,13,3,7,2,-1,2,-1,0,3,2,1,2,4
520,513,517,517,21,19,20,21,7,-4,0,2,-1,-1,0,1,2,2,2,4
196,194,196,192,14,17,15,16,2,-2,4,-3,2,-1,-2,1,2,1,1,4
412,407,403,410,13,14,12,13,5,4,-7,-1,2,-1,0,1,3,1,2,4
621,616,616,614,14,14,15,13,5,0,2,0,-1,2,1,2,2,2,1,4
803,801,796,796,21,19,21,21,2,5,0,2,-2,0,0,2,1,1,3,4
665,667,665,663,13,14,12,13,-2,2,2,-1,2,-1,0,1,2,3,2,4
871,869,867,867,14,14,15,16,2,2,0,0,-1,-1,-2,1,2,1,1,4
843,839,834,836,14,14,15,13,4,5,-2,0,-1,2,1,3,1,1,2,4
461,457,454,454,17,16,15,16,4,3,0,1,1,-1,1,2,2,3,3,4
185,1078,1078,1075,21,19,20,21,-893,0,3,2,-1,-1,0,2,1,1,2,4
304,302,304,300,18,19,18,19,2,-2,4,-1,1,-1,-1,1,2,3,3,4
595,588,590,590,21,19,20,21,7,-2,0,2,-1,-1,0,1,2,1,1,4
421,421,421,421,20,19,20,21,0,0,0,1,-1,-1,-1,1,1,1,1,4
900,897,895,895,18,17,18,19,3,2,0,1,-1,-1,-1,1,2,3,1,4
267,260,257,257,18,17,18,18,7,3,0,1,-1,0,0,1,2,1,1,4
363,363,358,356,13,14,15,13,0,5,2,-1,-1,2,0,2,2,2,1,4
925,918,918,918,14,17,15,16,7,0,0,-3,2,-1,-2,2,3,1,1,4
717,714,698,703,13,14,12,13,3,16,-5,-1,2,-1,0,1,2,1,3,4
229,220,227,222,18,17,18,19,9,-7,5,1,-1,-1,-1,3,3,2,2,4
386,382,382,379,13,14,15,13,4,0,3,-1,-1,2,0,2,2,2,3,4
754,752,750,750,20,19,20,18,2,2,0,1,-1,2,2,1,2,1,1,4
459,461,450,450,13,14,12,13,-2,11,0,-1,2,-1,0,1,2,1,1,4
745,740,728,728,20,19,18,18,5,12,0,1,1,0,2,1,1,2,2,4
403,398,440,398,13,14,12,13,5,-42,42,-1,2,-1,0,1,1,1,3,4
681,679,677,674,13,14,15,13,2,2,3,-1,-1,2,0,2,3,2,1,4
909,904,902,902,14,17,15,16,5,2,0,-3,2,-1,-2,1,1,2,2,4
951,944,937,937,13,14,15,13,7,7,0,-1,-1,2,0,1,2,1,1,4
187,187,182,182,21,19,21,19,0,5,0,2,-2,2,2,1,1,1,1,4
740,740,736,736,13,14,15,16,0,4,0,-1,-1,-1,-3,1,3,1,1,4
236,234,229,229,14,17,15,16,2,5,0,-3,2,-1,-2,2,3,1,1,4
534,527,520,517,14,14,15,16,7,7,3,0,-1,-1,-2,1,2,1,2,4
332,335,337,335,20,19,20,18,-3,-2,2,1,-1,2,2,1,2,1,2,4
721,721,719,717,20,19,20,18,0,2,2,1,-1,2,2,3,3,2,1,4
1010,1007,1003,1005,17,16,15,16,3,4,-2,1,1,-1,1,2,1,1,2,4
1033,1031,1026,1028,17,16,15,16,2,5,-2,1,1,-1,1,2,1,1,2,4
381,370,365,363,17,16,18,18,11,5,2,1,-2,0,-1,2,1,1,2,4
618,614,609,609,21,19,21,21,4,5,0,2,-2,0,0,1,1,1,1,4
250,243,239,239,18,17,18,16,7,4,0,1,-1,2,2,2,3,1,1,4
879,878,876,874,14,14,15,13,1,2,2,0,-1,2,1,2,2,1,2,4
883,876,871,878,18,17,18,16,7,5,-7,1,-1,2,2,2,1,1,2,4
799,792,785,787,14,14,13,13,7,7,-2,0,1,0,1,2,3,2,3,4
759,752,750,750,13,14,15,13,7,2,0,-1,-1,2,0,1,2,1,1,4
283,286,281,281,14,17,15,16,-3,5,0,-3,2,-1,-2,2,1,1,1,4
801,801,796,799,18,17,18,16,0,5,-3,1,-1,2,2,1,3,3,2,4
539,534,532,534,18,19,18,18,5,2,-2,-1,1,0,0,1,1,2,1,4
231,224,220,222,21,19,20,21,7,4,-2,2,-1,-1,0,2,1,1,2,4
1017,1019,1012,1010,13,14,12,13,-2,7,2,-1,2,-1,0,1,2,3,2,4
494,492,487,487,21,19,21,21,2,5,0,2,-2,0,0,2,1,1,1,4
963,963,956,956,20,19,20,21,0,7,0,1,-1,-1,-1,2,2,1,1,4
646,644,639,637,20,19,20,21,2,5,2,1,-1,-1,-1,1,2,2,1,4
391,379,374,370,13,14,15,13,12,5,4,-1,-1,2,0,2,3,1,1,4
492,489,487,487,14,14,13,13,3,2,0,0,1,0,1,1,2,1,3,4
206,192,192,192,18,17,18,19,14,0,0,1,-1,-1,-1,3,3,1,1,4
871,860,850,862,14,17,15,16,11,10,-12,-3,2,-1,-2,3,2,2,1,4
227,229,220,220,14,14,13,13,-2,9,0,0,1,0,1,2,1,1,1,4
316,314,307,318,14,17,15,16,2,7,-11,-3,2,-1,-2,2,3,2,1,4
283,281,278,276,14,14,13,13,2,3,2,0,1,0,1,2,3,2,1,4
522,513,506,506,14,14,15,13,9,7,0,0,-1,2,1,2,2,1,1,4
667,658,658,670,13,14,12,13,9,0,-12,-1,2,-1,0,2,2,2,3,4
304,295,293,293,21,19,20,21,9,2,0,2,-1,-1,0,3,1,2,2,4
712,705,707,707,17,19,18,18,7,-2,0,-2,1,0,-1,3,2,1,1,4
717,700,684,689,13,14,12,13,17,16,-5,-1,2,-1,0,1,2,1,3,4
729,724,719,719,13,14,15,16,5,5,0,-1,-1,-1,-3,2,2,2,2,4
839,839,836,832,14,17,15,16,0,3,4,-3,2,-1,-2,1,1,2,2,4
593,588,586,583,14,17,15,16,5,2,3,-3,2,-1,-2,2,2,1,2,4
1054,1052,1043,1047,17,16,15,16,2,9,-4,1,1,-1,1,1,2,2,2,4
290,288,281,286,14,17,15,16,2,7,-5,-3,2,-1,-2,3,2,3,1,4
412,412,412,410,17,16,18,16,0,0,2,1,-2,2,1,1,1,1,2,4
904,897,893,893,18,17,18,16,7,4,0,1,-1,2,2,3,2,2,2,4
822,813,810,813,14,14,15,13,9,3,-3,0,-1,2,1,2,2,3,2,4
224,213,206,210,14,14,15,13,11,7,-4,0,-1,2,1,1,2,1,1,4
918,911,909,909,18,19,18,19,7,2,0,-1,1,-1,-1,1,2,3,1,4
611,614,609,614,14,17,15,16,-3,5,-5,-3,2,-1,-2,2,1,1,1,4
1017,1017,1003,1000,13,14,15,13,0,14,3,-1,-1,2,0,3,1,1,2,4
632,637,632,632,20,19,18,18,-5,5,0,1,1,0,2,1,1,1,1,4
604,604,595,602,14,14,13,13,0,9,-7,0,1,0,1,3,1,3,2,4
757,757,757,759,20,19,18,18,0,0,-2,1,1,0,2,2,2,2,1,4
433,426,426,424,13,14,12,13,7,0,2,-1,2,-1,0,2,3,1,2,4
782,787,785,782,14,17,15,16,-5,2,3,-3,2,-1,-2,1,1,2,1,4
468,468,468,466,20,19,20,18,0,0,2,1,-1,2,2,1,1,1,2,4
937,937,935,932,17,19,18,18,0,2,3,-2,1,0,-1,1,1,2,1,4
473,466,471,478,13,14,12,13,7,-5,-7,-1,2,-1,0,1,2,2,1,4
269,267,262,269,18,17,18,16,2,5,-7,1,-1,2,2,2,1,3,2,4
208,208,201,199,14,14,15,13,0,7,2,0,-1,2,1,2,2,1,2,4
689,689,686,684,13,14,15,16,0,3,2,-1,-1,-1,-3,1,1,2,3,4
337,337,328,328,20,19,18,19,0,9,0,1,1,-1,1,1,1,1,1,4
557,553,555,555,18,17,18,21,4,-2,0,1,-1,-3,-3,1,1,2,2,4
909,909,907,904,14,14,15,16,0,2,3,0,-1,-1,-2,1,3,2,1,4
618,611,607,611,14,14,15,16,7,4,-4,0,-1,-1,-2,3,2,2,2,4
403,403,398,398,13,14,12,13,0,5,0,-1,2,-1,0,1,1,1,1,4
192,1075,1068,1068,18,16,18,16,-883,7,0,2,-2,2,2,1,2,1,1,4
839,836,836,836,21,19,20,18,3,0,0,2,-1,2,3,1,2,2,2,4
473,468,468,468,13,14,12,13,5,0,0,-1,2,-1,0,1,3,3,1,4
991,991,989,989,20,19,18,18,0,2,0,1,1,0,2,2,2,1,3,4
1043,1040,1033,1033,13,16,15,16,3,7,0,-3,1,-1,-3,2,1,2,2,4
981,979,979,979,17,16,18,18,2,0,0,1,-2,0,-1,2,1,1,1,4
951,946,946,946,13,16,15,16,5,0,0,-3,1,-1,-3,1,1,1,1,4
323,316,311,316,18,19,18,19,7,5,-5,-1,1,-1,-1,1,2,2,2,4
452,447,445,440,20,19,20,21,5,2,5,1,-1,-1,-1,2,2,1,1,4
250,239,239,239,14,17,15,16,11,0,0,-3,2,-1,-2,2,3,3,1,4
499,496,496,494,18,19,18,19,3,0,2,-1,1,-1,-1,2,1,1,2,4
1061,1059,1057,1059,20,19,20,18,2,2,-2,1,-1,2,2,2,1,2,1,4
1068,1073,1068,1066,13,16,15,16,-5,5,2,-3,1,-1,-3,1,1,1,2,4
332,337,332,332,17,16,18,18,-5,5,0,1,-2,0,-1,1,1,1,1,4
367,363,358,360,17,16,15,16,4,5,-2,1,1,-1,1,2,2,2,1,4
939,925,925,925,13,17,15,16,14,0,0,-4,2,-1,-3,2,2,2,2,4
260,257,253,246,14,14,15,13,3,4,7,0,-1,2,1,2,3,1,2,4
555,555,557,553,18,19,18,18,0,-2,4,-1,1,0,0,2,2,3,3,4
443,440,436,436,13,14,12,13,3,4,0,-1,2,-1,0,2,1,3,1,4
672,665,667,670,13,14,15,16,7,-2,-3,-1,-1,-1,-3,2,1,2,1,4
1050,1045,1043,1040,20,19,20,21,5,2,3,1,-1,-1,-1,1,1,2,3,4
508,506,503,503,18,19,18,19,2,3,0,-1,1,-1,-1,2,3,2,2,4
400,391,384,384,13,14,12,13,9,7,0,-1,2,-1,0,2,2,1,1,4
496,489,487,489,14,17,15,16,7,2,-2,-3,2,-1,-2,1,2,3,2,4
937,939,935,932,13,14,13,13,-2,4,3,-1,1,0,0,1,2,2,1,4
231,229,220,222,18,19,18,19,2,9,-2,-1,1,-1,-1,2,1,1,2,4
356,349,349,349,13,14,12,13,7,0,0,-1,2,-1,0,1,2,2,2,4
921,914,909,907,14,17,15,16,7,5,2,-3,2,-1,-2,2,3,1,2,4
339,337,335,337,17,16,18,16,2,2,-2,1,-2,2,1,2,1,2,1,4
513,508,501,501,14,14,15,16,5,7,0,0,-1,-1,-2,2,2,1,3,4
677,674,670,670,17,16,18,18,3,4,0,1,-2,0,-1,2,1,1,1,4
820,817,815,834,18,19,18,18,3,2,-19,-1,1,0,0,3,2,1,1,4
904,895,900,895,21,19,20,19,9,-5,5,2,-1,1,2,1,1,1,1,4
471,473,473,473,17,16,18,18,-2,0,0,1,-2,0,-1,2,1,1,1,4
236,229,220,222,14,14,13,13,7,9,-2,0,1,0,1,2,3,1,2,4
773,766,764,761,20,19,20,18,7,2,3,1,-1,2,2,1,2,1,2,4
220,213,210,215,18,19,18,19,7,3,-5,-1,1,-1,-1,3,2,1,1,4
850,853,850,850,21,19,20,18,-3,3,0,2,-1,2,3,2,1,2,2,4
679,682,679,679,17,16,18,16,-3,3,0,1,-2,2,1,1,2,1,1,4
628,623,623,621,21,19,21,21,5,0,2,2,-2,0,0,1,1,1,2,4
412,407,407,407,17,16,18,16,5,0,0,1,-2,2,1,1,1,3,1,4
524,517,513,513,21,19,20,21,7,4,0,2,-1,-1,0,1,2,2,2,4
482,478,473,478,18,19,18,18,4,5,-5,-1,1,0,0,1,1,1,1,4
241,234,229,232,14,14,13,13,7,5,-3,0,1,0,1,2,1,1,2,4
318,309,309,309,14,17,15,16,9,0,0,-3,2,-1,-2,3,1,1,1,4
419,417,419,419,13,14,15,13,2,-2,0,-1,-1,2,0,2,3,2,2,4
517,510,506,506,14,17,15,16,7,4,0,-3,2,-1,-2,2,1,1,1,4
571,560,562,567,14,14,15,13,11,-2,-5,0,-1,2,1,1,2,1,1,4
705,707,700,703,13,14,15,13,-2,7,-3,-1,-1,2,0,2,3,2,1,4
689,679,679,679,13,14,15,13,10,0,0,-1,-1,2,0,1,1,1,1,4
904,904,888,890,14,14,13,13,0,16,-2,0,1,0,1,3,1,2,1,4
918,916,914,914,18,19,18,19,2,2,0,-1,1,-1,-1,1,2,3,1,4
487,482,478,478,21,19,20,21,5,4,0,2,-1,-1,0,3,1,1,1,4
787,785,785,782,14,14,15,16,2,0,3,0,-1,-1,-2,3,2,2,1,4
646,644,642,646,13,14,12,13,2,2,-4,-1,2,-1,0,3,2,3,1,4
834,829,834,832,18,19,18,19,5,-5,2,-1,1,-1,-1,1,1,1,2,4
907,904,900,900,14,17,15,16,3,4,0,-3,2,-1,-2,2,1,1,1,4
234,234,229,229,14,17,15,16,0,5,0,-3,2,-1,-2,1,1,1,3,4
445,443,440,440,20,19,20,18,2,3,0,1,-1,2,2,1,2,1,1,4
288,288,286,290,14,14,15,13,0,2,-4,0,-1,2,1,2,2,1,1,4
909,909,904,904,18,17,18,16,0,5,0,1,-1,2,2,1,3,1,3,4
424,419,417,414,13,14,12,13,5,2,3,-1,2,-1,0,2,2,1,2,4
234,227,229,229,18,17,18,19,7,-2,0,1,-1,-1,-1,1,2,3,1,4
393,384,384,384,20,19,20,21,9,0,0,1,-1,-1,-1,1,1,1,1,4
853,860,853,853,18,19,18,18,-7,7,0,-1,1,0,0,1,2,3,1,4
503,501,494,492,14,17,15,16,2,7,2,-3,2,-1,-2,2,1,2,1,4
424,419,417,417,13,14,15,13,5,2,0,-1,-1,2,0,2,2,1,3,4
625,625,623,625,14,17,15,16,0,2,-2,-3,2,-1,-2,2,2,1,2,4
965,963,965,965,17,19,18,18,2,-2,0,-2,1,0,-1,3,2,3,1,4
365,367,363,365,17,16,15,16,-2,4,-2,1,1,-1,1,1,2,2,1,4
956,953,951,956,20,19,20,21,3,2,-5,1,-1,-1,-1,3,2,1,3,4
393,389,389,412,20,19,20,18,4,0,-23,1,-1,2,2,1,1,1,1,4
1075,1073,1066,1068,17,16,18,16,2,7,-2,1,-2,2,1,2,1,2,1,4
785,785,785,782,14,14,15,13,0,0,3,0,-1,2,1,2,2,2,1,4
946,942,937,937,13,14,12,13,4,5,0,-1,2,-1,0,1,1,1,1,4
1000,1003,1003,1003,20,19,20,18,-3,0,0,1,-1,2,2,2,1,1,1,4
660,649,649,651,17,16,15,16,11,0,-2,1,1,-1,1,3,2,2,1,4
853,841,836,834,18,17,18,18,12,5,2,1,-1,0,0,1,2,2,3,4
1045,1045,1043,1040,13,14,15,13,0,2,3,-1,-1,2,0,1,3,2,1,4
482,475,478,478,14,14,15,13,7,-3,0,0,-1,2,1,1,2,1,1,4
356,356,351,353,17,16,18,18,0,5,-2,1,-2,0,-1,3,1,1,2,4
473,473,468,464,20,19,20,18,0,5,4,1,-1,2,2,3,3,1,1,4
881,878,871,876,18,19,18,18,3,7,-5,-1,1,0,0,1,2,1,1,4
632,632,625,632,17,16,18,18,0,7,-7,1,-2,0,-1,1,1,2,1,4
796,782,773,773,14,14,12,13,14,9,0,0,2,-1,1,1,1,1,1,4
625,618,623,625,18,19,18,19,7,-5,-2,-1,1,-1,-1,2,3,1,2,4
693,691,689,689,20,19,18,18,2,2,0,1,1,0,2,1,2,1,1,4
482,478,475,473,14,16,15,16,4,3,2,-2,1,-1,-2,1,1,2,1,4
548,543,539,541,18,17,18,16,5,4,-2,1,-1,2,2,1,1,3,2,4
473,466,464,466,20,19,20,21,7,2,-2,1,-1,-1,-1,1,2,1,2,4
494,485,482,482,14,14,13,13,9,3,0,0,1,0,1,2,2,1,1,4
960,953,958,960,17,16,18,16,7,-5,-2,1,-2,2,1,1,2,2,1,4
384,414,410,412,13,14,12,13,-30,4,-2,-1,2,-1,0,1,2,2,1,4
595,595,595,595,21,19,20,21,0,0,0,2,-1,-1,0,1,3,1,3,4
628,616,611,609,14,14,13,13,12,5,2,0,1,0,1,1,2,2,1,4
1043,1040,1031,1033,13,14,12,13,3,9,-2,-1,2,-1,0,2,1,1,2,4
888,876,867,871,14,14,15,13,12,9,-4,0,-1,2,1,2,1,3,1,4
482,485,485,482,18,17,18,19,-3,0,3,1,-1,-1,-1,1,2,2,1,4
815,806,810,808,14,17,15,16,9,-4,2,-3,2,-1,-2,3,1,1,2,4
911,909,900,904,14,17,15,16,2,9,-4,-3,2,-1,-2,2,1,1,1,4
787,785,778,778,18,19,18,18,2,7,0,-1,1,0,0,1,2,1,1,4
1050,1045,1050,1043,20,19,20,18,5,-5,7,1,-1,2,2,3,1,1,2,4
759,761,754,754,13,14,12,13,-2,7,0,-1,2,-1,0,1,2,1,1,4
513,510,506,515,14,17,15,16,3,4,-9,-3,2,-1,-2,2,3,3,1,4
656,649,651,653,20,19,18,18,7,-2,-2,1,1,0,2,1,2,1,2,4
970,965,960,970,13,14,15,16,5,5,-10,-1,-1,-1,-3,1,1,3,1,4
674,670,672,674,20,19,18,18,4,-2,-2,1,1,0,2,1,1,2,1,4
473,468,459,461,13,14,15,16,5,9,-2,-1,-1,-1,-3,1,3,3,2,4
267,255,250,250,14,14,13,13,12,5,0,0,1,0,1,3,2,2,2,4
443,440,431,431,13,14,15,13,3,9,0,-1,-1,2,0,2,3,1,1,4
485,482,485,482,18,19,18,19,3,-3,3,-1,1,-1,-1,2,1,2,1,4
621,618,616,614,18,19,18,19,3,2,2,-1,1,-1,-1,2,1,2,1,4
1064,1064,1059,1059,13,14,15,13,0,5,0,-1,-1,2,0,1,3,1,3,4
932,923,923,928,13,14,13,13,9,0,-5,-1,1,0,0,1,3,1,1,4
396,396,393,393,13,14,15,13,0,3,0,-1,-1,2,0,2,2,1,1,4
189,182,192,208,21,19,21,19,7,-10,-16,2,-2,2,2,2,1,1,2,4
625,628,621,623,18,19,18,19,-3,7,-2,-1,1,-1,-1,2,1,2,1,4
820,817,815,815,18,17,18,16,3,2,0,1,-1,2,2,1,2,3,1,4
1057,1054,1052,1050,17,16,18,18,3,2,2,1,-2,0,-1,2,1,2,1,4
539,534,532,539,14,14,15,16,5,2,-7,0,-1,-1,-2,3,3,2,1,4
194,187,182,182,14,17,15,16,7,5,0,-3,2,-1,-2,2,3,1,1,4
719,721,721,721,13,14,15,13,-2,0,0,-1,-1,2,0,2,3,1,3,4
970,970,960,960,13,14,12,13,0,10,0,-1,2,-1,0,3,3,3,1,4
705,703,700,698,13,16,15,16,2,3,2,-3,1,-1,-3,2,1,2,3,4
576,569,569,569,18,19,18,18,7,0,0,-1,1,0,0,1,2,2,2,4
963,960,956,960,17,16,18,16,3,4,-4,1,-2,2,1,2,1,3,1,4
332,339,332,332,13,14,13,13,-7,7,0,-1,1,0,0,1,2,1,1,4
529,524,520,520,18,17,18,19,5,4,0,1,-1,-1,-1,1,1,3,1,4
1029,1021,1024,1026,13,14,12,13,8,-3,-2,-1,2,-1,0,2,3,2,1,4
729,740,736,736,13,14,15,13,-11,4,0,-1,-1,2,0,2,3,1,1,4
323,316,311,318,18,19,18,19,7,5,-7,-1,1,-1,-1,1,2,2,1,4
893,888,886,888,18,19,18,19,5,2,-2,-1,1,-1,-1,2,2,1,2,4
714,712,710,707,17,16,18,16,2,2,3,1,-2,2,1,2,1,2,1,4
782,775,778,775,21,19,20,18,7,-3,3,2,-1,2,3,1,2,1,2,4
503,499,501,501,14,17,15,16,4,-2,0,-3,2,-1,-2,2,2,1,1,4
271,271,264,262,14,17,15,16,0,7,2,-3,2,-1,-2,1,3,2,1,4
239,229,222,224,18,19,18,19,10,7,-2,-1,1,-1,-1,3,1,2,3,4
862,857,855,860,14,14,15,13,5,2,-5,0,-1,2,1,1,3,2,2,4
956,951,949,946,17,19,18,18,5,2,3,-2,1,0,-1,1,1,2,3,4
705,705,698,700,13,14,15,13,0,7,-2,-1,-1,2,0,2,2,1,2,4
820,822,820,824,18,19,18,19,-2,2,-4,-1,1,-1,-1,1,2,1,1,4
346,351,351,349,20,19,20,21,-5,0,2,1,-1,-1,-1,1,1,1,2,4
185,182,1073,1075,14,14,12,13,3,-891,-2,0,2,-1,1,2,1,1,2,4
1021,1019,1014,1014,17,16,18,18,2,5,0,1,-2,0,-1,3,2,2,2,4
724,717,714,714,20,19,20,21,7,3,0,1,-1,-1,-1,2,1,2,2,4
246,236,239,239,21,19,20,18,10,-3,0,2,-1,2,3,2,2,1,3,4
323,311,302,302,14,14,13,13,12,9,0,0,1,0,1,1,2,2,2,4
367,370,365,372,13,14,12,13,-3,5,-7,-1,2,-1,0,2,3,3,2,4
1003,1003,998,998,20,19,18,18,0,5,0,1,1,0,2,3,1,1,1,4
820,817,815,817,18,17,18,19,3,2,-2,1,-1,-1,-1,3,2,1,2,4
196,192,187,189,14,14,13,13,4,5,-2,0,1,0,1,3,3,3,2,4
586,581,576,576,18,17,18,18,5,5,0,1,-1,0,0,1,1,1,1,4
1000,998,998,998,17,16,18,18,2,0,0,1,-2,0,-1,2,1,1,1,4
414,405,400,398,13,14,15,13,9,5,2,-1,-1,2,0,2,2,2,3,4
403,398,398,396,17,16,15,16,5,0,2,1,1,-1,1,1,3,1,2,4
337,337,325,325,17,19,18,19,0,12,0,-2,1,-1,-2,3,3,2,2,4
696,689,686,686,13,14,12,13,7,3,0,-1,2,-1,0,2,1,2,2,4
571,562,564,560,21,19,20,18,9,-2,4,2,-1,2,3,1,1,2,2,4
705,705,698,698,17,19,18,18,0,7,0,-2,1,0,-1,2,2,1,1,4
372,365,365,365,13,16,15,16,7,0,0,-3,1,-1,-3,2,1,1,1,4
468,473,471,468,20,19,20,18,-5,2,3,1,-1,2,2,1,1,2,1,4
524,522,524,524,21,19,20,19,2,-2,0,2,-1,1,2,1,2,1,1,4
201,192,192,192,18,19,18,19,9,0,0,-1,1,-1,-1,3,1,3,1,4
586,586,576,578,21,19,20,19,0,10,-2,2,-1,1,2,3,1,1,2,4
508,501,503,501,18,19,18,19,7,-2,2,-1,1,-1,-1,2,1,2,3,4
346,346,353,349,13,14,15,13,0,-7,4,-1,-1,2,0,1,3,2,2,4
499,492,489,489,18,19,18,19,7,3,0,-1,1,-1,-1,2,1,2,2,4
206,199,192,192,18,17,18,16,7,7,0,1,-1,2,2,3,2,1,3,4
485,475,478,478,14,14,15,13,10,-3,0,0,-1,2,1,2,2,1,1,4
510,506,506,506,14,14,13,13,4,0,0,0,1,0,1,1,3,1,1,4
792,787,785,785,18,19,18,19,5,2,0,-1,1,-1,-1,1,1,2,2,4
335,323,328,328,13,14,15,13,12,-5,0,-1,-1,2,0,2,3,1,1,4
794,794,792,794,14,14,13,13,0,2,-2,0,1,0,1,2,2,1,2,4
267,267,267,264,18,17,18,18,0,0,3,1,-1,0,0,1,1,1,2,4
897,895,897,895,14,14,13,13,2,-2,2,0,1,0,1,2,1,2,1,4
886,886,883,886,21,19,20,21,0,3,-3,2,-1,-1,0,3,1,2,1,4
935,925,928,925,17,17,18,16,10,-3,3,0,-1,2,1,2,2,1,2,4
862,855,862,855,14,19,15,16,7,-7,7,-5,4,-1,-2,1,2,1,2,4
881,878,876,876,21,19,20,21,3,2,0,2,-1,-1,0,1,2,1,1,4
307,300,300,300,14,14,15,13,7,0,0,0,-1,2,1,2,1,3,3,4
279,274,269,271,14,14,13,13,5,5,-2,0,1,0,1,2,2,2,1,4
691,689,684,689,17,19,18,18,2,5,-5,-2,1,0,-1,2,1,3,1,4
1033,1036,1031,1031,20,19,20,18,-3,5,0,1,-1,2,2,2,1,1,1,4
1036,1033,1031,1031,20,19,20,21,3,2,0,1,-1,-1,-1,1,2,1,1,4
417,410,407,403,20,19,18,18,7,3,4,1,1,0,2,3,2,1,1,4
529,520,524,524,21,19,20,21,9,-4,0,2,-1,-1,0,1,1,3,3,4
541,541,541,541,21,19,20,18,0,0,0,2,-1,2,3,2,2,2,2,4
681,679,679,679,20,19,18,18,2,0,0,1,1,0,2,2,3,1,1,4
1026,1021,1028,1026,13,14,12,13,5,-7,2,-1,2,-1,0,3,1,2,1,4
925,918,909,909,14,14,15,13,7,9,0,0,-1,2,1,2,3,3,1,4
897,897,890,893,14,17,15,16,0,7,-3,-3,2,-1,-2,2,2,1,2,4
674,667,663,665,13,14,12,13,7,4,-2,-1,2,-1,0,3,2,2,1,4
953,951,946,946,17,19,18,18,2,5,0,-2,1,0,-1,2,1,1,1,4
824,820,820,824,18,17,18,16,4,0,-4,1,-1,2,2,1,1,1,1,4
621,625,621,623,14,17,15,16,-4,4,-2,-3,2,-1,-2,2,2,2,1,4
517,517,515,515,18,17,18,16,0,2,0,1,-1,2,2,2,2,1,3,4
192,187,182,182,14,14,13,13,5,5,0,0,1,0,1,1,1,1,1,4
665,660,660,656,13,14,12,13,5,0,4,-1,2,-1,0,3,1,3,1,4
302,286,286,286,18,17,18,19,16,0,0,1,-1,-1,-1,2,1,3,1,4
548,548,541,543,14,17,15,16,0,7,-2,-3,2,-1,-2,1,3,2,1,4
286,281,281,283,21,19,20,21,5,0,-2,2,-1,-1,0,1,1,1,2,4
396,389,386,379,13,14,12,13,7,3,7,-1,2,-1,0,2,1,2,1,4
902,900,893,895,21,19,20,21,2,7,-2,2,-1,-1,0,2,1,2,1,4
328,321,321,318,14,17,15,16,7,0,3,-3,2,-1,-2,1,2,2,1,4
883,881,876,876,14,17,15,16,2,5,0,-3,2,-1,-2,2,3,3,1,4
853,843,841,839,18,17,18,18,10,2,2,1,-1,0,0,1,3,2,1,4
1054,1050,1050,1050,17,16,18,16,4,0,0,1,-2,2,1,1,1,1,1,4
667,667,665,670,17,16,18,18,0,2,-5,1,-2,0,-1,2,2,1,1,4
236,227,224,227,21,19,20,21,9,3,-3,2,-1,-1,0,2,2,1,2,4
822,822,822,822,18,17,18,19,0,0,0,1,-1,-1,-1,2,2,2,2,4
194,1075,1073,1078,14,14,12,13,-881,2,-5,0,2,-1,1,2,2,1,1,4
925,925,923,921,14,14,15,13,0,2,2,0,-1,2,1,2,2,1,2,4
520,515,510,515,21,19,20,21,5,5,-5,2,-1,-1,0,3,1,1,1,4
949,946,949,946,20,19,20,21,3,-3,3,1,-1,-1,-1,2,1,2,1,4
970,970,965,967,17,16,18,16,0,5,-2,1,-2,2,1,1,1,1,2,4
815,808,806,808,18,17,18,16,7,2,-2,1,-1,2,2,1,2,1,2,4
560,562,562,560,21,19,20,18,-2,0,2,2,-1,2,3,2,1,1,2,4
215,210,208,201,14,14,15,13,5,2,7,0,-1,2,1,1,1,2,1,4
965,960,953,951,17,16,18,16,5,7,2,1,-2,2,1,1,1,2,1,4
384,379,384,379,13,14,15,13,5,-5,5,-1,-1,2,0,3,1,3,3,4
264,262,262,262,21,19,20,18,2,0,0,2,-1,2,3,2,3,1,1,4
879,867,862,862,18,19,20,18,12,5,0,-1,-1,2,0,2,1,1,3,4
496,496,496,496,14,17,15,16,0,0,0,-3,2,-1,-2,1,3,1,1,4
325,325,323,316,18,17,18,19,0,2,7,1,-1,-1,-1,2,2,1,2,4
824,815,806,810,14,14,15,13,9,9,-4,0,-1,2,1,1,3,3,3,4
886,878,869,876,21,19,20,21,8,9,-7,2,-1,-1,0,1,2,2,1,4
337,337,332,335,20,19,20,21,0,5,-3,1,-1,-1,-1,3,1,1,2,4
674,670,667,665,17,16,18,18,4,3,2,1,-2,0,-1,1,3,2,1,4
224,215,206,208,21,19,20,21,9,9,-2,2,-1,-1,0,1,3,1,2,4
407,407,405,407,13,14,15,13,0,2,-2,-1,-1,2,0,3,1,2,3,4
485,475,478,478,18,19,18,18,10,-3,0,-1,1,0,0,2,2,1,1,4
871,864,860,860,14,14,13,13,7,4,0,0,1,0,1,1,2,2,2,4
281,269,267,267,18,17,18,16,12,2,0,1,-1,2,2,3,2,1,1,4
710,703,700,698,17,19,18,18,7,3,2,-2,1,0,-1,2,3,2,3,4
262,255,257,253,14,14,13,13,7,-2,4,0,1,0,1,1,2,1,1,4
325,323,321,325,18,17,18,19,2,2,-4,1,-1,-1,-1,2,1,2,2,4
684,679,679,679,13,14,12,13,5,0,0,-1,2,-1,0,3,1,1,1,4
290,286,288,290,18,19,18,19,4,-2,-2,-1,1,-1,-1,1,3,2,1,4
576,574,571,571,21,19,20,21,2,3,0,2,-1,-1,0,1,2,1,1,4
288,276,276,276,14,14,13,13,12,0,0,0,1,0,1,2,3,1,1,4
996,989,993,993,13,16,15,16,7,-4,0,-3,1,-1,-3,2,1,1,1,4
642,635,635,642,13,14,15,13,7,0,-7,-1,-1,2,0,1,2,2,1,4
217,213,210,206,14,14,15,13,4,3,4,0,-1,2,1,2,2,1,1,4
574,567,562,562,21,19,20,18,7,5,0,2,-1,2,3,2,1,1,1,4
864,853,848,848,14,14,13,13,11,5,0,0,1,0,1,2,1,1,1,4
946,942,944,939,20,19,20,21,4,-2,5,1,-1,-1,-1,1,3,2,2,4
253,250,248,248,14,14,15,13,3,2,0,0,-1,2,1,3,2,1,1,4
956,953,946,939,13,16,15,16,3,7,7,-3,1,-1,-3,1,2,1,2,4
220,206,201,199,18,17,18,19,14,5,2,1,-1,-1,-1,1,1,1,2,4
616,614,609,609,21,19,21,19,2,5,0,2,-2,2,2,2,1,1,3,4
637,637,637,639,17,16,18,16,0,0,-2,1,-2,2,1,1,3,1,2,4
839,829,829,829,21,19,20,21,10,0,0,2,-1,-1,0,3,3,1,1,4
391,393,386,389,20,19,20,18,-2,7,-3,1,-1,2,2,2,3,2,1,4
672,674,667,670,13,14,12,13,-2,7,-3,-1,2,-1,0,2,1,2,1,4
459,461,459,464,17,16,18,18,-2,2,-5,1,-2,0,-1,1,2,3,3,4
867,867,867,857,14,14,15,13,0,0,10,0,-1,2,1,3,3,1,1,4
1078,1078,1073,1073,17,16,15,16,0,5,0,1,1,-1,1,1,1,1,1,4
853,846,843,843,21,19,20,21,7,3,0,2,-1,-1,0,1,2,1,3,4
279,271,271,267,18,17,18,18,8,0,4,1,-1,0,0,2,3,1,1,4
993,982,986,984,13,16,15,16,11,-4,2,-3,1,-1,-3,1,2,2,3,4
262,253,250,255,14,17,15,16,9,3,-5,-3,2,-1,-2,1,3,2,2,4
187,1078,1073,1073,21,19,20,21,-891,5,0,2,-1,-1,0,1,1,1,1,4
1047,1050,1045,1045,13,14,15,16,-3,5,0,-1,-1,-1,-3,2,3,1,1,4
815,815,810,810,14,14,15,13,0,5,0,0,-1,2,1,3,1,1,1,4
541,534,534,534,18,19,18,18,7,0,0,-1,1,0,0,2,1,1,3,4
1059,1054,1052,1052,17,16,15,16,5,2,0,1,1,-1,1,3,3,2,2,4
707,705,703,703,17,19,18,18,2,2,0,-2,1,0,-1,1,2,3,1,4
248,239,222,229,14,14,13,13,9,17,-7,0,1,0,1,1,3,2,1,4
862,857,857,871,18,17,18,16,5,0,-14,1,-1,2,2,1,1,1,3,4
468,466,461,452,17,16,18,16,2,5,9,1,-2,2,1,1,2,2,2,4
574,571,564,562,18,17,18,18,3,7,2,1,-1,0,0,2,1,2,1,4
893,893,890,886,14,14,15,13,0,3,4,0,-1,2,1,2,2,1,3,4
346,344,342,342,13,14,12,13,2,2,0,-1,2,-1,0,3,2,3,1,4
475,466,464,468,13,14,12,13,9,2,-4,-1,2,-1,0,2,2,1,3,4
1064,1064,1066,1064,17,16,18,18,0,-2,2,1,-2,0,-1,3,1,2,1,4
789,785,782,787,21,19,21,21,4,3,-5,2,-2,0,0,2,2,1,1,4
499,494,492,492,14,14,13,13,5,2,0,0,1,0,1,2,2,1,1,4
457,457,452,454,17,16,18,18,0,5,-2,1,-2,0,-1,2,2,2,1,4
935,925,921,921,17,17,18,16,10,4,0,0,-1,2,1,2,2,2,2,4
921,909,904,904,18,19,18,19,12,5,0,-1,1,-1,-1,2,1,1,1,4
1059,1057,1045,1045,13,14,15,13,2,12,0,-1,-1,2,0,3,2,1,3,4
239,234,236,236,14,17,15,16,5,-2,0,-3,2,-1,-2,1,3,2,2,4
346,344,337,337,20,19,20,21,2,7,0,1,-1,-1,-1,1,2,3,1,4
187,187,185,182,14,17,15,16,0,2,3,-3,2,-1,-2,1,1,2,1,4
1000,1003,1000,998,20,19,20,21,-3,3,2,1,-1,-1,-1,2,3,2,1,4
335,337,335,332,13,14,15,13,-2,2,3,-1,-1,2,0,2,1,2,1,4
789,787,782,785,14,17,15,16,2,5,-3,-3,2,-1,-2,2,1,1,2,4
267,262,262,264,14,17,15,16,5,0,-2,-3,2,-1,-2,1,1,1,2,4
541,536,532,532,14,17,15,16,5,4,0,-3,2,-1,-2,2,2,2,2,4
850,886,846,843,14,17,15,16,-36,40,3,-3,2,-1,-2,2,1,2,1,4
210,203,199,199,18,19,18,19,7,4,0,-1,1,-1,-1,1,2,2,2,4
510,506,510,508,14,14,15,13,4,-4,2,0,-1,2,1,3,3,1,2,4
454,450,447,445,13,14,15,13,4,3,2,-1,-1,2,0,1,1,2,1,4
1066,1064,1064,1066,17,16,18,16,2,0,-2,1,-2,2,1,2,1,1,2,4
407,407,398,398,13,14,12,13,0,9,0,-1,2,-1,0,1,1,1,1,4
960,958,953,951,20,19,18,18,2,5,2,1,1,0,2,1,2,2,1,4
461,459,454,454,17,16,18,16,2,5,0,1,-2,2,1,2,1,3,1,4
508,499,492,496,14,14,13,13,9,7,-4,0,1,0,1,2,2,3,1,4
881,886,886,888,14,17,15,16,-5,0,-2,-3,2,-1,-2,3,3,3,2,4
918,918,918,914,14,14,13,13,0,0,4,0,1,0,1,1,1,1,1,4
360,356,351,353,17,16,18,16,4,5,-2,1,-2,2,1,1,1,1,2,4
206,208,199,201,18,19,18,19,-2,9,-2,-1,1,-1,-1,3,2,2,1,4
796,787,787,785,21,19,21,21,9,0,2,2,-2,0,0,1,3,1,2,4
1045,1040,1036,1038,13,14,15,13,5,4,-2,-1,-1,2,0,1,3,1,2,4
879,876,871,874,18,19,18,18,3,5,-3,-1,1,0,0,2,1,1,2,4
337,335,335,332,20,19,20,18,2,0,3,1,-1,2,2,1,2,2,1,4
628,623,625,625,21,19,21,21,5,-2,0,2,-2,0,0,1,1,2,2,4
946,937,942,942,20,19,20,18,9,-5,0,1,-1,2,2,1,1,1,1,4
768,771,768,768,17,16,15,16,-3,3,0,1,1,-1,1,3,2,1,1,4
553,548,541,543,14,14,13,13,5,7,-2,0,1,0,1,1,1,2,1,4
796,796,792,796,14,14,15,13,0,4,-4,0,-1,2,1,3,3,3,1,4
656,651,651,653,13,14,12,13,5,0,-2,-1,2,-1,0,1,3,1,2,4
548,543,539,539,14,17,15,16,5,4,0,-3,2,-1,-2,3,1,1,1,4
569,567,560,560,18,17,18,16,2,7,0,1,-1,2,2,2,3,2,2,4
750,752,750,750,13,14,15,13,-2,2,0,-1,-1,2,0,1,2,1,3,4
182,1075,1075,1078,14,16,15,16,-893,0,-3,-2,1,-1,-2,1,2,2,1,4
571,569,562,562,14,14,15,16,2,7,0,0,-1,-1,-2,1,2,1,1,4
1003,1003,1003,1010,13,14,12,13,0,0,-7,-1,2,-1,0,1,3,1,2,4
318,316,318,318,14,14,15,13,2,-2,0,0,-1,2,1,3,2,1,1,4
295,293,288,290,18,17,18,16,2,5,-2,1,-1,2,2,1,2,2,3,4
372,358,358,360,13,14,12,13,14,0,-2,-1,2,-1,0,2,2,2,1,4
625,618,611,609,14,14,13,13,7,7,2,0,1,0,1,2,1,2,1,4
963,958,956,956,13,14,12,13,5,2,0,-1,2,-1,0,2,2,1,1,4
900,902,900,900,18,17,18,16,-2,2,0,1,-1,2,2,1,2,1,1,4
932,925,921,923,13,14,13,13,7,4,-2,-1,1,0,0,1,2,2,1,4
853,848,848,846,18,17,18,16,5,0,2,1,-1,2,2,1,1,1,2,4
1061,1054,1050,1050,13,14,15,13,7,4,0,-1,-1,2,0,2,1,1,1,4
562,564,550,560,14,14,15,13,-2,14,-10,0,-1,2,1,1,2,2,2,4
871,860,864,871,21,19,20,21,11,-4,-7,2,-1,-1,0,1,2,2,1,4
653,653,651,651,13,14,15,16,0,2,0,-1,-1,-1,-3,2,2,1,1,4
862,850,841,850,14,14,15,13,12,9,-9,0,-1,2,1,1,2,2,2,4
290,286,283,286,14,14,15,13,4,3,-3,0,-1,2,1,1,3,2,1,4
321,316,307,311,14,17,15,16,5,9,-4,-3,2,-1,-2,2,2,2,2,4
487,487,485,482,18,17,18,19,0,2,3,1,-1,-1,-1,3,1,2,1,4
801,806,796,796,14,17,15,16,-5,10,0,-3,2,-1,-2,3,3,1,3,4
499,499,492,496,18,19,18,19,0,7,-4,-1,1,-1,-1,2,2,1,1,4
1061,1061,1054,1054,20,19,20,21,0,7,0,1,-1,-1,-1,2,2,1,1,4
515,503,496,496,14,14,13,13,12,7,0,0,1,0,1,1,2,1,1,4
187,1075,1078,192,21,19,20,21,-888,-3,886,2,-1,-1,0,1,2,1,3,4
787,782,775,773,14,17,15,16,5,7,2,-3,2,-1,-2,1,1,2,3,4
991,993,993,989,20,19,20,21,-2,0,4,1,-1,-1,-1,2,3,1,1,4
729,721,714,717,13,14,12,13,8,7,-3,-1,2,-1,0,2,3,2,1,4
925,921,918,918,18,19,18,19,4,3,0,-1,1,-1,-1,2,2,1,1,4
499,494,492,492,18,19,18,19,5,2,0,-1,1,-1,-1,2,2,3,1,4
335,328,325,328,17,17,18,19,7,3,-3,0,-1,-1,-2,2,1,2,1,4
717,714,707,707,20,19,20,18,3,7,0,1,-1,2,2,1,2,1,1,4
241,234,234,232,21,19,20,21,7,0,2,2,-1,-1,0,2,1,1,2,4
236,234,232,227,18,19,18,19,2,2,5,-1,1,-1,-1,2,1,2,2,4
1000,1010,1000,1000,20,19,18,18,-10,10,0,1,1,0,2,2,2,2,2,4
234,227,222,227,14,14,13,13,7,5,-5,0,1,0,1,1,2,2,2,4
274,267,260,262,14,17,15,16,7,7,-2,-3,2,-1,-2,2,3,2,1,4
750,745,745,750,20,19,18,18,5,0,-5,1,1,0,2,3,1,1,1,4
831,829,822,824,14,17,15,16,2,7,-2,-3,2,-1,-2,2,1,2,3,4
208,213,210,201,14,17,15,16,-5,3,9,-3,2,-1,-2,2,2,1,1,4
433,426,421,421,17,16,18,18,7,5,0,1,-2,0,-1,2,1,1,3,4
279,271,271,271,21,19,20,21,8,0,0,2,-1,-1,0,2,1,1,1,4
1059,1057,1059,1054,13,14,15,13,2,-2,5,-1,-1,2,0,1,2,1,1,4
768,766,768,764,13,14,12,13,2,-2,4,-1,2,-1,0,1,2,1,1,4
1066,1057,1050,1054,13,14,12,13,9,7,-4,-1,2,-1,0,2,2,1,1,4
967,965,960,965,17,16,18,16,2,5,-5,1,-2,2,1,2,3,1,1,4
571,564,567,567,18,17,18,18,7,-3,0,1,-1,0,0,1,2,3,1,4
944,944,937,939,13,14,12,13,0,7,-2,-1,2,-1,0,2,2,3,2,4
752,747,752,754,17,19,18,18,5,-5,-2,-2,1,0,-1,2,2,2,1,4
531,532,532,529,14,14,15,13,-1,0,3,0,-1,2,1,2,2,2,3,4
754,743,736,736,20,19,20,18,11,7,0,1,-1,2,2,1,2,1,1,4
808,806,806,806,18,19,18,19,2,0,0,-1,1,-1,-1,2,3,1,1,4
267,255,253,250,14,14,15,13,12,2,3,0,-1,2,1,1,2,1,2,4
224,213,210,210,14,14,15,16,11,3,0,0,-1,-1,-2,3,2,1,1,4
524,522,524,527,14,14,15,13,2,-2,-3,0,-1,2,1,3,2,1,2,4
686,684,684,682,17,16,18,16,2,0,2,1,-2,2,1,2,3,1,2,4
974,977,974,974,13,14,12,13,-3,3,0,-1,2,-1,0,1,2,1,1,4
754,752,750,745,20,19,20,21,2,2,5,1,-1,-1,-1,1,2,3,3,4
553,548,548,548,14,17,15,16,5,0,0,-3,2,-1,-2,1,1,1,1,4
1031,1026,1033,1026,13,14,15,13,5,-7,7,-1,-1,2,0,3,1,2,1,4
295,293,288,293,14,14,15,13,2,5,-5,0,-1,2,1,1,2,2,2,4
967,958,960,960,13,16,15,16,9,-2,0,-3,1,-1,-3,2,2,1,1,4
468,461,452,454,13,14,12,13,7,9,-2,-1,2,-1,0,3,2,2,1,4
876,874,871,871,18,17,18,18,2,3,0,1,-1,0,0,3,2,3,1,4
466,468,468,464,17,16,18,18,-2,0,4,1,-2,0,-1,2,1,3,1,4
616,614,611,614,14,14,15,13,2,3,-3,0,-1,2,1,2,3,2,1,4
600,593,593,593,14,14,15,13,7,0,0,0,-1,2,1,1,2,2,2,4
595,595,590,590,21,19,20,21,0,5,0,2,-1,-1,0,3,1,1,1,4
360,358,356,356,13,14,12,13,2,2,0,-1,2,-1,0,3,2,1,3,4
297,281,288,297,14,14,15,13,16,-7,-9,0,-1,2,1,2,1,2,2,4
234,227,229,229,18,17,18,19,7,-2,0,1,-1,-1,-1,3,2,1,1,4
227,229,224,224,18,19,18,19,-2,5,0,-1,1,-1,-1,2,3,3,1,4
1024,1028,1017,1017,17,16,15,16,-4,11,0,1,1,-1,1,2,2,1,1,4
217,213,210,210,14,17,15,16,4,3,0,-3,2,-1,-2,2,2,1,1,4
243,239,234,234,14,14,15,16,4,5,0,0,-1,-1,-2,1,3,3,1,4
318,316,314,314,18,19,18,19,2,2,0,-1,1,-1,-1,1,2,1,1,4
351,260,262,260,20,19,20,21,91,-2,2,1,-1,-1,-1,1,2,1,2,4
396,396,391,396,17,16,18,16,0,5,-5,1,-2,2,1,2,2,2,2,4
843,841,836,836,14,14,15,13,2,5,0,0,-1,2,1,3,2,2,2,4
534,529,524,524,18,17,18,19,5,5,0,1,-1,-1,-1,1,1,1,1,4
743,738,740,745,20,19,20,18,5,-2,-5,1,-1,2,2,2,2,1,1,4
660,651,651,651,20,19,18,18,9,0,0,1,1,0,2,1,1,1,1,4
367,365,360,358,13,14,15,13,2,5,2,-1,-1,2,0,2,1,1,2,4
822,815,810,813,18,19,18,19,7,5,-3,-1,1,-1,-1,2,3,1,2,4
1054,1052,1047,1050,13,14,15,13,2,5,-3,-1,-1,2,0,1,2,2,1,4
907,897,893,890,14,14,13,13,10,4,3,0,1,0,1,2,2,2,1,4
574,571,571,569,18,19,18,18,3,0,2,-1,1,0,0,2,1,3,2,4
862,855,848,850,14,19,15,16,7,7,-2,-5,4,-1,-2,3,2,1,2,4
1031,1024,1019,1021,13,14,12,13,7,5,-2,-1,2,-1,0,3,2,2,1,4
960,951,958,960,13,16,15,16,9,-7,-2,-3,1,-1,-3,1,1,2,1,4
539,536,539,536,14,17,15,16,3,-3,3,-3,2,-1,-2,1,2,3,2,4
297,297,253,290,14,17,15,16,0,44,-37,-3,2,-1,-2,2,2,1,3,4
614,600,595,602,18,17,18,19,14,5,-7,1,-1,-1,-1,1,3,3,2,4
632,632,628,625,20,19,18,19,0,4,3,1,1,-1,1,1,1,1,2,4
717,712,714,712,13,14,12,13,5,-2,2,-1,2,-1,0,1,3,2,1,4
365,398,398,398,20,19,20,18,-33,0,0,1,-1,2,2,1,1,1,1,4
970,965,965,965,13,14,12,13,5,0,0,-1,2,-1,0,1,3,1,1,4
890,886,883,881,14,14,13,13,4,3,2,0,1,0,1,1,3,2,3,4
1019,1019,1014,1012,17,16,18,16,0,5,2,1,-2,2,1,2,2,2,1,4
991,989,989,991,17,16,18,16,2,0,-2,1,-2,2,1,2,3,1,2,4
389,379,384,384,17,16,18,16,10,-5,0,1,-2,2,1,1,3,1,1,4
553,543,539,543,14,14,13,13,10,4,-4,0,1,0,1,1,3,1,1,4
356,349,342,344,13,14,15,13,7,7,-2,-1,-1,2,0,1,2,1,2,4
665,660,658,656,13,14,12,13,5,2,2,-1,2,-1,0,3,3,2,1,4
981,979,974,974,17,16,15,16,2,5,0,1,1,-1,1,2,1,3,1,4
1068,1066,1059,1064,13,14,15,16,2,7,-5,-1,-1,-1,-3,1,2,3,3,4
607,602,602,595,21,19,20,19,5,0,7,2,-1,1,2,2,2,2,1,4
977,979,977,977,20,19,20,21,-2,2,0,1,-1,-1,-1,2,1,2,2,4
768,773,766,764,20,19,18,18,-5,7,2,1,1,0,2,1,3,2,1,4
363,356,353,346,13,14,15,16,7,3,7,-1,-1,-1,-3,2,3,2,1,4
546,541,543,543,21,19,20,18,5,-2,0,2,-1,2,3,2,2,1,3,4
374,365,367,367,13,14,15,13,9,-2,0,-1,-1,2,0,3,1,2,2,4
196,192,187,187,14,14,13,13,4,5,0,0,1,0,1,1,1,1,3,4
246,241,241,241,14,14,15,13,5,0,0,0,-1,2,1,2,2,2,2,4
529,527,527,522,14,14,13,13,2,0,5,0,1,0,1,1,2,2,2,4
848,839,836,836,14,17,15,16,9,3,0,-3,2,-1,-2,3,1,2,2,4
1036,1031,1031,1031,17,16,15,16,5,0,0,1,1,-1,1,3,1,1,1,4
210,203,201,201,21,19,21,19,7,2,0,2,-2,2,2,3,2,3,1,4
942,937,932,942,13,14,15,13,5,5,-10,-1,-1,2,0,3,1,1,1,4
1036,1021,1026,1024,13,14,12,13,15,-5,2,-1,2,-1,0,1,1,1,2,4
914,904,907,909,14,14,15,13,10,-3,-2,0,-1,2,1,3,1,2,1,4
745,740,736,738,13,14,15,13,5,4,-2,-1,-1,2,0,3,3,1,2,4
815,813,813,815,14,14,13,13,2,0,-2,0,1,0,1,3,2,2,1,4
900,890,895,890,21,19,20,21,10,-5,5,2,-1,-1,0,1,1,1,3,4
213,208,203,203,14,17,15,16,5,5,0,-3,2,-1,-2,2,2,2,2,4
602,600,595,597,18,17,18,16,2,5,-2,1,-1,2,2,2,3,3,2,4
492,492,492,492,14,17,15,16,0,0,0,-3,2,-1,-2,1,1,1,1,4
421,421,421,419,13,14,15,13,0,0,2,-1,-1,2,0,1,3,1,2,4
515,510,515,508,18,19,18,19,5,-5,7,-1,1,-1,-1,1,3,3,2,4
667,665,670,672,13,14,15,16,2,-5,-2,-1,-1,-1,-3,2,3,1,2,4
407,403,403,398,20,19,18,18,4,0,5,1,1,0,2,1,3,1,1,4
1021,1024,1021,1019,13,16,15,16,-3,3,2,-3,1,-1,-3,1,2,1,2,4
379,374,370,372,20,19,20,18,5,4,-2,1,-1,2,2,3,1,1,2,4
799,796,796,796,18,17,18,16,3,0,0,1,-1,2,2,2,1,1,1,4
867,864,862,864,21,19,20,18,3,2,-2,2,-1,2,3,1,2,1,2,4
1033,1019,1012,1012,13,14,15,13,14,7,0,-1,-1,2,0,2,2,3,1,4
1071,1068,1066,1064,13,14,15,13,3,2,2,-1,-1,2,0,2,3,2,1,4
419,412,421,426,20,19,18,18,7,-9,-5,1,1,0,2,2,3,1,1,4
794,796,792,792,18,19,18,19,-2,4,0,-1,1,-1,-1,2,1,1,1,4
998,993,989,986,13,14,12,13,5,4,3,-1,2,-1,0,3,3,1,2,4
269,257,253,253,18,19,20,18,12,4,0,-1,-1,2,0,2,1,1,3,4
255,248,250,250,18,19,18,18,7,-2,0,-1,1,0,0,2,1,2,2,4
663,665,665,663,17,19,18,18,-2,0,2,-2,1,0,-1,2,1,3,2,4
302,297,295,295,21,19,20,21,5,2,0,2,-1,-1,0,2,2,1,1,4
567,562,564,562,18,17,18,18,5,-2,2,1,-1,0,0,1,1,2,1,4
374,374,370,370,13,14,15,13,0,4,0,-1,-1,2,0,1,3,3,1,4
576,574,576,571,14,17,15,16,2,-2,5,-3,2,-1,-2,3,2,1,1,4
925,923,916,914,14,17,15,16,2,7,2,-3,2,-1,-2,2,1,2,1,4
970,960,963,958,17,16,15,16,10,-3,5,1,1,-1,1,1,3,2,2,4
1068,1061,1054,1054,17,16,15,16,7,7,0,1,1,-1,1,3,2,1,1,4
759,757,754,759,17,16,15,16,2,3,-5,1,1,-1,1,1,2,1,1,4
883,874,874,871,18,17,18,18,9,0,3,1,-1,0,0,2,2,2,1,4
909,900,902,900,21,19,20,21,9,-2,2,2,-1,-1,0,1,1,2,1,4
597,593,590,590,14,14,15,13,4,3,0,0,-1,2,1,2,2,1,3,4
881,876,876,876,18,17,18,18,5,0,0,1,-1,0,0,3,3,1,3,4
646,644,644,649,13,14,12,13,2,0,-5,-1,2,-1,0,1,2,2,2,4
747,745,745,745,20,19,20,18,2,0,0,1,-1,2,2,2,3,3,3,4
998,986,989,989,20,19,20,21,12,-3,0,1,-1,-1,-1,3,2,1,1,4
360,351,356,356,13,14,12,13,9,-5,0,-1,2,-1,0,1,3,1,1,4
271,271,271,271,14,17,15,16,0,0,0,-3,2,-1,-2,3,3,3,3,4
848,836,829,824,14,14,13,13,12,7,5,0,1,0,1,3,2,1,1,4
389,384,382,382,13,14,12,13,5,2,0,-1,2,-1,0,3,1,2,2,4
297,290,288,257,14,14,13,13,7,2,31,0,1,0,1,2,3,2,1,4
857,850,846,848,14,14,13,13,7,4,-2,0,1,0,1,3,2,2,1,4
485,478,475,473,14,16,15,16,7,3,2,-2,1,-1,-2,2,1,2,1,4
342,339,335,339,13,16,15,16,3,4,-4,-3,1,-1,-3,1,2,2,2,4
276,276,281,278,21,19,20,19,0,-5,3,2,-1,1,2,1,3,1,2,4
187,182,1078,182,14,14,15,13,5,-896,896,0,-1,2,1,3,1,1,1,4
520,508,508,510,14,14,13,13,12,0,-2,0,1,0,1,3,2,2,1,4
492,487,485,482,14,14,15,16,5,2,3,0,-1,-1,-2,1,3,2,1,4
311,307,314,316,14,14,15,13,4,-7,-2,0,-1,2,1,2,2,1,2,4
705,700,700,698,17,16,15,16,5,0,2,1,1,-1,1,2,2,2,1,4
853,850,848,848,14,17,15,16,3,2,0,-3,2,-1,-2,3,2,1,1,4
215,210,206,210,21,19,20,19,5,4,-4,2,-1,1,2,1,1,1,1,4
365,358,358,356,13,16,15,16,7,0,2,-3,1,-1,-3,1,2,2,3,4
656,653,646,646,13,14,15,13,3,7,0,-1,-1,2,0,1,2,1,1,4
1075,1078,1068,1068,17,16,18,18,-3,10,0,1,-2,0,-1,2,1,3,1,4
529,522,524,520,14,17,15,16,7,-2,4,-3,2,-1,-2,1,2,1,1,4
902,904,902,904,18,17,18,19,-2,2,-2,1,-1,-1,-1,2,1,2,1,4
229,227,224,229,21,19,20,19,2,3,-5,2,-1,1,2,1,2,1,1,4
745,745,743,743,20,19,18,18,0,2,0,1,1,0,2,1,1,2,2,4
489,487,485,482,14,14,15,13,2,2,3,0,-1,2,1,2,1,2,1,4
660,660,660,656,20,19,20,18,0,0,4,1,-1,2,2,3,1,1,1,4
182,182,1078,1075,18,17,18,18,0,-896,3,1,-1,0,0,1,1,1,2,4
229,232,222,224,14,14,15,13,-3,10,-2,0,-1,2,1,1,2,2,1,4
963,951,956,953,13,14,15,13,12,-5,3,-1,-1,2,0,2,3,1,2,4
916,914,911,909,14,17,15,16,2,3,2,-3,2,-1,-2,2,3,2,1,4
595,588,583,586,21,19,20,19,7,5,-3,2,-1,1,2,1,2,2,1,4
942,937,935,932,20,19,18,18,5,2,3,1,1,0,2,1,1,2,1,4
876,871,869,871,14,17,15,16,5,2,-2,-3,2,-1,-2,1,1,2,1,4
1021,1017,1017,1012,17,19,18,18,4,0,5,-2,1,0,-1,1,1,1,1,4
529,522,517,517,14,14,15,13,7,5,0,0,-1,2,1,1,2,2,2,4
290,286,286,286,14,14,15,13,4,0,0,0,-1,2,1,1,1,1,1,4
229,234,224,224,21,19,20,21,-5,10,0,2,-1,-1,0,1,3,1,1,4
686,679,679,677,13,14,15,13,7,0,2,-1,-1,2,0,2,3,1,2,4
1017,1017,1012,1017,13,14,15,13,0,5,-5,-1,-1,2,0,1,3,1,1,4
548,539,539,536,14,17,15,16,9,0,3,-3,2,-1,-2,1,1,1,2,4
918,914,902,909,18,17,18,16,4,12,-7,1,-1,2,2,3,1,2,1,4
239,224,222,224,14,14,15,13,15,2,-2,0,-1,2,1,1,1,2,1,4
581,578,576,574,18,19,18,18,3,2,2,-1,1,0,0,1,2,3,2,4
911,914,909,909,21,19,21,21,-3,5,0,2,-2,0,0,2,1,1,1,4
436,428,426,426,20,19,20,21,8,2,0,1,-1,-1,-1,3,2,1,1,4
522,520,520,520,14,14,13,13,2,0,0,0,1,0,1,2,3,1,1,4
963,958,951,951,13,14,12,13,5,7,0,-1,2,-1,0,2,2,1,3,4
220,1036,1036,1040,14,14,12,13,-816,0,-4,0,2,-1,1,3,3,1,1,4
857,834,834,829,18,17,18,19,23,0,5,1,-1,-1,-1,1,1,1,1,4
206,199,192,194,14,14,13,13,7,7,-2,0,1,0,1,1,2,3,2,4
201,189,196,185,14,14,13,13,12,-7,11,0,1,0,1,1,2,3,2,4
295,293,290,293,21,19,20,21,2,3,-3,2,-1,-1,0,1,2,1,2,4
810,806,803,801,18,17,18,16,4,3,2,1,-1,2,2,3,1,2,1,4
935,935,935,935,13,16,15,16,0,0,0,-3,1,-1,-3,2,2,2,2,4
201,192,185,192,14,14,13,13,9,7,-7,0,1,0,1,1,1,2,1,4
810,799,787,794,14,14,13,13,11,12,-7,0,1,0,1,1,2,1,2,4
618,614,609,614,21,19,21,21,4,5,-5,2,-2,0,0,1,1,3,1,4
182,1075,1073,1078,14,14,12,13,-893,2,-5,0,2,-1,1,1,2,3,1,4
386,384,382,379,13,14,15,13,2,2,3,-1,-1,2,0,2,3,2,1,4
651,651,649,649,17,16,18,16,0,2,0,1,-2,2,1,3,1,2,2,4
438,431,426,426,13,14,12,13,7,5,0,-1,2,-1,0,2,3,1,1,4
203,201,194,194,14,14,15,16,2,7,0,0,-1,-1,-2,2,1,2,2,4
965,965,960,960,20,19,18,18,0,5,0,1,1,0,2,3,1,1,1,4
935,925,925,925,20,19,18,19,10,0,0,1,1,-1,1,2,2,2,2,4
745,745,740,740,20,19,20,21,0,5,0,1,-1,-1,-1,1,3,1,1,4
335,335,323,325,17,16,15,16,0,12,-2,1,1,-1,1,2,2,1,2,4
970,970,967,970,13,14,15,13,0,3,-3,-1,-1,2,0,1,3,2,1,4
928,928,923,925,21,19,21,19,0,5,-2,2,-2,2,2,1,1,1,2,4
895,893,886,890,14,14,15,13,2,7,-4,0,-1,2,1,1,2,3,1,4
335,325,321,318,17,17,18,19,10,4,3,0,-1,-1,-2,2,2,2,1,4
658,656,651,646,13,14,12,13,2,5,5,-1,2,-1,0,2,3,3,1,4
325,323,323,323,18,19,21,19,2,0,0,-1,-2,2,-1,2,1,1,1,4
869,862,862,864,14,17,15,16,7,0,-2,-3,2,-1,-2,2,3,1,2,4
445,443,443,443,20,19,20,21,2,0,0,1,-1,-1,-1,1,2,2,2,4
1040,1036,1028,1031,17,16,15,16,4,8,-3,1,1,-1,1,1,1,2,1,4
946,946,946,944,17,16,18,18,0,0,2,1,-2,0,-1,1,1,1,2,4
255,243,248,248,14,17,15,16,12,-5,0,-3,2,-1,-2,2,1,1,1,4
642,642,639,637,20,19,18,18,0,3,2,1,1,0,2,3,1,2,1,4
1050,1050,1047,1050,20,19,20,21,0,3,-3,1,-1,-1,-1,1,1,2,1,4
1003,996,996,998,17,19,18,18,7,0,-2,-2,1,0,-1,3,2,2,1,4
471,471,468,468,17,19,18,18,0,3,0,-2,1,0,-1,2,2,1,1,4
593,581,578,578,14,14,15,13,12,3,0,0,-1,2,1,2,3,2,2,4
196,189,189,192,14,14,15,13,7,0,-3,0,-1,2,1,1,2,2,3,4
839,836,834,834,14,14,13,13,3,2,0,0,1,0,1,3,2,1,1,4
588,583,586,581,14,17,15,16,5,-3,5,-3,2,-1,-2,2,2,1,3,4
1050,1047,1045,1045,17,19,18,18,3,2,0,-2,1,0,-1,3,2,1,1,4
522,506,496,501,14,14,15,13,16,10,-5,0,-1,2,1,2,3,1,1,4
817,822,817,817,14,17,15,16,-5,5,0,-3,2,-1,-2,2,2,2,2,4
342,339,337,337,17,16,18,18,3,2,0,1,-2,0,-1,1,2,1,1,4
302,304,302,300,14,14,15,16,-2,2,2,0,-1,-1,-2,2,3,2,1,4
342,342,342,342,17,16,15,16,0,0,0,1,1,-1,1,1,1,1,1,4
918,921,914,911,14,17,15,16,-3,7,3,-3,2,-1,-2,1,2,3,2,4
377,374,377,372,17,16,18,18,3,-3,5,1,-2,0,-1,2,1,2,2,4
834,832,834,827,14,14,13,13,2,-2,7,0,1,0,1,1,2,3,2,4
250,241,236,236,14,17,15,16,9,5,0,-3,2,-1,-2,2,2,2,2,4
250,248,248,248,18,19,18,18,2,0,0,-1,1,0,0,2,3,1,1,4
750,745,738,736,13,14,12,13,5,7,2,-1,2,-1,0,1,3,2,1,4
897,886,886,886,14,14,13,13,11,0,0,0,1,0,1,2,3,3,1,4
534,522,520,520,14,17,15,16,12,2,0,-3,2,-1,-2,3,2,1,1,4
768,768,768,768,20,19,20,18,0,0,0,1,-1,2,2,3,3,1,1,4
255,248,248,248,14,14,13,13,7,0,0,0,1,0,1,2,1,3,1,4
419,414,417,414,17,19,18,18,5,-3,3,-2,1,0,-1,2,2,1,2,4
621,614,614,611,18,17,18,19,7,0,3,1,-1,-1,-1,2,3,1,2,4
515,506,506,501,14,14,15,13,9,0,5,0,-1,2,1,1,3,1,1,4
438,436,436,433,17,16,18,18,2,0,3,1,-2,0,-1,2,1,1,2,4
958,953,946,946,13,14,12,13,5,7,0,-1,2,-1,0,2,2,1,1,4
890,886,883,883,18,17,18,19,4,3,0,1,-1,-1,-1,1,1,2,2,4
1047,1045,1040,1040,13,16,15,16,2,5,0,-3,1,-1,-3,2,1,3,1,4
958,951,951,956,20,19,20,18,7,0,-5,1,-1,2,2,2,1,1,1,4
438,436,433,436,17,19,18,18,2,3,-3,-2,1,0,-1,2,1,2,1,4
907,895,890,888,18,17,18,16,12,5,2,1,-1,2,2,2,1,1,2,4
925,923,923,923,21,19,21,21,2,0,0,2,-2,0,0,2,1,1,1,4
604,600,597,597,14,14,15,13,4,3,0,0,-1,2,1,1,1,2,2,4
290,281,286,288,18,17,18,19,9,-5,-2,1,-1,-1,-1,1,1,1,2,4
639,637,635,637,17,16,18,18,2,2,-2,1,-2,0,-1,2,1,2,3,4
829,822,813,810,18,17,18,19,7,9,3,1,-1,-1,-1,1,2,2,1,4
932,937,937,937,20,19,20,18,-5,0,0,1,-1,2,2,1,1,3,3,4
499,489,492,492,18,19,18,19,10,-3,0,-1,1,-1,-1,2,2,1,1,4
986,982,984,984,17,19,18,18,4,-2,0,-2,1,0,-1,2,2,1,1,4
902,902,900,900,14,14,15,13,0,2,0,0,-1,2,1,2,2,1,1,4
593,590,590,590,18,19,18,19,3,0,0,-1,1,-1,-1,2,1,1,3,4
586,576,576,576,14,17,15,16,10,0,0,-3,2,-1,-2,3,1,3,1,4
562,546,541,541,14,17,15,16,16,5,0,-3,2,-1,-2,1,2,2,2,4
693,689,684,682,20,19,20,21,4,5,2,1,-1,-1,-1,1,1,1,2,4
900,900,895,895,14,14,13,13,0,5,0,0,1,0,1,1,1,1,1,4
754,754,745,745,20,19,20,21,0,9,0,1,-1,-1,-1,1,1,1,1,4
1026,1024,1024,1019,17,16,15,16,2,0,5,1,1,-1,1,3,2,2,2,4
335,337,332,337,13,14,13,13,-2,5,-5,-1,1,0,0,2,1,1,1,4
1038,1026,1019,1017,13,14,15,13,12,7,2,-1,-1,2,0,2,3,2,1,4
932,937,935,932,17,16,15,16,-5,2,3,1,1,-1,1,1,1,2,1,4
674,674,672,677,13,14,12,13,0,2,-5,-1,2,-1,0,1,3,2,2,4
707,703,700,707,13,14,15,13,4,3,-7,-1,-1,2,0,3,3,2,1,4
494,492,487,489,14,17,15,16,2,5,-2,-3,2,-1,-2,2,1,1,2,4
300,286,278,281,14,14,15,13,14,8,-3,0,-1,2,1,3,3,2,1,4
921,916,911,916,18,19,18,19,5,5,-5,-1,1,-1,-1,2,2,2,2,4
264,248,246,241,14,17,15,16,16,2,5,-3,2,-1,-2,2,1,2,2,4
609,607,607,609,21,19,20,21,2,0,-2,2,-1,-1,0,3,2,2,1,4
421,419,417,417,20,19,20,18,2,2,0,1,-1,2,2,3,2,1,1,4
876,871,869,864,18,19,18,18,5,2,5,-1,1,0,0,1,3,2,2,4
393,386,384,384,13,14,15,13,7,2,0,-1,-1,2,0,1,2,3,3,4
1040,1036,1033,1033,13,14,15,13,4,3,0,-1,-1,2,0,1,3,2,2,4
637,632,628,625,17,16,18,19,5,4,3,1,-2,-1,-2,1,1,1,2,4
257,248,248,248,14,14,13,13,9,0,0,0,1,0,1,3,1,1,1,4
325,316,314,309,18,19,18,19,9,2,5,-1,1,-1,-1,2,2,1,3,4
187,1075,1073,1075,14,16,15,16,-888,2,-2,-2,1,-1,-2,1,2,1,2,4
569,574,567,560,18,19,18,18,-5,7,7,-1,1,0,0,2,2,1,2,4
407,403,407,410,20,19,18,18,4,-4,-3,1,1,0,2,1,1,1,2,4
562,560,553,560,21,19,20,21,2,7,-7,2,-1,-1,0,1,2,1,2,4
593,583,581,583,14,14,15,13,10,2,-2,0,-1,2,1,2,2,1,2,4
370,356,349,351,13,14,12,13,14,7,-2,-1,2,-1,0,3,3,2,3,4
337,332,328,328,17,16,18,16,5,4,0,1,-2,2,1,1,1,1,1,4
792,787,787,794,14,17,15,16,5,0,-7,-3,2,-1,-2,1,3,3,2,4
365,358,353,351,13,14,12,13,7,5,2,-1,2,-1,0,1,2,2,1,4
693,696,689,686,20,19,20,21,-3,7,3,1,-1,-1,-1,3,2,1,2,4
831,817,813,839,14,17,15,16,14,4,-26,-3,2,-1,-2,2,2,2,1,4
1050,1050,1047,1045,17,16,18,18,0,3,2,1,-2,0,-1,1,3,2,1,4
187,182,1078,1075,18,17,18,18,5,-896,3,1,-1,0,0,3,1,1,2,4
984,979,974,970,20,19,20,21,5,5,4,1,-1,-1,-1,1,3,1,1,4
635,628,618,625,13,14,13,13,7,10,-7,-1,1,0,0,2,1,1,2,4
1045,1038,1031,1033,17,16,15,16,7,7,-2,1,1,-1,1,1,2,1,2,4
888,886,886,883,21,19,20,21,2,0,3,2,-1,-1,0,2,1,1,2,4
721,721,717,717,17,16,18,18,0,4,0,1,-2,0,-1,1,1,3,3,4
1054,1057,1057,1054,13,14,12,13,-3,0,3,-1,2,-1,0,1,2,2,1,4
794,794,785,782,18,19,18,19,0,9,3,-1,1,-1,-1,2,2,2,1,4
609,607,600,604,14,14,15,13,2,7,-4,0,-1,2,1,1,2,3,1,4
332,328,323,323,17,17,15,16,4,5,0,0,2,-1,1,1,1,3,3,4
653,656,651,653,20,19,18,18,-3,5,-2,1,1,0,2,2,3,1,2,4
466,466,464,459,17,16,18,18,0,2,5,1,-2,0,-1,2,2,1,3,4
440,443,438,438,13,14,12,13,-3,5,0,-1,2,-1,0,1,2,2,2,4
808,810,808,806,14,14,13,13,-2,2,2,0,1,0,1,2,1,2,3,4
447,443,443,440,20,19,18,18,4,0,3,1,1,0,2,2,2,2,1,4
562,560,557,555,18,17,18,21,2,3,2,1,-1,-3,-3,3,2,1,2,4
534,529,524,527,21,19,20,19,5,5,-3,2,-1,1,2,3,1,1,2,4
628,625,628,621,14,14,15,13,3,-3,7,0,-1,2,1,1,2,1,2,4
257,253,253,253,18,19,18,18,4,0,0,-1,1,0,0,1,1,3,1,4
295,286,281,281,18,17,18,16,9,5,0,1,-1,2,2,1,3,1,1,4
855,850,846,841,14,14,15,13,5,4,5,0,-1,2,1,2,2,2,2,4
667,660,658,660,13,14,15,13,7,2,-2,-1,-1,2,0,2,3,2,1,4
979,979,977,979,20,19,20,18,0,2,-2,1,-1,2,2,1,1,2,1,4
279,281,276,276,14,14,15,16,-2,5,0,0,-1,-1,-2,2,3,3,1,4
539,532,529,527,18,19,18,19,7,3,2,-1,1,-1,-1,1,2,1,2,4
243,239,234,239,14,14,15,13,4,5,-5,0,-1,2,1,3,1,3,1,4
836,832,829,829,14,17,15,16,4,3,0,-3,2,-1,-2,2,2,3,3,4
757,757,717,752,13,14,15,13,0,40,-35,-1,-1,2,0,2,2,1,2,4
712,707,717,710,20,19,20,18,5,-10,7,1,-1,2,2,1,1,1,2,4
323,309,314,314,14,14,15,13,14,-5,0,0,-1,2,1,1,1,1,1,4
377,377,379,374,20,19,20,18,0,-2,5,1,-1,2,2,2,2,1,1,4
257,248,246,243,14,14,15,13,9,2,3,0,-1,2,1,1,3,2,1,4
346,337,332,335,13,14,13,13,9,5,-3,-1,1,0,0,3,3,1,2,4
904,895,897,900,14,17,15,16,9,-2,-3,-3,2,-1,-2,1,1,2,1,4
782,775,773,773,14,14,15,13,7,2,0,0,-1,2,1,1,2,1,3,4
1078,1078,1068,1073,20,19,18,18,0,10,-5,1,1,0,2,1,1,3,1,4
824,820,813,810,18,19,18,19,4,7,3,-1,1,-1,-1,1,3,2,1,4
841,839,834,834,14,17,15,16,2,5,0,-3,2,-1,-2,2,1,1,1,4
810,813,815,810,14,17,15,16,-3,-2,5,-3,2,-1,-2,3,2,1,1,4
681,682,679,679,17,16,18,18,-1,3,0,1,-2,0,-1,2,2,1,1,4
759,752,782,754,13,14,15,13,7,-30,28,-1,-1,2,0,1,2,1,1,4
879,876,871,871,21,19,20,21,3,5,0,2,-1,-1,0,2,1,1,1,4
977,979,972,972,13,14,15,16,-2,7,0,-1,-1,-1,-3,2,3,2,2,4
311,302,295,293,14,14,13,13,9,7,2,0,1,0,1,2,2,1,2,4
290,295,288,293,14,14,15,16,-5,7,-5,0,-1,-1,-2,1,3,2,2,4
991,993,991,989,20,19,18,18,-2,2,2,1,1,0,2,2,1,2,1,4
496,494,496,492,14,14,15,13,2,-2,4,0,-1,2,1,1,2,1,1,4
274,264,260,262,14,14,15,13,10,4,-2,0,-1,2,1,2,2,2,3,4
564,550,548,550,14,14,15,16,14,2,-2,0,-1,-1,-2,2,2,1,2,4
881,876,874,876,21,19,20,18,5,2,-2,2,-1,2,3,3,3,2,1,4
318,309,307,304,14,14,13,13,9,2,3,0,1,0,1,1,3,2,1,4
611,609,609,604,18,17,18,16,2,0,5,1,-1,2,2,2,1,3,1,4
224,217,217,217,21,19,20,21,7,0,0,2,-1,-1,0,1,2,2,2,4
757,757,750,754,20,19,18,18,0,7,-4,1,1,0,2,2,2,1,1,4
520,503,506,501,14,14,13,13,17,-3,5,0,1,0,1,1,2,1,3,4
867,862,850,862,14,14,15,13,5,12,-12,0,-1,2,1,3,3,2,1,4
1040,1036,1036,1036,20,19,20,21,4,0,0,1,-1,-1,-1,1,1,1,1,4
323,321,321,318,21,19,21,21,2,0,3,2,-2,0,0,1,2,2,1,4
684,684,689,689,20,19,20,18,0,-5,0,1,-1,2,2,1,3,1,1,4
960,958,951,951,13,14,15,13,2,7,0,-1,-1,2,0,1,2,1,1,4
1019,1017,1019,1017,20,19,20,21,2,-2,2,1,-1,-1,-1,2,1,2,1,4
295,293,290,290,18,17,18,19,2,3,0,1,-1,-1,-1,3,2,1,1,4
806,803,808,806,18,17,18,19,3,-5,2,1,-1,-1,-1,1,2,2,1,4
932,928,928,925,20,19,18,19,4,0,3,1,1,-1,1,1,1,1,2,4
813,803,806,806,21,19,20,19,10,-3,0,2,-1,1,2,2,2,1,1,4
260,257,253,253,21,19,20,18,3,4,0,2,-1,2,3,2,1,1,1,4
712,707,703,703,20,19,18,18,5,4,0,1,1,0,2,3,1,1,1,4
792,787,778,778,21,19,20,18,5,9,0,2,-1,2,3,1,1,1,1,4
984,979,982,984,13,14,15,13,5,-3,-2,-1,-1,2,0,1,1,2,3,4
839,834,832,832,18,17,18,16,5,2,0,1,-1,2,2,3,1,2,2,4
949,946,944,951,17,16,18,18,3,2,-7,1,-2,0,-1,2,1,2,1,4
607,593,597,602,14,14,13,13,14,-4,-5,0,1,0,1,2,2,2,2,4
923,923,921,918,18,19,18,19,0,2,3,-1,1,-1,-1,1,3,2,3,4
314,311,307,304,14,14,13,13,3,4,3,0,1,0,1,1,2,2,3,4
731,728,717,724,13,14,15,16,3,11,-7,-1,-1,-1,-3,3,2,1,2,4
302,304,295,300,14,14,13,13,-2,9,-5,0,1,0,1,2,1,1,1,4
1045,1045,1045,1045,13,14,12,13,0,0,0,-1,2,-1,0,1,1,3,3,4
904,907,907,904,14,14,15,13,-3,0,3,0,-1,2,1,1,2,2,3,4
1043,1038,1033,1036,20,19,18,18,5,5,-3,1,1,0,2,2,2,2,1,4
424,424,424,421,20,19,20,21,0,0,3,1,-1,-1,-1,2,2,2,1,4
747,745,740,736,17,19,18,18,2,5,4,-2,1,0,-1,2,1,3,1,4
925,921,923,923,18,17,18,19,4,-2,0,1,-1,-1,-1,2,2,3,1,4
609,600,600,600,18,17,18,19,9,0,0,1,-1,-1,-1,1,1,1,1,4
951,946,946,946,17,16,18,16,5,0,0,1,-2,2,1,1,3,1,1,4
210,201,199,199,14,14,15,13,9,2,0,0,-1,2,1,3,3,2,2,4
487,487,487,482,18,17,18,19,0,0,5,1,-1,-1,-1,1,1,3,1,4
405,403,398,393,13,16,15,16,2,5,5,-3,1,-1,-3,2,1,1,1,4
335,328,323,325,17,17,15,16,7,5,-2,0,2,-1,1,2,1,3,2,4
358,349,349,346,13,14,12,13,9,0,3,-1,2,-1,0,2,2,2,1,4
210,206,210,210,18,17,18,19,4,-4,0,1,-1,-1,-1,1,3,1,1,4
864,862,862,864,14,17,15,16,2,0,-2,-3,2,-1,-2,2,1,1,2,4
281,274,274,271,18,19,18,18,7,0,3,-1,1,0,0,1,2,2,1,4
618,616,611,614,14,14,15,13,2,5,-3,0,-1,2,1,1,2,2,1,4
1033,1040,1036,1031,13,16,15,16,-7,4,5,-3,1,-1,-3,2,3,1,3,4
386,382,384,384,20,19,20,18,4,-2,0,1,-1,2,2,2,2,1,1,4
400,396,398,398,13,16,15,16,4,-2,0,-3,1,-1,-3,2,2,1,1,4
979,977,977,977,20,19,20,21,2,0,0,1,-1,-1,-1,3,2,2,2,4
243,236,239,234,14,17,15,16,7,-3,5,-3,2,-1,-2,1,2,1,1,4
314,300,295,295,18,17,18,19,14,5,0,1,-1,-1,-1,3,1,1,1,4
360,356,353,332,13,14,12,13,4,3,21,-1,2,-1,0,3,1,2,1,4
569,564,567,567,21,19,20,21,5,-3,0,2,-1,-1,0,2,2,1,1,4
815,810,806,806,18,17,18,19,5,4,0,1,-1,-1,-1,3,1,1,1,4
492,487,487,487,18,19,18,19,5,0,0,-1,1,-1,-1,1,1,1,1,4
614,604,600,600,18,17,18,16,10,4,0,1,-1,2,2,1,1,1,1,4
679,682,679,684,13,14,15,16,-3,3,-5,-1,-1,-1,-3,1,2,1,1,4
520,513,503,503,14,14,15,13,7,10,0,0,-1,2,1,3,2,2,2,4
693,693,684,684,17,16,15,16,0,9,0,1,1,-1,1,1,3,3,1,4
229,220,217,215,14,14,15,13,9,3,2,0,-1,2,1,1,3,2,1,4
665,665,658,660,20,19,20,21,0,7,-2,1,-1,-1,-1,1,1,2,1,4
527,515,513,515,18,17,15,16,12,2,-2,1,2,-1,2,2,1,2,1,4
1059,1061,1059,1061,17,16,18,18,-2,2,-2,1,-2,0,-1,3,2,1,2,4
595,593,590,590,14,14,13,13,2,3,0,0,1,0,1,1,2,3,3,4
618,611,607,609,18,19,18,19,7,4,-2,-1,1,-1,-1,3,2,2,1,4
515,510,510,510,18,19,18,19,5,0,0,-1,1,-1,-1,1,1,1,1,4
989,986,974,972,20,19,20,18,3,12,2,1,-1,2,2,1,2,1,2,4
564,567,562,564,14,14,15,13,-3,5,-2,0,-1,2,1,2,1,1,2,4
206,201,196,199,14,14,15,16,5,5,-3,0,-1,-1,-2,1,3,1,2,4
513,506,496,494,14,14,15,13,7,10,2,0,-1,2,1,2,1,1,2,4
307,302,297,304,18,19,18,19,5,5,-7,-1,1,-1,-1,2,2,2,1,4
243,241,239,236,21,19,20,18,2,2,3,2,-1,2,3,1,2,1,2,4
684,684,684,684,20,19,20,18,0,0,0,1,-1,2,2,3,1,3,1,4
721,719,721,714,20,19,20,21,2,-2,7,1,-1,-1,-1,1,2,1,2,4
257,255,253,248,18,19,18,18,2,2,5,-1,1,0,0,1,2,1,3,4
855,853,850,846,14,14,13,13,2,3,4,0,1,0,1,2,1,2,2,4
618,609,607,609,21,19,20,21,9,2,-2,2,-1,-1,0,3,1,2,1,4
970,970,965,967,17,16,15,16,0,5,-2,1,1,-1,1,1,1,1,2,4
773,768,766,768,13,14,12,13,5,2,-2,-1,2,-1,0,1,1,2,3,4
621,614,614,614,21,19,21,21,7,0,0,2,-2,0,0,2,1,1,3,4
464,464,454,459,17,16,18,16,0,10,-5,1,-2,2,1,3,1,1,3,4
1057,1052,1045,1045,13,14,15,13,5,7,0,-1,-1,2,0,2,2,1,3,4
452,471,468,468,20,19,20,21,-19,3,0,1,-1,-1,-1,2,2,1,1,4
192,187,187,185,18,17,18,19,5,0,2,1,-1,-1,-1,1,3,3,2,4
733,733,731,731,13,14,12,13,0,2,0,-1,2,-1,0,2,2,1,1,4
1036,1031,1031,1026,17,16,18,18,5,0,5,1,-2,0,-1,3,3,1,1,4
660,653,646,649,13,14,12,13,7,7,-3,-1,2,-1,0,1,2,1,2,4
684,686,679,684,20,19,18,18,-2,7,-5,1,1,0,2,1,2,1,1,4
297,293,295,295,18,17,18,19,4,-2,0,1,-1,-1,-1,2,2,1,1,4
681,679,674,679,13,14,12,13,2,5,-5,-1,2,-1,0,2,3,1,1,4
651,649,646,651,17,16,18,18,2,3,-5,1,-2,0,-1,1,2,1,1,4
234,224,217,220,14,14,13,13,10,7,-3,0,1,0,1,3,3,2,1,4
747,740,745,745,20,19,20,21,7,-5,0,1,-1,-1,-1,2,1,1,1,4
386,384,384,384,20,19,18,18,2,0,0,1,1,0,2,2,1,1,1,4
653,651,646,649,20,19,20,21,2,5,-3,1,-1,-1,-1,2,1,1,2,4
813,815,803,813,14,14,13,13,-2,12,-10,0,1,0,1,2,1,2,2,4
1021,1017,1012,1010,20,19,20,18,4,5,2,1,-1,2,2,1,1,1,2,4
991,991,991,989,20,19,20,21,0,0,2,1,-1,-1,-1,2,2,2,1,4
412,407,405,412,20,19,18,18,5,2,-7,1,1,0,2,1,1,2,1,4
696,693,689,689,17,19,18,18,3,4,0,-2,1,0,-1,2,1,1,3,4
618,611,614,609,14,14,15,13,7,-3,5,0,-1,2,1,1,2,3,1,4
963,953,946,944,20,19,18,18,10,7,2,1,1,0,2,2,2,1,2,4
759,754,750,750,13,14,12,13,5,4,0,-1,2,-1,0,3,1,1,1,4
459,457,450,452,13,14,15,13,2,7,-2,-1,-1,2,0,3,2,3,2,4
710,707,700,710,13,14,15,13,3,7,-10,-1,-1,2,0,2,1,2,2,4
700,698,696,696,13,14,15,13,2,2,0,-1,-1,2,0,2,3,2,2,4
358,360,356,351,20,19,20,21,-2,4,5,1,-1,-1,-1,2,1,1,1,4
496,496,492,492,21,19,21,19,0,4,0,2,-2,2,2,1,1,1,1,4
853,843,839,839,18,19,18,18,10,4,0,-1,1,0,0,1,1,1,1,4
801,796,796,799,18,17,18,16,5,0,-3,1,-1,2,2,1,1,1,2,4
972,970,963,965,20,19,20,21,2,7,-2,1,-1,-1,-1,2,1,2,1,4
719,719,719,724,20,19,20,18,0,0,-5,1,-1,2,2,2,2,2,2,4
522,520,515,517,14,17,15,16,2,5,-2,-3,2,-1,-2,2,3,3,2,4
813,810,806,801,18,17,18,19,3,4,5,1,-1,-1,-1,2,1,1,3,4
635,628,623,623,13,14,15,13,7,5,0,-1,-1,2,0,2,1,1,1,4
257,248,246,248,21,19,20,21,9,2,-2,2,-1,-1,0,1,1,2,1,4
248,241,243,246,18,19,18,18,7,-2,-3,-1,1,0,0,3,2,1,2,4
895,888,893,890,14,14,13,13,7,-5,3,0,1,0,1,1,2,2,3,4
963,963,958,963,17,16,18,16,0,5,-5,1,-2,2,1,2,2,2,2,4
785,778,775,775,14,16,15,16,7,3,0,-2,1,-1,-2,2,1,2,2,4
787,775,778,778,18,19,18,18,12,-3,0,-1,1,0,0,1,2,1,1,4
1045,1043,1040,1043,13,14,12,13,2,3,-3,-1,2,-1,0,1,2,1,2,4
1078,1073,1064,1064,13,14,12,13,5,9,0,-1,2,-1,0,1,1,1,1,4
581,581,574,571,18,17,18,16,0,7,3,1,-1,2,2,1,3,2,1,4
548,546,539,539,18,19,18,18,2,7,0,-1,1,0,0,1,2,1,1,4
586,586,581,586,18,19,18,19,0,5,-5,-1,1,-1,-1,3,1,1,1,4
974,970,970,967,20,19,20,18,4,0,3,1,-1,2,2,1,1,1,2,4
639,637,635,632,20,19,20,21,2,2,3,1,-1,-1,-1,2,1,2,1,4
510,506,503,501,18,19,18,19,4,3,2,-1,1,-1,-1,1,1,2,1,4
914,904,914,909,18,17,18,19,10,-10,5,1,-1,-1,-1,1,3,3,1,4
836,832,820,824,18,17,18,19,4,12,-4,1,-1,-1,-1,2,2,1,1,4
914,902,900,897,14,17,15,16,12,2,3,-3,2,-1,-2,1,2,3,2,4
445,445,445,443,17,16,15,16,0,0,2,1,1,-1,1,1,1,1,2,4
360,358,356,356,17,16,15,16,2,2,0,1,1,-1,1,1,2,3,1,4
365,365,365,370,13,14,15,13,0,0,-5,-1,-1,2,0,3,3,3,1,4
234,234,229,227,18,17,18,19,0,5,2,1,-1,-1,-1,3,3,1,2,4
792,782,778,775,14,14,15,13,10,4,3,0,-1,2,1,1,1,1,2,4
925,923,918,923,18,17,18,19,2,5,-5,1,-1,-1,-1,2,1,1,1,4
806,803,806,806,18,17,18,19,3,-3,0,1,-1,-1,-1,3,2,1,1,4
928,921,923,923,14,17,15,16,7,-2,0,-3,2,-1,-2,1,2,3,1,4
1019,1012,1005,1010,13,14,15,13,7,7,-5,-1,-1,2,0,2,1,2,2,4
986,989,979,979,13,14,15,13,-3,10,0,-1,-1,2,0,2,3,1,1,4
834,817,817,817,14,14,15,13,17,0,0,0,-1,2,1,1,2,2,2,4
496,489,489,492,21,19,21,19,7,0,-3,2,-2,2,2,1,2,2,1,4
1000,993,993,993,13,14,12,13,7,0,0,-1,2,-1,0,2,3,1,1,4
792,775,773,773,14,14,15,13,17,2,0,0,-1,2,1,1,2,1,1,4
799,787,785,785,14,14,15,13,12,2,0,0,-1,2,1,2,1,2,2,4
595,588,576,578,14,17,15,16,7,12,-2,-3,2,-1,-2,1,2,3,2,4
520,520,517,517,21,19,20,21,0,3,0,2,-1,-1,0,1,3,2,2,4
965,958,958,958,13,14,15,13,7,0,0,-1,-1,2,0,1,2,2,2,4
642,639,637,637,13,14,15,13,3,2,0,-1,-1,2,0,1,2,1,1,4
867,862,862,860,18,19,18,18,5,0,2,-1,1,0,0,1,1,1,2,4
307,304,304,302,14,17,15,16,3,0,2,-3,2,-1,-2,2,1,1,2,4
949,939,937,937,17,16,18,18,10,2,0,1,-2,0,-1,2,2,1,1,4
813,815,815,810,14,17,15,16,-2,0,5,-3,2,-1,-2,2,1,1,1,4
623,618,618,618,18,19,18,19,5,0,0,-1,1,-1,-1,3,1,1,1,4
271,267,267,267,18,19,18,18,4,0,0,-1,1,0,0,1,1,3,3,4
1000,993,989,993,20,19,20,18,7,4,-4,1,-1,2,2,2,1,1,1,4
710,707,700,703,20,19,18,18,3,7,-3,1,1,0,2,2,1,2,1,4
468,459,459,461,20,19,18,18,9,0,-2,1,1,0,2,1,1,1,2,4
824,820,820,820,18,17,18,19,4,0,0,1,-1,-1,-1,1,1,1,1,4
1066,1066,1071,1066,17,16,15,16,0,-5,5,1,1,-1,1,2,2,2,2,4
782,782,785,787,14,17,15,16,0,-3,-2,-3,2,-1,-2,1,1,2,1,4
665,658,656,660,13,14,12,13,7,2,-4,-1,2,-1,0,3,2,1,1,4
956,956,951,953,20,19,18,18,0,5,-2,1,1,0,2,1,1,1,2,4
539,529,522,524,14,14,13,13,10,7,-2,0,1,0,1,3,3,2,3,4
871,867,862,862,18,17,18,16,4,5,0,1,-1,2,2,1,3,1,1,4
431,428,421,417,20,19,18,18,3,7,4,1,1,0,2,1,2,3,1,4
1036,1033,1031,1031,13,14,12,13,3,2,0,-1,2,-1,0,1,2,1,3,4
886,878,876,874,14,14,15,13,8,2,2,0,-1,2,1,3,2,1,2,4
583,586,583,581,18,17,18,19,-3,3,2,1,-1,-1,-1,2,3,2,3,4
876,876,876,876,14,14,13,13,0,0,0,0,1,0,1,3,3,1,1,4
454,445,450,450,17,16,18,18,9,-5,0,1,-2,0,-1,1,3,1,1,4
412,410,412,410,17,16,15,16,2,-2,2,1,1,-1,1,1,2,1,2,4
318,311,309,309,21,19,21,19,7,2,0,2,-2,2,2,1,2,1,1,4
274,260,253,253,14,14,13,13,14,7,0,0,1,0,1,2,2,1,1,4
1043,1036,1036,1036,17,16,18,16,7,0,0,1,-2,2,1,2,3,1,1,4
1078,1073,1078,1078,17,16,18,18,5,-5,0,1,-2,0,-1,1,3,1,1,4
820,810,808,806,14,14,13,13,10,2,2,0,1,0,1,1,1,2,1,4
194,189,185,187,14,14,13,13,5,4,-2,0,1,0,1,2,2,2,1,4
487,485,482,482,18,19,18,19,2,3,0,-1,1,-1,-1,1,2,1,1,4
667,665,665,663,13,14,12,13,2,0,2,-1,2,-1,0,2,1,1,2,4
667,679,670,665,17,19,18,18,-12,9,5,-2,1,0,-1,2,1,1,1,4
215,201,199,196,14,14,15,13,14,2,3,0,-1,2,1,1,1,2,1,4
485,478,473,478,18,19,18,18,7,5,-5,-1,1,0,0,2,1,1,1,4
335,332,328,325,13,14,15,16,3,4,3,-1,-1,-1,-3,2,1,1,2,4
246,232,234,232,21,19,20,21,14,-2,2,2,-1,-1,0,2,2,1,2,4
616,604,602,602,14,14,15,16,12,2,0,0,-1,-1,-2,2,3,2,2,4
224,222,220,220,14,14,15,13,2,2,0,0,-1,2,1,1,2,1,1,4
379,379,379,382,20,19,20,18,0,0,-3,1,-1,2,2,1,1,1,2,4
874,867,867,867,18,17,18,18,7,0,0,1,-1,0,0,2,1,1,1,4
703,696,698,691,13,16,15,16,7,-2,7,-3,1,-1,-3,1,2,1,2,4
632,628,623,623,20,19,21,21,4,5,0,1,-2,0,-1,1,1,1,1,4
815,810,810,810,18,19,18,19,5,0,0,-1,1,-1,-1,1,3,1,1,4
438,436,433,436,13,16,15,16,2,3,-3,-3,1,-1,-3,2,3,2,1,4
1000,998,996,998,20,19,20,18,2,2,-2,1,-1,2,2,2,1,2,1,4
960,951,953,956,20,19,20,18,9,-2,-3,1,-1,2,2,1,1,2,3,4
562,562,562,562,14,14,15,13,0,0,0,0,-1,2,1,1,3,1,1,4
597,590,590,588,18,17,18,19,7,0,2,1,-1,-1,-1,2,3,1,2,4
194,192,194,192,21,19,21,19,2,-2,2,2,-2,2,2,2,1,2,1,4
916,909,900,900,18,17,18,19,7,9,0,1,-1,-1,-1,2,1,1,1,4
231,217,213,215,21,19,20,21,14,4,-2,2,-1,-1,0,2,2,2,3,4
967,965,965,960,17,16,15,16,2,0,5,1,1,-1,1,2,1,3,1,4
747,743,740,743,13,14,15,13,4,3,-3,-1,-1,2,0,2,2,3,2,4
1014,1014,1000,1003,13,16,15,16,0,14,-3,-3,1,-1,-3,2,2,2,3,4
201,196,194,199,18,19,18,19,5,2,-5,-1,1,-1,-1,1,1,2,2,4
637,632,628,628,13,14,15,13,5,4,0,-1,-1,2,0,1,1,1,1,4
986,977,972,979,17,16,15,16,9,5,-7,1,1,-1,1,2,2,2,1,4
974,974,970,970,13,14,15,13,0,4,0,-1,-1,2,0,1,3,3,3,4
820,815,822,820,21,19,20,19,5,-7,2,2,-1,1,2,1,1,2,1,4
897,888,886,886,14,17,15,16,9,2,0,-3,2,-1,-2,2,2,1,1,4
747,745,745,743,20,19,20,18,2,0,2,1,-1,2,2,2,1,1,2,4
635,623,621,621,13,14,13,13,12,2,0,-1,1,0,0,2,3,2,2,4
314,307,309,307,18,19,18,19,7,-2,2,-1,1,-1,-1,1,2,1,2,4
841,839,843,843,18,19,18,18,2,-4,0,-1,1,0,0,2,1,1,1,4
827,829,829,832,14,14,15,13,-2,0,-3,0,-1,2,1,2,1,1,2,4
468,464,464,464,13,14,12,13,4,0,0,-1,2,-1,0,1,3,1,1,4
290,286,278,286,18,17,18,19,4,8,-8,1,-1,-1,-1,3,1,2,1,4
487,489,485,482,14,14,15,16,-2,4,3,0,-1,-1,-2,1,2,2,1,4
370,374,370,370,20,19,20,18,-4,4,0,1,-1,2,2,1,1,1,1,4
806,799,794,794,18,17,18,19,7,5,0,1,-1,-1,-1,1,2,2,2,4
1059,1050,1052,1054,13,14,12,13,9,-2,-2,-1,2,-1,0,3,1,2,3,4
314,302,300,307,14,14,15,13,12,2,-7,0,-1,2,1,3,2,1,2,4
810,801,806,806,21,19,20,19,9,-5,0,2,-1,1,2,1,1,1,1,4
621,618,614,614,18,19,18,19,3,4,0,-1,1,-1,-1,2,1,1,1,4
846,855,848,850,14,14,13,13,-9,7,-2,0,1,0,1,2,2,1,2,4
674,672,663,665,17,16,18,18,2,9,-2,1,-2,0,-1,1,2,2,1,4
904,904,902,900,21,19,20,21,0,2,2,2,-1,-1,0,1,1,2,1,4
1024,1012,1007,1017,13,16,15,16,12,5,-10,-3,1,-1,-3,2,1,1,3,4
262,250,246,246,14,14,13,13,12,4,0,0,1,0,1,1,2,2,2,4
951,944,942,944,17,16,15,16,7,2,-2,1,1,-1,1,3,2,1,2,4
963,956,953,951,13,16,15,16,7,3,2,-3,1,-1,-3,2,3,2,1,4
897,895,890,890,18,19,18,19,2,5,0,-1,1,-1,-1,2,1,1,1,4
916,902,904,904,18,17,18,16,14,-2,0,1,-1,2,2,2,2,1,1,4
403,403,398,403,20,19,20,18,0,5,-5,1,-1,2,2,1,3,1,1,4
946,949,946,942,20,19,20,18,-3,3,4,1,-1,2,2,1,2,1,1,4
595,593,590,590,18,17,18,16,2,3,0,1,-1,2,2,3,2,3,1,4
234,224,222,224,14,14,15,13,10,2,-2,0,-1,2,1,1,3,2,1,4
328,323,321,321,14,14,15,13,5,2,0,0,-1,2,1,1,3,2,2,4
993,991,993,991,17,16,18,18,2,-2,2,1,-2,0,-1,3,2,1,2,4
921,904,909,914,14,14,15,13,17,-5,-5,0,-1,2,1,2,1,1,1,4
827,822,820,820,18,19,18,19,5,2,0,-1,1,-1,-1,2,2,1,1,4
729,731,731,728,17,16,18,16,-2,0,3,1,-2,2,1,2,1,1,2,4
300,295,290,297,21,19,20,21,5,5,-7,2,-1,-1,0,1,3,1,2,4
771,766,771,759,20,19,20,18,5,-5,12,1,-1,2,2,2,2,2,1,4
693,689,689,693,20,19,20,21,4,0,-4,1,-1,-1,-1,1,1,1,1,4
1061,1064,1059,1061,13,14,12,13,-3,5,-2,-1,2,-1,0,2,3,1,2,4
724,726,721,721,20,19,18,18,-2,5,0,1,1,0,2,2,1,3,1,4
426,424,419,421,20,19,18,18,2,5,-2,1,1,0,2,1,2,2,1,4
548,536,539,534,14,14,13,13,12,-3,5,0,1,0,1,3,2,1,3,4
839,836,834,834,18,19,18,18,3,2,0,-1,1,0,0,1,2,1,1,4
759,754,752,750,20,19,20,21,5,2,2,1,-1,-1,-1,1,1,2,1,4
250,239,239,342,18,19,18,18,11,0,-103,-1,1,0,0,2,3,3,1,4
660,656,651,651,13,14,12,13,4,5,0,-1,2,-1,0,1,3,3,1,4
400,398,393,391,20,19,18,18,2,5,2,1,1,0,2,2,1,1,2,4
792,787,785,782,14,17,15,16,5,2,3,-3,2,-1,-2,3,1,2,1,4
700,696,696,693,17,16,18,18,4,0,3,1,-2,0,-1,2,2,2,1,4
721,717,712,714,13,14,12,13,4,5,-2,-1,2,-1,0,1,3,3,2,4
609,604,604,604,14,17,15,16,5,0,0,-3,2,-1,-2,3,1,3,3,4
785,787,785,782,14,17,15,16,-2,2,3,-3,2,-1,-2,2,1,2,1,4
208,206,196,196,18,17,18,16,2,10,0,1,-1,2,2,2,1,1,3,4
768,766,761,764,20,19,18,18,2,5,-3,1,1,0,2,1,2,2,1,4
560,553,553,553,14,17,15,16,7,0,0,-3,2,-1,-2,2,3,1,1,4
646,646,642,637,20,19,20,18,0,4,5,1,-1,2,2,3,1,1,3,4
665,660,660,660,13,14,15,13,5,0,0,-1,-1,2,0,1,1,1,1,4
1064,1057,1054,1054,13,14,12,13,7,3,0,-1,2,-1,0,3,2,3,1,4
482,475,473,468,18,19,18,18,7,2,5,-1,1,0,0,1,2,1,1,4
487,487,482,487,18,19,18,19,0,5,-5,-1,1,-1,-1,1,1,1,1,4
855,846,843,843,14,14,15,13,9,3,0,0,-1,2,1,2,2,1,1,4
412,407,407,403,17,16,18,16,5,0,4,1,-2,2,1,3,1,3,1,4
993,991,989,989,13,16,15,16,2,2,0,-3,1,-1,-3,1,2,1,1,4
1059,1054,1054,1064,17,16,15,16,5,0,-10,1,1,-1,1,1,3,1,1,4
1036,1031,1028,1031,13,14,15,13,5,3,-3,-1,-1,2,0,3,1,2,1,4
1068,1066,1064,1064,20,19,18,18,2,2,0,1,1,0,2,1,2,3,1,4
839,834,834,836,21,19,20,18,5,0,-2,2,-1,2,3,1,1,1,2,4
325,325,325,325,21,19,21,21,0,0,0,2,-2,0,0,2,2,2,2,4
895,888,890,890,18,17,18,16,7,-2,0,1,-1,2,2,1,2,1,1,4
243,236,236,232,14,14,15,16,7,0,4,0,-1,-1,-2,1,2,2,2,4
522,515,517,515,14,17,15,16,7,-2,2,-3,2,-1,-2,2,1,2,3,4
773,766,773,778,20,19,18,18,7,-7,-5,1,1,0,2,1,2,1,1,4
986,996,993,996,13,14,15,16,-10,3,-3,-1,-1,-1,-3,2,2,1,2,4
815,808,806,806,14,14,13,13,7,2,0,0,1,0,1,3,2,1,1,4
356,349,344,349,13,14,12,13,7,5,-5,-1,2,-1,0,1,2,2,2,4
325,325,323,323,21,19,21,21,0,2,0,2,-2,0,0,2,2,1,1,4
318,314,297,297,14,14,15,13,4,17,0,0,-1,2,1,1,1,2,2,4
501,489,489,489,14,14,15,13,12,0,0,0,-1,2,1,3,2,2,2,4
696,691,689,691,20,19,20,21,5,2,-2,1,-1,-1,-1,2,2,1,2,4
900,895,888,886,18,19,18,19,5,7,2,-1,1,-1,-1,3,1,2,1,4
351,344,346,342,13,14,12,13,7,-2,4,-1,2,-1,0,1,2,1,1,4
182,182,1078,1078,21,19,20,21,0,-896,0,2,-1,-1,0,1,1,1,1,4
510,510,503,503,14,14,13,13,0,7,0,0,1,0,1,1,1,2,2,4
264,257,250,255,14,17,15,16,7,7,-5,-3,2,-1,-2,2,1,2,2,4
586,586,576,578,14,14,13,13,0,10,-2,0,1,0,1,1,3,1,2,4
429,421,421,421,17,16,15,16,8,0,0,1,1,-1,1,2,1,3,1,4
876,867,867,867,14,14,15,13,9,0,0,0,-1,2,1,1,3,3,3,4
843,792,792,789,18,17,18,19,51,0,3,1,-1,-1,-1,1,1,1,2,4
618,618,616,609,14,14,15,16,0,2,7,0,-1,-1,-2,1,1,2,1,4
196,196,194,187,14,14,13,13,0,2,7,0,1,0,1,1,3,2,3,4
857,862,857,853,21,19,20,21,-5,5,4,2,-1,-1,0,1,1,1,1,4
473,464,461,459,17,16,15,16,9,3,2,1,1,-1,1,3,3,2,1,4
937,932,932,932,17,16,15,16,5,0,0,1,1,-1,1,3,1,1,1,4
541,543,536,539,14,14,13,13,-2,7,-3,0,1,0,1,2,1,2,1,4
712,710,710,710,20,19,20,21,2,0,0,1,-1,-1,-1,1,2,2,2,4
539,541,536,534,14,17,15,16,-2,5,2,-3,2,-1,-2,1,2,2,1,4
623,611,600,604,14,14,13,13,12,11,-4,0,1,0,1,1,2,3,1,4
810,806,824,806,14,14,13,13,4,-18,18,0,1,0,1,1,1,1,3,4
293,283,286,286,14,14,13,13,10,-3,0,0,1,0,1,2,2,1,1,4
520,513,510,510,18,19,18,19,7,3,0,-1,1,-1,-1,1,2,1,1,4
616,602,600,600,14,14,13,13,14,2,0,0,1,0,1,2,2,1,3,4
773,775,764,766,13,14,12,13,-2,11,-2,-1,2,-1,0,3,2,1,2,4
400,403,396,398,13,16,15,16,-3,7,-2,-3,1,-1,-3,2,3,2,1,4
250,239,232,227,14,14,13,13,11,7,5,0,1,0,1,2,1,2,2,4
719,714,710,707,17,19,18,18,5,4,3,-2,1,0,-1,2,2,2,1,4
1068,1061,1059,1057,17,16,18,18,7,2,2,1,-2,0,-1,1,2,1,2,4
494,485,482,487,18,17,18,16,9,3,-5,1,-1,2,2,2,2,1,1,4
217,206,210,208,21,19,20,19,11,-4,2,2,-1,1,2,2,1,1,2,4
414,417,419,417,13,14,12,13,-3,-2,2,-1,2,-1,0,2,1,2,1,4
981,977,974,979,17,19,18,18,4,3,-5,-2,1,0,-1,2,2,1,1,4
307,304,300,300,14,17,15,16,3,4,0,-3,2,-1,-2,2,1,3,1,4
848,843,846,846,18,17,18,16,5,-3,0,1,-1,2,2,1,3,2,2,4
747,747,740,738,13,14,12,13,0,7,2,-1,2,-1,0,2,2,1,2,4
764,759,759,761,13,14,12,13,5,0,-2,-1,2,-1,0,3,1,1,2,4
335,325,328,325,13,14,15,13,10,-3,3,-1,-1,2,0,2,2,1,2,4
562,562,560,560,21,19,20,21,0,2,0,2,-1,-1,0,1,3,2,2,4
398,400,391,391,13,14,12,13,-2,9,0,-1,2,-1,0,1,2,2,2,4
203,201,199,196,21,19,21,19,2,2,3,2,-2,2,2,2,1,2,1,4
248,248,239,239,14,14,15,13,0,9,0,0,-1,2,1,3,1,1,1,4
517,515,513,515,18,19,18,19,2,2,-2,-1,1,-1,-1,2,1,2,1,4
1033,1033,1031,1036,13,14,12,13,0,2,-5,-1,2,-1,0,2,2,1,1,4
829,822,813,813,14,17,15,16,7,9,0,-3,2,-1,-2,1,2,2,2,4
782,775,778,775,21,19,20,21,7,-3,3,2,-1,-1,0,1,2,1,2,4
482,471,464,466,14,14,15,13,11,7,-2,0,-1,2,1,1,2,1,2,4
344,337,339,346,17,16,18,16,7,-2,-7,1,-2,2,1,2,3,2,1,4
1031,1031,1026,1026,13,16,15,16,0,5,0,-3,1,-1,-3,3,3,1,1,4
1040,1040,1038,1033,13,14,15,13,0,2,5,-1,-1,2,0,3,3,2,2,4
398,396,389,391,17,19,18,18,2,7,-2,-2,1,0,-1,1,2,1,2,4
550,550,550,548,14,14,15,13,0,0,2,0,-1,2,1,2,2,2,3,4
689,684,682,682,20,19,18,18,5,2,0,1,1,0,2,1,1,2,2,4
379,372,360,365,13,14,12,13,7,12,-5,-1,2,-1,0,1,2,1,3,4
464,464,464,464,20,19,20,21,0,0,0,1,-1,-1,-1,1,1,1,1,4
351,346,342,346,20,19,18,18,5,4,-4,1,1,0,2,1,1,1,1,4
1059,1059,1059,1057,20,19,18,18,0,0,2,1,1,0,2,1,1,1,2,4
293,281,281,278,14,14,13,13,12,0,3,0,1,0,1,2,1,3,2,4
909,897,895,900,14,14,15,13,12,2,-5,0,-1,2,1,3,2,1,1,4
567,546,543,548,14,14,13,13,21,3,-5,0,1,0,1,1,2,1,1,4
189,187,185,182,18,17,18,16,2,2,3,1,-1,2,2,2,1,2,1,4
942,937,935,937,13,14,15,13,5,2,-2,-1,-1,2,0,1,3,2,1,4
991,989,986,989,13,16,15,16,2,3,-3,-3,1,-1,-3,2,1,2,1,4
618,600,607,614,14,17,15,16,18,-7,-7,-3,2,-1,-2,1,1,2,1,4
653,653,651,651,20,19,20,18,0,2,0,1,-1,2,2,2,2,1,1,4
264,262,257,260,14,14,13,13,2,5,-3,0,1,0,1,2,1,1,2,4
309,302,300,304,14,17,15,16,7,2,-4,-3,2,-1,-2,1,2,1,1,4
972,967,967,967,13,14,12,13,5,0,0,-1,2,-1,0,2,2,2,2,4
377,372,374,370,17,16,18,18,5,-2,4,1,-2,0,-1,2,2,1,1,4
881,881,867,874,14,17,15,16,0,14,-7,-3,2,-1,-2,1,3,1,2,4
946,939,939,939,13,14,12,13,7,0,0,-1,2,-1,0,1,2,2,2,4
250,250,248,248,18,17,18,18,0,2,0,1,-1,0,0,2,2,1,3,4
231,229,222,227,18,19,18,19,2,7,-5,-1,1,-1,-1,2,1,2,2,4
670,665,667,656,13,14,12,13,5,-2,11,-1,2,-1,0,1,3,2,1,4
1012,1007,1007,1000,17,16,18,18,5,0,7,1,-2,0,-1,3,1,1,2,4
1005,1007,1000,1010,13,14,15,13,-2,7,-10,-1,-1,2,0,2,1,2,2,4
548,536,536,539,18,17,18,18,12,0,-3,1,-1,0,0,1,2,2,1,4
670,658,651,651,13,16,15,16,12,7,0,-3,1,-1,-3,1,2,1,1,4
743,736,731,733,13,14,15,13,7,5,-2,-1,-1,2,0,2,3,1,2,4
358,356,356,356,17,16,15,16,2,0,0,1,1,-1,1,2,3,1,3,4
1026,1021,1021,1024,20,19,20,21,5,0,-3,1,-1,-1,-1,3,1,1,2,4
808,810,808,806,18,17,18,19,-2,2,2,1,-1,-1,-1,2,1,2,1,4
325,325,318,323,14,14,13,13,0,7,-5,0,1,0,1,2,2,1,1,4
325,325,314,318,21,19,21,21,0,11,-4,2,-2,0,0,2,2,1,1,4
815,808,810,813,14,17,15,16,7,-2,-3,-3,2,-1,-2,1,2,1,2,4
824,820,820,820,21,19,20,19,4,0,0,2,-1,1,2,3,1,1,1,4
248,232,227,229,14,14,13,13,16,5,-2,0,1,0,1,1,2,2,1,4
864,867,867,864,18,17,18,18,-3,0,3,1,-1,0,0,2,1,3,2,4
1036,1031,1031,1028,17,19,18,18,5,0,3,-2,1,0,-1,1,1,1,2,4
517,513,515,513,18,19,18,19,4,-2,2,-1,1,-1,-1,2,2,3,2,4
923,909,907,909,14,14,15,13,14,2,-2,0,-1,2,1,1,3,2,1,4
332,328,323,328,20,19,21,21,4,5,-5,1,-2,0,-1,1,1,1,1,4
302,293,288,286,14,14,15,13,9,5,2,0,-1,2,1,2,2,2,3,4
206,201,201,206,18,19,21,19,5,0,-5,-1,-2,2,-1,3,1,3,1,4
967,965,965,970,20,19,20,21,2,0,-5,1,-1,-1,-1,2,1,3,1,4
808,806,801,803,21,19,21,21,2,5,-2,2,-2,0,0,2,1,1,2,4
459,459,454,452,13,14,15,13,0,5,2,-1,-1,2,0,1,1,3,2,4
674,663,670,670,20,19,20,18,11,-7,0,1,-1,2,2,1,2,1,1,4
1021,1017,1010,1017,17,16,15,16,4,7,-7,1,1,-1,1,1,1,2,1,4
956,958,956,951,20,19,20,21,-2,2,5,1,-1,-1,-1,1,2,1,3,4
653,649,653,649,13,14,15,16,4,-4,4,-1,-1,-1,-3,2,2,2,2,4
639,639,637,632,20,19,18,18,0,2,5,1,1,0,2,2,2,3,1,4
311,309,309,302,14,14,13,13,2,0,7,0,1,0,1,2,3,3,2,4
911,914,914,914,21,19,21,19,-3,0,0,2,-2,2,2,2,3,1,1,4
696,691,684,679,13,14,12,13,5,7,5,-1,2,-1,0,2,2,3,1,4
747,745,740,743,20,19,20,18,2,5,-3,1,-1,2,2,2,1,3,2,4
670,663,670,674,20,19,20,21,7,-7,-4,1,-1,-1,-1,1,2,1,1,4
803,796,792,799,14,14,15,13,7,4,-7,0,-1,2,1,2,3,1,2,4
199,192,182,182,14,14,15,16,7,10,0,0,-1,-1,-2,2,3,1,1,4
290,290,290,290,14,17,15,16,0,0,0,-3,2,-1,-2,1,3,1,1,4
300,295,290,295,18,19,18,19,5,5,-5,-1,1,-1,-1,3,1,3,1,4
370,367,370,367,20,19,20,21,3,-3,3,1,-1,-1,-1,3,2,1,2,4
182,1078,1078,1078,18,19,18,18,-896,0,0,-1,1,0,0,1,1,1,1,4
461,454,454,454,17,16,18,16,7,0,0,1,-2,2,1,2,1,1,3,4
187,185,189,187,14,14,13,13,2,-4,2,0,1,0,1,3,2,2,1,4
747,738,736,736,13,14,12,13,9,2,0,-1,2,-1,0,2,2,1,3,4
520,517,520,515,14,14,13,13,3,-3,5,0,1,0,1,3,2,1,1,4
229,234,227,224,18,19,18,19,-5,7,3,-1,1,-1,-1,3,3,2,1,4
993,984,986,989,13,16,15,16,9,-2,-3,-3,1,-1,-3,1,1,2,1,4
714,710,707,707,20,19,20,21,4,3,0,1,-1,-1,-1,2,2,1,1,4
1061,1059,1050,1047,20,19,18,18,2,9,3,1,1,0,2,2,1,1,2,4
452,450,445,447,13,14,15,13,2,5,-2,-1,-1,2,0,2,3,1,2,4
663,660,660,651,20,19,18,18,3,0,9,1,1,0,2,2,1,1,1,4
513,513,506,503,21,19,20,21,0,7,3,2,-1,-1,0,2,2,1,2,4
220,215,215,213,14,14,13,13,5,0,2,0,1,0,1,3,1,3,2,4
860,857,853,860,14,14,13,13,3,4,-7,0,1,0,1,2,3,1,2,4
436,431,436,436,17,19,18,18,5,-5,0,-2,1,0,-1,1,1,1,1,4
618,607,607,604,14,14,15,16,11,0,3,0,-1,-1,-2,1,2,2,1,4
593,583,588,588,18,19,18,19,10,-5,0,-1,1,-1,-1,2,2,2,2,4
1010,1012,1007,1007,13,14,15,16,-2,5,0,-1,-1,-1,-3,2,1,3,1,4
300,295,293,288,14,14,13,13,5,2,5,0,1,0,1,3,1,2,2,4
217,213,210,208,18,17,18,19,4,3,2,1,-1,-1,-1,2,2,1,2,4
349,346,342,337,13,14,15,13,3,4,5,-1,-1,2,0,2,3,1,3,4
792,775,773,778,18,16,18,18,17,2,-5,2,-2,0,0,1,2,1,1,4
803,801,806,806,21,19,20,21,2,-5,0,2,-1,-1,0,2,1,1,1,4
393,389,386,389,13,14,15,16,4,3,-3,-1,-1,-1,-3,1,3,2,1,4
893,876,874,874,14,17,15,16,17,2,0,-3,2,-1,-2,2,1,2,2,4
895,893,893,895,18,17,18,19,2,0,-2,1,-1,-1,-1,1,2,2,1,4
602,581,581,583,14,17,15,16,21,0,-2,-3,2,-1,-2,2,1,1,2,4
719,717,714,714,13,14,12,13,2,3,0,-1,2,-1,0,2,1,2,2,4
443,433,433,436,13,16,15,16,10,0,-3,-3,1,-1,-3,2,2,2,1,4
381,382,382,377,13,14,12,13,-1,0,5,-1,2,-1,0,2,2,2,2,4
588,576,571,576,14,17,15,16,12,5,-5,-3,2,-1,-2,2,1,1,3,4
1043,1040,1040,1036,20,19,20,18,3,0,4,1,-1,2,2,2,1,1,1,4
220,196,187,185,14,14,13,13,24,9,2,0,1,0,1,1,3,1,2,4
492,489,492,487,21,19,21,19,3,-3,5,2,-2,2,2,1,2,1,1,4
503,506,503,496,14,14,13,13,-3,3,7,0,1,0,1,2,3,2,1,4
674,670,665,663,13,16,15,16,4,5,2,-3,1,-1,-3,3,1,1,2,4
248,248,243,248,18,19,18,18,0,5,-5,-1,1,0,0,1,1,3,3,4
241,236,227,239,14,14,13,13,5,9,-12,0,1,0,1,2,2,2,3,4
553,548,546,548,18,17,18,18,5,2,-2,1,-1,0,0,1,1,2,1,4
403,398,398,398,17,16,18,18,5,0,0,1,-2,0,-1,1,1,1,1,4
618,614,614,614,14,14,15,13,4,0,0,0,-1,2,1,3,1,1,3,4
201,187,182,185,14,17,15,16,14,5,-3,-3,2,-1,-2,3,1,1,2,4
883,881,876,878,18,17,18,19,2,5,-2,1,-1,-1,-1,2,1,1,2,4
1050,1045,1047,1043,20,19,20,21,5,-2,4,1,-1,-1,-1,1,1,2,2,4
529,520,515,515,21,19,20,19,9,5,0,2,-1,1,2,1,1,1,1,4
1068,1071,1068,1068,17,16,18,18,-3,3,0,1,-2,0,-1,1,2,3,1,4
194,189,187,182,14,17,15,16,5,2,5,-3,2,-1,-2,2,2,1,1,4
372,367,367,365,17,16,18,18,5,0,2,1,-2,0,-1,2,2,2,1,4
300,293,295,304,14,14,15,13,7,-2,-9,0,-1,2,1,1,2,3,1,4
300,293,290,290,18,19,18,19,7,3,0,-1,1,-1,-1,1,2,1,1,4
403,396,393,393,17,16,18,18,7,3,0,1,-2,0,-1,3,2,1,1,4
407,405,403,398,13,14,15,16,2,2,5,-1,-1,-1,-3,3,2,3,3,4
203,203,201,206,14,14,13,13,0,2,-5,0,1,0,1,2,2,3,1,4
506,503,503,501,18,17,18,16,3,0,2,1,-1,2,2,3,2,2,3,4
374,372,367,365,20,19,18,18,2,5,2,1,1,0,2,3,2,2,1,4
335,328,328,323,20,19,18,19,7,0,5,1,1,-1,1,2,1,1,1,4
923,928,942,925,18,19,18,19,-5,-14,17,-1,1,-1,-1,3,1,3,2,4
1043,1019,1017,1012,20,19,18,18,24,2,5,1,1,0,2,2,2,1,1,4
300,297,300,300,21,19,20,21,3,-3,0,2,-1,-1,0,1,2,3,1,4
185,1075,1073,1073,14,14,15,13,-890,2,0,0,-1,2,1,2,2,3,3,4
951,946,951,946,20,19,20,21,5,-5,5,1,-1,-1,-1,1,1,1,1,4
513,510,506,508,14,17,15,16,3,4,-2,-3,2,-1,-2,2,1,1,2,4
590,588,586,586,14,14,15,13,2,2,0,0,-1,2,1,3,2,1,1,4
192,187,182,185,18,19,18,19,5,5,-3,-1,1,-1,-1,1,1,1,2,4
900,904,900,904,21,19,20,21,-4,4,-4,2,-1,-1,0,1,3,1,3,4
660,656,656,656,17,16,18,16,4,0,0,1,-2,2,1,3,1,1,1,4
459,452,454,450,20,19,20,18,7,-2,4,1,-1,2,2,1,2,1,1,4
431,426,419,421,13,16,15,16,5,7,-2,-3,1,-1,-3,1,3,2,1,4
187,185,185,187,14,14,15,13,2,0,-2,0,-1,2,1,1,2,2,1,4
267,262,257,257,14,14,15,16,5,5,0,0,-1,-1,-2,1,3,1,1,4
740,740,736,736,13,14,15,16,0,4,0,-1,-1,-1,-3,3,3,1,1,4
234,229,229,229,21,19,20,19,5,0,0,2,-1,1,2,1,1,1,1,4
286,274,271,274,14,14,13,13,12,3,-3,0,1,0,1,1,2,1,2,4
639,637,635,632,13,14,15,16,2,2,3,-1,-1,-1,-3,2,1,2,1,4
684,679,674,677,13,14,15,13,5,5,-3,-1,-1,2,0,3,3,1,2,4
768,768,773,773,20,19,18,18,0,-5,0,1,1,0,2,1,1,1,1,4
534,532,527,532,14,14,13,13,2,5,-5,0,1,0,1,1,2,2,2,4
579,571,576,576,14,17,15,16,8,-5,0,-3,2,-1,-2,2,1,1,1,4
998,991,991,989,13,16,15,16,7,0,2,-3,1,-1,-3,3,2,2,1,4
956,956,949,949,17,16,18,18,0,7,0,1,-2,0,-1,1,1,2,2,4
600,588,581,583,14,14,13,13,12,7,-2,0,1,0,1,1,2,1,2,4
745,740,738,738,13,14,15,16,5,2,0,-1,-1,-1,-3,1,3,2,2,4
681,674,674,677,13,14,15,13,7,0,-3,-1,-1,2,0,2,1,1,2,4
750,750,750,750,20,19,20,21,0,0,0,1,-1,-1,-1,1,1,3,1,4
349,358,356,351,13,14,15,13,-9,2,5,-1,-1,2,0,2,2,3,1,4
318,318,314,316,18,17,18,16,0,4,-2,1,-1,2,2,3,3,1,2,4
1012,1007,1010,1010,20,19,20,18,5,-3,0,1,-1,2,2,1,1,2,2,4
342,332,332,332,13,14,15,13,10,0,0,-1,-1,2,0,3,1,1,1,4
590,588,588,588,14,17,15,16,2,0,0,-3,2,-1,-2,3,2,2,2,4
300,295,288,286,18,19,18,19,5,7,2,-1,1,-1,-1,3,1,2,1,4
325,325,328,328,14,17,15,16,0,-3,0,-3,2,-1,-2,2,2,1,1,4
548,539,534,532,18,17,18,19,9,5,2,1,-1,-1,-1,1,3,1,2,4
1007,1000,996,998,13,14,15,13,7,4,-2,-1,-1,2,0,1,2,2,3,4
431,428,426,426,20,19,20,18,3,2,0,1,-1,2,2,1,2,1,1,4
229,229,220,236,14,17,15,16,0,9,-16,-3,2,-1,-2,1,3,1,2,4
651,646,642,642,20,19,20,18,5,4,0,1,-1,2,2,1,1,1,1,4
663,660,660,660,13,14,12,13,3,0,0,-1,2,-1,0,2,3,1,1,4
379,374,370,374,20,19,20,21,5,4,-4,1,-1,-1,-1,1,1,1,1,4
539,529,527,534,14,17,15,16,10,2,-7,-3,2,-1,-2,1,3,2,1,4
407,403,398,398,20,19,20,21,4,5,0,1,-1,-1,-1,1,3,3,1,4
831,829,824,824,21,19,20,19,2,5,0,2,-1,1,2,2,1,1,1,4
834,827,822,820,14,17,15,16,7,5,2,-3,2,-1,-2,3,2,2,1,4
414,410,414,417,20,19,18,18,4,-4,-3,1,1,0,2,2,2,2,3,4
904,900,895,895,21,19,20,21,4,5,0,2,-1,-1,0,3,3,1,1,4
239,234,229,229,21,19,20,19,5,5,0,2,-1,1,2,3,3,1,1,4
1059,1050,1047,1045,17,16,18,18,9,3,2,1,-2,0,-1,3,3,2,1,4
890,890,886,886,14,17,15,16,0,4,0,-3,2,-1,-2,1,1,1,1,4
1073,1068,1068,1064,13,14,12,13,5,0,4,-1,2,-1,0,1,3,3,1,4
506,501,501,501,18,19,18,19,5,0,0,-1,1,-1,-1,1,1,1,3,4
304,300,295,295,14,17,15,16,4,5,0,-3,2,-1,-2,3,1,1,1,4
857,850,848,848,18,19,18,18,7,2,0,-1,1,0,0,1,2,1,1,4
637,625,614,616,13,14,13,13,12,11,-2,-1,1,0,0,3,2,1,2,4
271,260,255,250,14,14,15,13,11,5,5,0,-1,2,1,3,2,2,2,4
862,860,857,860,14,14,13,13,2,3,-3,0,1,0,1,1,2,1,2,4
379,377,374,372,20,19,20,18,2,3,2,1,-1,2,2,3,2,3,2,4
527,522,517,520,18,17,18,19,5,5,-3,1,-1,-1,-1,2,2,2,1,4
886,874,876,878,18,19,18,19,12,-2,-2,-1,1,-1,-1,1,2,1,2,4
925,928,928,923,18,19,18,19,-3,0,5,-1,1,-1,-1,2,1,1,1,4
623,623,618,618,21,19,21,21,0,5,0,2,-2,0,0,3,1,1,1,4
471,471,471,466,13,14,15,13,0,0,5,-1,-1,2,0,2,2,2,2,4
264,257,253,253,14,17,15,16,7,4,0,-3,2,-1,-2,2,1,1,1,4
569,560,557,557,14,14,13,13,9,3,0,0,1,0,1,2,2,1,1,4
243,241,232,239,18,19,18,18,2,9,-7,-1,1,0,0,1,2,2,1,4
295,290,290,290,21,19,20,19,5,0,0,2,-1,1,2,3,3,3,1,4
895,890,888,890,21,19,20,19,5,2,-2,2,-1,1,2,3,1,2,1,4
194,189,192,189,21,19,21,19,5,-3,3,2,-2,2,2,2,2,1,2,4
302,290,293,290,21,19,20,19,12,-3,3,2,-1,1,2,2,1,2,1,4
607,602,595,602,21,19,20,21,5,7,-7,2,-1,-1,0,2,2,1,2,4
309,309,309,307,14,14,13,13,0,0,2,0,1,0,1,3,3,1,2,4
1064,1061,1057,1054,17,16,15,16,3,4,3,1,1,-1,1,3,2,2,3,4
916,911,914,904,21,19,21,21,5,-3,10,2,-2,0,0,2,2,3,3,4
255,243,243,243,14,17,15,16,12,0,0,-3,2,-1,-2,2,1,3,1,4
548,541,536,541,14,14,15,13,7,5,-5,0,-1,2,1,1,2,2,2,4
325,323,323,325,18,19,18,19,2,0,-2,-1,1,-1,-1,2,1,1,2,4
986,986,984,986,17,16,18,18,0,2,-2,1,-2,0,-1,2,2,1,2,4
1050,1050,1045,1050,17,16,15,16,0,5,-5,1,1,-1,1,3,3,1,1,4
710,707,700,703,17,19,18,18,3,7,-3,-2,1,0,-1,2,1,2,1,4
827,820,815,815,18,17,18,16,7,5,0,1,-1,2,2,2,1,1,1,4
1017,1017,1014,1012,20,19,20,21,0,3,2,1,-1,-1,-1,1,1,2,1,4
468,473,471,471,20,19,18,18,-5,2,0,1,1,0,2,3,1,2,2,4
384,379,379,374,17,16,18,18,5,0,5,1,-2,0,-1,3,1,1,3,4
307,297,297,300,14,14,13,13,10,0,-3,0,1,0,1,2,2,2,1,4
257,246,246,246,18,17,18,16,11,0,0,1,-1,2,2,3,2,2,2,4
642,637,635,637,13,14,15,13,5,2,-2,-1,-1,2,0,3,1,2,1,4
536,524,529,534,21,19,20,21,12,-5,-5,2,-1,-1,0,2,1,1,1,4
724,717,707,712,13,14,15,13,7,10,-5,-1,-1,2,0,2,1,1,1,4
1059,1057,1054,1050,17,16,18,18,2,3,4,1,-2,0,-1,1,2,1,1,4
564,555,557,567,18,19,18,18,9,-2,-10,-1,1,0,0,2,2,1,1,4
215,206,203,206,18,17,18,16,9,3,-3,1,-1,2,2,1,1,2,1,4
670,670,670,674,20,19,18,18,0,0,-4,1,1,0,2,1,1,1,3,4
1052,1043,1050,1045,13,14,12,13,9,-7,5,-1,2,-1,0,2,2,3,1,4
349,351,346,344,17,16,15,16,-2,5,2,1,1,-1,1,2,1,1,2,4
510,499,494,499,14,14,15,16,11,5,-5,0,-1,-1,-2,1,2,2,2,4
279,274,267,264,14,14,15,13,5,7,3,0,-1,2,1,2,2,1,2,4
621,618,618,621,21,19,21,21,3,0,-3,2,-2,0,0,2,1,3,2,4
874,871,864,867,14,14,13,13,3,7,-3,0,1,0,1,2,3,2,1,4
743,733,731,747,17,16,15,16,10,2,-16,1,1,-1,1,2,2,1,2,4
918,916,909,914,18,19,18,19,2,7,-5,-1,1,-1,-1,1,2,3,1,4
848,843,843,843,18,17,18,18,5,0,0,1,-1,0,0,3,3,1,1,4
487,482,482,482,18,17,18,19,5,0,0,1,-1,-1,-1,1,1,1,1,4
848,839,839,843,18,19,18,18,9,0,-4,-1,1,0,0,1,1,1,1,4
405,400,398,400,17,16,18,18,5,2,-2,1,-2,0,-1,2,2,1,2,4
1021,1012,1007,1010,13,14,15,16,9,5,-3,-1,-1,-1,-3,3,1,1,2,4
801,799,799,796,18,19,18,19,2,0,3,-1,1,-1,-1,1,2,2,1,4
743,738,738,740,17,16,18,16,5,0,-2,1,-2,2,1,2,2,2,1,4
595,593,595,595,21,19,20,21,2,-2,0,2,-1,-1,0,1,2,1,1,4
520,510,501,501,14,14,13,13,10,9,0,0,1,0,1,1,1,1,1,4
517,510,508,506,18,17,18,19,7,2,2,1,-1,-1,-1,2,1,2,1,4
203,201,196,196,14,14,13,13,2,5,0,0,1,0,1,2,1,1,1,4
346,342,342,337,20,19,18,18,4,0,5,1,1,0,2,3,1,3,1,4
529,515,515,517,18,17,18,16,14,0,-2,1,-1,2,2,1,3,1,2,4
1045,1043,1040,1040,13,14,12,13,2,3,0,-1,2,-1,0,1,2,1,1,4
295,293,290,288,18,17,18,19,2,3,2,1,-1,-1,-1,1,2,1,2,4
1059,1054,1047,1050,20,19,18,18,5,7,-3,1,1,0,2,3,1,2,1,4
703,698,689,693,13,14,15,13,5,9,-4,-1,-1,2,0,1,3,1,1,4
632,628,625,625,20,19,21,19,4,3,0,1,-2,2,1,1,1,2,2,4
925,921,916,918,14,14,13,13,4,5,-2,0,1,0,1,2,2,2,3,4
349,346,349,351,20,19,20,21,3,-3,-2,1,-1,-1,-1,2,1,2,1,4
534,532,529,529,21,19,20,21,2,3,0,2,-1,-1,0,1,2,1,1,4
517,522,513,517,14,14,15,13,-5,9,-4,0,-1,2,1,2,2,2,2,4
792,782,773,773,18,19,18,18,10,9,0,-1,1,0,0,1,1,3,1,4
215,215,213,213,21,19,20,21,0,2,0,2,-1,-1,0,3,1,2,2,4
567,557,550,555,14,17,15,16,10,7,-5,-3,2,-1,-2,3,3,2,2,4
787,782,787,782,18,19,18,19,5,-5,5,-1,1,-1,-1,3,1,1,1,4
339,332,328,325,17,16,18,19,7,4,3,1,-2,-1,-2,2,1,1,2,4
243,239,234,236,21,19,20,21,4,5,-2,2,-1,-1,0,1,1,1,2,4
1026,1026,1026,1026,20,19,20,21,0,0,0,1,-1,-1,-1,3,1,1,1,4
520,513,513,510,14,17,15,16,7,0,3,-3,2,-1,-2,1,2,2,3,4
876,867,860,862,14,14,13,13,9,7,-2,0,1,0,1,1,3,2,3,4
883,869,860,853,14,14,13,13,14,9,7,0,1,0,1,2,2,2,1,4
398,398,398,396,13,14,15,13,0,0,2,-1,-1,2,0,1,3,1,2,4
867,862,862,862,18,19,18,18,5,0,0,-1,1,0,0,1,1,1,1,4
555,548,539,543,14,14,13,13,7,9,-4,0,1,0,1,2,1,1,1,4
325,325,321,316,14,17,15,16,0,4,5,-3,2,-1,-2,2,2,2,2,4
189,1078,1073,1073,14,14,15,13,-889,5,0,0,-1,2,1,2,1,1,1,4
466,464,464,461,17,16,15,16,2,0,3,1,1,-1,1,2,1,3,2,4
508,501,501,506,14,14,15,13,7,0,-5,0,-1,2,1,2,1,1,1,4
625,623,646,618,21,19,20,21,2,-23,28,2,-1,-1,0,2,1,1,1,4
257,241,248,260,21,19,20,18,16,-7,-12,2,-1,2,3,1,2,1,2,4
194,187,182,187,14,14,13,13,7,5,-5,0,1,0,1,2,3,1,1,4
860,857,857,860,14,14,13,13,3,0,-3,0,1,0,1,2,3,1,2,4
189,182,182,182,21,19,21,21,7,0,0,2,-2,0,0,2,1,1,1,4
602,602,597,593,14,14,15,13,0,5,4,0,-1,2,1,2,2,2,2,4
1000,989,991,996,13,14,12,13,11,-2,-5,-1,2,-1,0,2,1,2,2,4
316,314,311,309,14,14,15,13,2,3,2,0,-1,2,1,2,3,2,3,4
895,886,881,878,14,17,15,16,9,5,3,-3,2,-1,-2,1,1,3,2,4
970,970,970,965,13,14,15,13,0,0,5,-1,-1,2,0,1,1,3,1,4
665,663,658,660,20,19,18,18,2,5,-2,1,1,0,2,1,2,2,1,4
571,562,567,567,18,17,18,16,9,-5,0,1,-1,2,2,1,3,3,1,4
921,918,914,914,21,19,21,21,3,4,0,2,-2,0,0,2,1,1,1,4
904,902,904,904,14,14,13,13,2,-2,0,0,1,0,1,1,2,1,1,4
937,937,925,928,13,14,15,13,0,12,-3,-1,-1,2,0,3,1,2,1,4
803,799,796,799,21,19,21,19,4,3,-3,2,-2,2,2,2,2,1,2,4
766,759,759,759,17,16,18,18,7,0,0,1,-2,0,-1,2,1,1,1,4
834,827,824,824,21,19,20,21,7,3,0,2,-1,-1,0,1,2,1,1,4
550,548,541,534,14,14,13,13,2,7,7,0,1,0,1,2,3,2,1,4
958,953,951,960,13,14,15,13,5,2,-9,-1,-1,2,0,2,2,1,3,4
321,318,314,316,18,19,21,19,3,4,-2,-1,-2,2,-1,2,1,1,2,4
201,199,196,199,14,14,15,13,2,3,-3,0,-1,2,1,3,2,1,2,4
1029,1021,1017,1014,17,16,18,16,8,4,3,1,-2,2,1,2,1,1,2,4
358,358,356,360,13,14,12,13,0,2,-4,-1,2,-1,0,2,2,1,1,4
513,499,506,508,14,17,15,16,14,-7,-2,-3,2,-1,-2,2,2,1,2,4
534,534,534,532,18,19,18,19,0,0,2,-1,1,-1,-1,1,1,1,2,4
853,843,843,846,18,19,18,18,10,0,-3,-1,1,0,0,1,1,3,2,4
356,351,351,351,13,14,12,13,5,0,0,-1,2,-1,0,3,1,3,3,4
569,567,557,557,14,14,13,13,2,10,0,0,1,0,1,2,3,3,1,4
517,513,527,506,14,17,15,16,4,-14,21,-3,2,-1,-2,2,2,2,1,4
290,288,286,286,21,19,20,19,2,2,0,2,-1,1,2,3,2,1,3,4
239,236,239,234,18,19,18,18,3,-3,5,-1,1,0,0,1,2,1,1,4
307,300,300,300,18,19,18,19,7,0,0,-1,1,-1,-1,2,1,1,1,4
925,916,911,911,14,14,13,13,9,5,0,0,1,0,1,2,2,2,2,4
1019,1021,1017,1017,17,16,15,16,-2,4,0,1,1,-1,1,2,1,3,1,4
853,848,848,848,14,14,15,13,5,0,0,0,-1,2,1,1,3,1,1,4
590,586,581,583,18,17,18,16,4,5,-2,1,-1,2,2,3,3,1,2,4
604,586,586,586,18,19,18,19,18,0,0,-1,1,-1,-1,3,1,1,1,4
860,867,850,860,14,14,15,13,-7,17,-10,0,-1,2,1,2,1,2,2,4
710,707,710,710,20,19,20,21,3,-3,0,1,-1,-1,-1,2,3,2,2,4
316,307,304,304,14,14,15,16,9,3,0,0,-1,-1,-2,2,2,1,3,4
445,438,433,433,13,14,15,13,7,5,0,-1,-1,2,0,1,2,2,2,4
989,989,982,989,20,19,20,18,0,7,-7,1,-1,2,2,1,3,2,3,4
496,489,485,478,14,14,15,13,7,4,7,0,-1,2,1,1,2,2,1,4
304,302,297,302,18,19,18,19,2,5,-5,-1,1,-1,-1,1,2,2,2,4
614,609,607,604,18,17,18,19,5,2,3,1,-1,-1,-1,1,1,2,1,4
243,236,234,236,21,19,20,21,7,2,-2,2,-1,-1,0,1,2,1,2,4
736,731,721,719,13,14,12,13,5,10,2,-1,2,-1,0,1,3,1,2,4
307,309,304,302,18,17,18,19,-2,5,2,1,-1,-1,-1,2,1,1,2,4
925,923,925,925,18,17,18,19,2,-2,0,1,-1,-1,-1,2,1,2,2,4
621,616,609,609,18,17,18,19,5,7,0,1,-1,-1,-1,2,2,1,1,4
1054,1054,1052,1059,13,14,15,13,0,2,-7,-1,-1,2,0,1,3,2,3,4
466,461,461,464,17,16,18,16,5,0,-3,1,-2,2,1,2,2,2,1,4
421,424,421,421,20,19,20,18,-3,3,0,1,-1,2,2,3,2,1,1,4
217,215,215,229,18,17,18,19,2,0,-14,1,-1,-1,-1,2,3,3,1,4
206,210,201,199,14,17,15,16,-4,9,2,-3,2,-1,-2,3,1,1,2,4
262,257,253,255,18,17,18,16,5,4,-2,1,-1,2,2,1,1,1,2,4
672,672,667,670,13,16,15,16,0,5,-3,-3,1,-1,-3,2,2,2,1,4
921,914,909,914,14,14,13,13,7,5,-5,0,1,0,1,2,1,1,1,4
520,520,510,510,14,14,15,13,0,10,0,0,-1,2,1,1,1,1,1,4
846,836,834,832,14,14,15,13,10,2,2,0,-1,2,1,2,2,1,2,4
972,979,972,972,13,16,15,16,-7,7,0,-3,1,-1,-3,2,3,2,2,4
965,960,960,960,20,19,20,18,5,0,0,1,-1,2,2,1,3,1,1,4
529,520,520,520,21,19,20,21,9,0,0,2,-1,-1,0,3,1,1,1,4
220,215,220,217,21,19,20,21,5,-5,3,2,-1,-1,0,1,1,1,2,4
729,721,731,712,17,16,18,16,8,-10,19,1,-2,2,1,2,1,3,1,4
325,321,318,318,18,17,18,16,4,3,0,1,-1,2,2,2,2,1,1,4
1024,1021,1024,1021,20,19,20,21,3,-3,3,1,-1,-1,-1,2,1,2,1,4
839,824,820,815,18,19,18,19,15,4,5,-1,1,-1,-1,3,3,1,1,4
796,789,787,789,18,17,18,16,7,2,-2,1,-1,2,2,1,2,1,2,4
974,974,965,967,17,16,18,16,0,9,-2,1,-2,2,1,1,3,3,2,4
956,949,951,951,20,19,20,18,7,-2,0,1,-1,2,2,1,2,1,1,4
862,867,864,869,14,17,15,16,-5,3,-5,-3,2,-1,-2,1,1,2,2,4
346,346,346,344,20,19,20,18,0,0,2,1,-1,2,2,1,1,1,2,4
949,946,944,944,13,14,15,13,3,2,0,-1,-1,2,0,2,1,2,2,4
440,438,433,431,13,14,15,13,2,5,2,-1,-1,2,0,1,2,2,3,4
239,234,232,234,21,19,20,18,5,2,-2,2,-1,2,3,1,1,2,1,4
1031,1019,1026,1026,13,16,15,16,12,-7,0,-3,1,-1,-3,1,2,1,1,4
590,588,586,581,21,19,20,19,2,2,5,2,-1,1,2,1,2,1,1,4
215,213,208,206,14,14,15,13,2,5,2,0,-1,2,1,1,2,2,3,4
1000,996,993,989,20,19,20,18,4,3,4,1,-1,2,2,2,2,1,1,4
185,182,1078,1078,21,19,20,18,3,-896,0,2,-1,2,3,2,1,1,1,4
921,916,909,909,18,19,21,19,5,7,0,-1,-2,2,-1,2,2,1,1,4
1019,1014,1003,1003,17,16,15,16,5,11,0,1,1,-1,1,2,2,3,3,4
236,229,229,227,18,19,18,19,7,0,2,-1,1,-1,-1,2,1,3,2,4
1031,1024,1021,1026,20,19,20,21,7,3,-5,1,-1,-1,-1,1,2,1,1,4
602,595,595,593,21,19,20,21,7,0,2,2,-1,-1,0,2,1,1,2,4
501,499,492,499,14,14,13,13,2,7,-7,0,1,0,1,1,2,3,2,4
824,817,820,822,21,19,20,21,7,-3,-2,2,-1,-1,0,3,2,1,2,4
867,857,857,855,18,19,18,21,10,0,2,-1,1,-3,-3,1,1,3,2,4
201,203,199,199,14,14,15,13,-2,4,0,0,-1,2,1,1,2,2,2,4
817,806,801,801,14,14,15,13,11,5,0,0,-1,2,1,2,1,1,1,4
283,276,274,276,14,17,15,16,7,2,-2,-3,2,-1,-2,2,1,2,1,4
970,967,965,965,20,19,20,18,3,2,0,1,-1,2,2,1,2,1,1,4
346,346,339,344,20,19,20,18,0,7,-5,1,-1,2,2,3,3,2,2,4
224,213,206,201,14,14,13,13,11,7,5,0,1,0,1,3,2,1,3,4
932,928,921,918,20,19,18,19,4,7,3,1,1,-1,1,1,1,2,1,4
452,447,440,438,13,14,12,13,5,7,2,-1,2,-1,0,2,2,3,2,4
815,810,806,810,14,14,13,13,5,4,-4,0,1,0,1,1,1,1,1,4
876,871,869,869,14,14,15,13,5,2,0,0,-1,2,1,3,1,2,2,4
679,674,672,674,17,16,15,16,5,2,-2,1,1,-1,1,3,1,2,1,4
1073,1073,1066,1068,17,19,18,18,0,7,-2,-2,1,0,-1,3,3,2,1,4
935,923,923,923,17,17,15,16,12,0,0,0,2,-1,1,2,3,1,3,4
679,672,672,670,13,16,15,16,7,0,2,-3,1,-1,-3,1,2,2,1,4
466,464,461,459,13,14,15,13,2,3,2,-1,-1,2,0,2,3,2,1,4
621,632,635,637,18,16,18,16,-11,-3,-2,2,-2,2,2,2,1,2,1,4
318,314,304,309,14,14,15,13,4,10,-5,0,-1,2,1,1,1,3,3,4
771,768,759,761,13,16,15,16,3,9,-2,-3,1,-1,-3,2,1,1,2,4
553,546,543,550,18,17,18,18,7,3,-7,1,-1,0,0,1,2,3,2,4
946,942,937,942,13,14,15,13,4,5,-5,-1,-1,2,0,3,1,1,1,4
386,386,382,379,17,16,18,18,0,4,3,1,-2,0,-1,2,2,2,1,4
977,944,1003,1047,13,14,15,13,33,-59,-44,-1,-1,2,0,2,2,3,2,4
412,410,407,403,17,19,18,18,2,3,4,-2,1,0,-1,1,2,1,1,4
546,541,536,539,18,19,18,18,5,5,-3,-1,1,0,0,2,2,2,1,4
365,372,363,363,17,16,18,18,-7,9,0,1,-2,0,-1,1,2,2,2,4
253,241,246,243,18,19,18,18,12,-5,3,-1,1,0,0,3,2,2,1,4
185,1068,1066,1068,14,16,15,16,-883,2,-2,-2,1,-1,-2,2,1,2,3,4
916,904,900,902,14,17,15,16,12,4,-2,-3,2,-1,-2,2,1,1,2,4
1014,1007,1000,1003,13,14,15,13,7,7,-3,-1,-1,2,0,2,3,2,3,4
993,991,984,984,13,14,12,13,2,7,0,-1,2,-1,0,3,2,1,1,4
951,946,946,946,13,14,15,16,5,0,0,-1,-1,-1,-3,1,3,3,3,4
1019,1007,1003,1003,13,14,15,13,12,4,0,-1,-1,2,0,2,3,1,3,4
1052,1033,1033,1033,13,14,12,13,19,0,0,-1,2,-1,0,2,2,2,2,4
473,473,471,473,20,19,18,18,0,2,-2,1,1,0,2,3,3,2,1,4
923,916,909,907,18,17,18,16,7,7,2,1,-1,2,2,1,2,1,2,4
450,443,438,440,13,14,12,13,7,5,-2,-1,2,-1,0,1,2,2,1,4
1050,1047,1045,1045,13,14,12,13,3,2,0,-1,2,-1,0,3,2,3,1,4
356,363,363,360,17,16,18,16,-7,0,3,1,-2,2,1,1,2,2,1,4
363,363,365,360,13,16,15,16,0,-2,5,-3,1,-1,-3,2,2,1,3,4
300,295,288,286,18,17,18,19,5,7,2,1,-1,-1,-1,1,3,2,1,4
307,300,286,288,14,14,13,13,7,14,-2,0,1,0,1,2,1,1,2,4
182,1071,1068,1073,14,14,15,13,-889,3,-5,0,-1,2,1,1,2,3,3,4
524,517,517,520,18,17,18,19,7,0,-3,1,-1,-1,-1,1,2,2,1,4
389,386,377,382,13,14,12,13,3,9,-5,-1,2,-1,0,1,2,2,2,4
283,278,276,271,14,14,13,13,5,2,5,0,1,0,1,2,2,1,1,4
623,623,487,618,18,17,18,19,0,136,-131,1,-1,-1,-1,1,1,1,1,4
916,907,904,904,14,17,15,16,9,3,0,-3,2,-1,-2,2,2,3,3,4
365,363,363,365,20,19,20,21,2,0,-2,1,-1,-1,-1,1,2,2,1,4
487,475,473,478,14,16,15,16,12,2,-5,-2,1,-1,-2,1,2,1,1,4
949,951,946,949,17,16,15,16,-2,5,-3,1,1,-1,1,2,1,1,2,4
412,1050,1045,1045,13,14,15,13,-638,5,0,-1,-1,2,0,1,3,1,1,4
293,290,286,281,21,19,20,21,3,4,5,2,-1,-1,0,2,1,1,3,4
907,902,900,897,21,19,20,19,5,2,3,2,-1,1,2,2,2,1,2,4
909,909,904,904,14,14,13,13,0,5,0,0,1,0,1,3,3,1,1,4
1031,1031,1031,1031,17,16,18,18,0,0,0,1,-2,0,-1,3,1,1,1,4
801,796,799,799,14,14,13,13,5,-3,0,0,1,0,1,1,3,2,2,4
932,932,925,928,20,19,21,21,0,7,-3,1,-2,0,-1,1,1,2,1,4
618,625,618,616,14,17,15,16,-7,7,2,-3,2,-1,-2,1,2,1,2,4
290,278,281,281,14,17,15,16,12,-3,0,-3,2,-1,-2,3,2,1,1,4
970,970,965,965,13,14,12,13,0,5,0,-1,2,-1,0,1,1,3,1,4
900,900,900,900,14,14,13,13,0,0,0,0,1,0,1,1,1,1,1,4
635,625,623,623,17,17,18,19,10,2,0,0,-1,-1,-2,2,2,3,1,4
773,771,764,764,20,19,20,21,2,7,0,1,-1,-1,-1,3,2,1,1,4
667,670,663,665,17,19,18,18,-3,7,-2,-2,1,0,-1,2,3,2,1,4
541,536,534,529,18,19,18,19,5,2,5,-1,1,-1,-1,2,2,1,1,4
503,499,496,496,14,14,15,13,4,3,0,0,-1,2,1,2,2,1,3,4
604,600,600,604,18,17,18,19,4,0,-4,1,-1,-1,-1,1,1,1,1,4
503,501,501,503,18,19,18,19,2,0,-2,-1,1,-1,-1,2,1,3,2,4
426,426,421,417,13,14,12,13,0,5,4,-1,2,-1,0,3,1,3,1,4
993,989,986,989,17,16,15,16,4,3,-3,1,1,-1,1,1,1,2,1,4
745,745,743,743,13,14,15,13,0,2,0,-1,-1,2,0,1,3,2,2,4
215,206,201,201,18,17,18,16,9,5,0,1,-1,2,2,1,3,1,1,4
839,834,834,834,18,17,18,18,5,0,0,1,-1,0,0,1,1,1,1,4
579,576,581,576,14,14,15,16,3,-5,5,0,-1,-1,-2,2,3,3,1,4
986,989,984,989,17,16,15,16,-3,5,-5,1,1,-1,1,2,3,1,1,4
379,372,374,374,17,19,18,18,7,-2,0,-2,1,0,-1,1,2,1,1,4
815,810,810,810,21,19,20,21,5,0,0,2,-1,-1,0,1,1,1,1,4
609,597,595,595,18,17,18,16,12,2,0,1,-1,2,2,3,2,1,1,4
653,663,660,656,13,14,15,16,-10,3,4,-1,-1,-1,-3,2,2,1,1,4
302,297,293,288,18,19,18,19,5,4,5,-1,1,-1,-1,2,2,2,2,4
1068,1073,1073,1073,20,19,20,21,-5,0,0,1,-1,-1,-1,3,1,1,1,4
253,243,241,241,18,17,18,16,10,2,0,1,-1,2,2,1,1,2,2,4
436,421,417,412,13,14,12,13,15,4,5,-1,2,-1,0,3,3,1,3,4
773,773,773,773,20,19,18,18,0,0,0,1,1,0,2,1,1,1,1,4
342,339,337,335,13,14,12,13,3,2,2,-1,2,-1,0,1,2,1,2,4
1000,1000,1007,1007,20,19,18,18,0,-7,0,1,1,0,2,2,2,1,1,4
935,932,923,925,17,16,18,16,3,9,-2,1,-2,2,1,2,1,1,2,4
935,932,928,928,17,19,18,19,3,4,0,-2,1,-1,-2,2,1,1,1,4
820,813,813,815,14,17,15,16,7,0,-2,-3,2,-1,-2,1,2,2,1,4
196,192,189,192,21,19,21,21,4,3,-3,2,-2,0,0,3,3,2,1,4
276,264,262,264,21,19,20,21,12,2,-2,2,-1,-1,0,1,2,1,2,4
1014,1010,1012,1012,17,16,18,18,4,-2,0,1,-2,0,-1,2,2,1,3,4
309,293,281,283,14,14,15,13,16,12,-2,0,-1,2,1,3,2,1,2,4
895,897,890,895,18,19,18,19,-2,7,-5,-1,1,-1,-1,3,2,1,1,4
510,510,510,510,18,17,18,19,0,0,0,1,-1,-1,-1,3,1,3,1,4
454,417,412,410,17,16,15,16,37,5,2,1,1,-1,1,1,3,1,2,4
729,721,724,724,13,14,15,16,8,-3,0,-1,-1,-1,-3,2,1,2,2,4
264,264,267,267,14,17,15,16,0,-3,0,-3,2,-1,-2,2,2,1,3,4
736,731,726,724,20,19,20,18,5,5,2,1,-1,2,2,1,1,1,2,4
646,642,637,642,17,19,18,18,4,5,-5,-2,1,0,-1,3,1,1,1,4
386,379,374,377,13,16,15,16,7,5,-3,-3,1,-1,-3,2,1,3,2,4
850,846,843,848,21,19,20,21,4,3,-5,2,-1,-1,0,2,2,1,1,4
410,410,407,407,13,14,15,13,0,3,0,-1,-1,2,0,2,2,1,1,4
335,332,332,332,20,19,20,18,3,0,0,1,-1,2,2,2,1,1,1,4
670,660,656,667,13,14,12,13,10,4,-11,-1,2,-1,0,1,1,3,2,4
895,893,890,890,14,14,13,13,2,3,0,0,1,0,1,1,2,3,1,4
942,939,935,939,20,19,18,18,3,4,-4,1,1,0,2,1,2,2,2,4
391,391,389,384,13,14,15,16,0,2,5,-1,-1,-1,-3,2,2,1,1,4
293,288,290,288,21,19,20,21,5,-2,2,2,-1,-1,0,2,2,1,2,4
304,304,302,304,18,19,18,19,0,2,-2,-1,1,-1,-1,3,1,2,1,4
674,672,672,670,20,19,20,18,2,0,2,1,-1,2,2,1,2,2,1,4
977,972,977,974,17,16,18,16,5,-5,3,1,-2,2,1,2,2,2,1,4
974,972,974,972,13,14,15,16,2,-2,2,-1,-1,-1,-3,3,2,1,2,4
928,909,909,914,14,14,15,13,19,0,-5,0,-1,2,1,1,1,1,1,4
703,703,703,705,20,19,20,21,0,0,-2,1,-1,-1,-1,1,3,1,2,4
269,262,262,260,14,14,13,13,7,0,2,0,1,0,1,2,1,1,2,4
220,213,213,210,14,17,15,16,7,0,3,-3,2,-1,-2,1,2,2,1,4
1068,1066,1057,1054,13,14,12,13,2,9,3,-1,2,-1,0,1,2,2,1,4
1045,1038,1040,1038,17,16,15,16,7,-2,2,1,1,-1,1,1,2,1,2,4
653,651,651,651,17,16,15,16,2,0,0,1,1,-1,1,2,3,1,1,4
815,813,806,803,14,17,15,16,2,7,3,-3,2,-1,-2,1,2,1,2,4
958,953,951,951,13,14,15,13,5,2,0,-1,-1,2,0,2,2,3,1,4
300,300,300,302,18,17,18,16,0,0,-2,1,-1,2,2,1,1,1,2,4
482,475,473,478,14,14,12,13,7,2,-5,0,2,-1,1,1,2,1,1,4
553,548,550,546,21,19,20,21,5,-2,4,2,-1,-1,0,1,3,2,2,4
869,862,862,862,14,14,15,13,7,0,0,0,-1,2,1,2,3,1,3,4
883,878,876,871,18,17,18,18,5,2,5,1,-1,0,0,2,2,1,1,4
311,302,295,300,18,17,18,16,9,7,-5,1,-1,2,2,2,2,1,1,4
576,569,562,567,14,17,15,16,7,7,-5,-3,2,-1,-2,1,2,1,1,4
433,428,428,431,20,19,20,18,5,0,-3,1,-1,2,2,2,2,2,1,4
696,686,686,684,13,14,15,13,10,0,2,-1,-1,2,0,2,2,2,1,4
279,271,271,276,18,17,18,16,8,0,-5,1,-1,2,2,2,3,1,1,4
595,593,590,586,18,19,20,19,2,3,4,-1,-1,1,-1,1,2,1,1,4
1073,1066,1064,1064,13,16,15,16,7,2,0,-3,1,-1,-3,3,2,1,3,4
893,888,890,890,14,17,15,16,5,-2,0,-3,2,-1,-2,2,2,1,1,4
185,1073,1064,1064,14,14,15,13,-888,9,0,0,-1,2,1,2,3,1,1,4
227,215,213,213,18,17,18,19,12,2,0,1,-1,-1,-1,2,3,2,2,4
478,473,468,464,17,16,18,18,5,5,4,1,-2,0,-1,1,3,1,1,4
248,239,236,243,21,19,20,21,9,3,-7,2,-1,-1,0,3,3,2,3,4
848,843,834,834,18,19,18,18,5,9,0,-1,1,0,0,1,1,1,1,4
787,775,778,778,18,19,18,18,12,-3,0,-1,1,0,0,3,2,1,1,4
921,918,914,914,21,19,21,21,3,4,0,2,-2,0,0,2,3,1,3,4
660,653,628,628,17,16,18,16,7,25,0,1,-2,2,1,3,2,1,1,4
356,351,356,356,20,19,20,18,5,-5,0,1,-1,2,2,3,3,3,1,4
546,543,543,548,21,19,20,18,3,0,-5,2,-1,2,3,2,1,1,1,4
974,979,974,970,13,14,12,13,-5,5,4,-1,2,-1,0,1,3,1,3,4
356,349,342,342,13,14,15,13,7,7,0,-1,-1,2,0,1,2,1,3,4
750,747,740,738,17,16,15,16,3,7,2,1,1,-1,1,1,2,1,2,4
517,513,510,510,14,14,15,13,4,3,0,0,-1,2,1,2,2,1,1,4
286,276,283,276,14,14,13,13,10,-7,7,0,1,0,1,1,3,2,1,4
300,297,297,300,18,19,18,19,3,0,-3,-1,1,-1,-1,1,2,2,1,4
300,295,295,295,18,17,18,19,5,0,0,1,-1,-1,-1,1,1,1,1,4
426,417,412,407,20,19,20,21,9,5,5,1,-1,-1,-1,1,1,1,3,4
443,438,433,431,13,14,15,13,5,5,2,-1,-1,2,0,2,2,2,1,4
461,461,459,459,13,14,15,13,0,2,0,-1,-1,2,0,2,2,1,1,4
958,958,951,951,13,14,12,13,0,7,0,-1,2,-1,0,2,2,3,3,4
541,539,541,543,14,14,15,16,2,-2,-2,0,-1,-1,-2,2,3,2,3,4
436,436,436,436,13,16,15,16,0,0,0,-3,1,-1,-3,1,3,1,1,4
187,1078,1075,1073,21,19,20,18,-891,3,2,2,-1,2,3,3,1,2,1,4
445,443,440,438,13,14,15,16,2,3,2,-1,-1,-1,-3,1,2,1,2,4
1066,1061,1064,1066,20,19,20,18,5,-3,-2,1,-1,2,2,2,2,1,2,4
229,220,220,220,18,17,18,19,9,0,0,1,-1,-1,-1,3,3,1,1,4
843,841,832,832,14,14,15,13,2,9,0,0,-1,2,1,1,2,2,2,4
583,578,574,569,14,17,15,16,5,4,5,-3,2,-1,-2,2,2,2,2,4
977,974,972,972,20,19,20,18,3,2,0,1,-1,2,2,2,3,2,2,4
267,269,264,271,14,17,15,16,-2,5,-7,-3,2,-1,-2,1,2,2,1,4
672,665,663,667,13,14,15,13,7,2,-4,-1,-1,2,0,2,3,2,2,4
886,881,881,883,18,19,18,19,5,0,-2,-1,1,-1,-1,1,1,1,2,4
1012,1012,1000,1007,13,14,15,13,0,12,-7,-1,-1,2,0,1,3,2,1,4
436,431,433,421,20,19,20,18,5,-2,12,1,-1,2,2,1,1,2,1,4
318,311,314,314,14,14,15,13,7,-3,0,0,-1,2,1,1,2,3,1,4
189,185,185,1078,18,17,18,18,4,0,-893,1,-1,0,0,2,2,2,1,4
1026,1021,1014,1012,13,16,15,16,5,7,2,-3,1,-1,-3,3,1,2,1,4
337,337,335,337,13,14,13,13,0,2,-2,-1,1,0,0,1,3,2,3,4
426,421,424,419,17,19,18,18,5,-3,5,-2,1,0,-1,1,3,2,2,4
541,539,539,543,18,19,18,18,2,0,-4,-1,1,0,0,2,3,3,1,4
236,229,229,229,18,19,18,19,7,0,0,-1,1,-1,-1,2,1,1,1,4
904,897,897,900,18,17,18,16,7,0,-3,1,-1,2,2,1,2,2,1,4
220,213,215,215,14,17,15,16,7,-2,0,-3,2,-1,-2,1,2,1,1,4
960,958,953,951,13,14,12,13,2,5,2,-1,2,-1,0,3,2,2,1,4
243,239,241,243,21,19,20,21,4,-2,-2,2,-1,-1,0,1,3,2,3,4
993,989,989,984,20,19,20,18,4,0,5,1,-1,2,2,1,1,1,1,4
426,410,417,417,17,16,18,18,16,-7,0,1,-2,0,-1,1,2,1,1,4
740,593,600,600,17,19,18,19,147,-7,0,-2,1,-1,-2,1,2,1,3,4
843,824,820,817,14,14,13,13,19,4,3,0,1,0,1,3,3,3,2,4
925,925,918,918,18,17,18,16,0,7,0,1,-1,2,2,2,2,3,1,4
621,607,600,604,18,17,18,19,14,7,-4,1,-1,-1,-1,2,2,1,1,4
344,346,337,337,17,16,18,18,-2,9,0,1,-2,0,-1,2,3,1,3,4
970,967,965,963,13,14,15,16,3,2,2,-1,-1,-1,-3,1,2,3,2,4
881,871,867,860,21,19,20,21,10,4,7,2,-1,-1,0,1,1,1,2,4
696,691,689,689,13,14,15,16,5,2,0,-1,-1,-1,-3,2,2,1,1,4
539,536,532,529,18,17,18,16,3,4,3,1,-1,2,2,3,2,2,3,4
960,958,956,960,13,14,12,13,2,2,-4,-1,2,-1,0,1,2,1,1,4
239,227,239,234,14,14,15,13,12,-12,5,0,-1,2,1,3,2,3,1,4
656,651,646,649,20,19,18,18,5,5,-3,1,1,0,2,1,1,1,2,4
187,185,182,182,21,19,21,21,2,3,0,2,-2,0,0,1,2,1,1,4
571,562,567,562,21,19,20,18,9,-5,5,2,-1,2,3,1,3,1,1,4
806,806,803,801,18,17,18,19,0,3,2,1,-1,-1,-1,1,1,2,3,4
665,651,656,660,13,14,12,13,14,-5,-4,-1,2,-1,0,3,1,1,1,4
583,576,569,571,18,19,18,18,7,7,-2,-1,1,0,0,2,3,2,1,4
569,562,567,567,14,17,15,16,7,-5,0,-3,2,-1,-2,2,3,1,3,4
731,724,726,726,13,14,12,13,7,-2,0,-1,2,-1,0,1,2,3,1,4
264,262,257,255,18,19,18,21,2,5,2,-1,1,-3,-3,2,1,1,2,4
1043,1047,1040,1040,17,16,15,16,-4,7,0,1,1,-1,1,2,2,3,1,4
946,942,937,942,17,16,18,18,4,5,-5,1,-2,0,-1,3,3,1,1,4
412,412,412,412,17,16,15,16,0,0,0,1,1,-1,1,3,3,1,3,4
721,719,721,724,20,19,20,18,2,-2,-3,1,-1,2,2,3,2,1,2,4
984,979,974,979,13,14,12,13,5,5,-5,-1,2,-1,0,1,1,1,3,4
1050,1040,1040,1036,17,16,18,18,10,0,4,1,-2,0,-1,1,1,1,1,4
935,935,937,935,20,19,20,18,0,-2,2,1,-1,2,2,2,2,1,2,4
729,721,717,721,17,16,18,16,8,4,-4,1,-2,2,1,2,3,1,1,4
607,602,609,604,14,14,13,13,5,-7,5,0,1,0,1,2,2,1,1,4
515,508,503,501,14,17,15,16,7,5,2,-3,2,-1,-2,1,2,2,1,4
820,817,820,817,21,19,20,19,3,-3,3,2,-1,1,2,1,2,1,2,4
712,707,707,705,17,16,18,21,5,0,2,1,-2,-3,-4,1,1,1,2,4
712,707,698,698,13,14,15,13,5,9,0,-1,-1,2,0,1,3,1,3,4
344,339,337,337,13,14,12,13,5,2,0,-1,2,-1,0,2,2,1,3,4
752,750,750,750,20,19,20,21,2,0,0,1,-1,-1,-1,2,3,1,1,4
696,696,693,691,13,14,12,13,0,3,2,-1,2,-1,0,2,2,1,2,4
571,571,567,562,18,19,18,18,0,4,5,-1,1,0,0,3,1,1,1,4
201,196,196,196,21,19,21,21,5,0,0,2,-2,0,0,1,1,1,1,4
295,295,288,290,14,14,13,13,0,7,-2,0,1,0,1,1,3,2,1,4
935,932,932,932,20,19,20,18,3,0,0,1,-1,2,2,2,1,1,1,4
768,766,757,764,20,19,20,18,2,9,-7,1,-1,2,2,1,2,2,1,4
960,953,953,951,20,19,20,18,7,0,2,1,-1,2,2,3,2,2,1,4
187,1073,1073,1073,14,16,15,16,-886,0,0,-2,1,-1,-2,1,1,1,1,4
553,548,548,548,21,19,20,21,5,0,0,2,-1,-1,0,3,1,1,1,4
855,848,839,839,14,17,15,16,7,9,0,-3,2,-1,-2,2,1,1,1,4
393,389,391,386,20,19,18,18,4,-2,5,1,1,0,2,1,1,2,2,4
269,262,234,264,18,19,18,18,7,28,-30,-1,1,0,0,2,3,1,2,4
942,937,937,942,20,19,18,18,5,0,-5,1,1,0,2,3,1,1,1,4
571,567,557,567,14,14,15,13,4,10,-10,0,-1,2,1,3,3,3,1,4
588,583,583,578,21,19,20,19,5,0,5,2,-1,1,2,2,2,2,2,4
473,471,464,468,13,14,12,13,2,7,-4,-1,2,-1,0,1,2,3,1,4
681,677,679,674,20,19,20,21,4,-2,5,1,-1,-1,-1,2,2,3,1,4
316,307,300,297,14,17,15,16,9,7,3,-3,2,-1,-2,2,2,3,2,4
970,967,963,965,17,16,15,16,3,4,-2,1,1,-1,1,3,2,2,1,4
286,290,290,290,21,19,20,21,-4,0,0,2,-1,-1,0,3,1,1,1,4
806,803,796,799,21,19,21,21,3,7,-3,2,-2,0,0,1,2,1,2,4
862,850,850,848,14,14,15,13,12,0,2,0,-1,2,1,1,2,2,1,4
494,475,478,478,18,16,18,18,19,-3,0,2,-2,0,0,2,2,1,1,4
417,417,417,412,13,14,12,13,0,0,5,-1,2,-1,0,1,1,3,1,4
928,923,923,923,18,17,18,16,5,0,0,1,-1,2,2,1,1,1,1,4
1010,1010,1005,1007,20,19,23,18,0,5,-2,1,-4,5,2,2,2,2,1,4
665,665,665,665,13,14,12,13,0,0,0,-1,2,-1,0,1,3,1,1,4
269,264,260,262,21,19,20,18,5,4,-2,2,-1,2,3,2,2,2,1,4
300,293,283,288,18,17,15,16,7,10,-5,1,2,-1,2,3,2,2,2,4
925,925,921,923,18,19,18,19,0,4,-2,-1,1,-1,-1,2,2,2,1,4
262,260,257,257,18,17,18,18,2,3,0,1,-1,0,0,3,2,1,1,4
579,564,564,562,14,17,15,16,15,0,2,-3,2,-1,-2,2,2,2,3,4
192,185,1078,1075,14,14,15,16,7,-893,3,0,-1,-1,-2,3,2,1,2,4
234,229,224,224,14,14,13,13,5,5,0,0,1,0,1,1,1,3,1,4
407,403,403,398,20,19,20,21,4,0,5,1,-1,-1,-1,3,1,1,1,4
820,808,810,808,14,14,13,13,12,-2,2,0,1,0,1,3,2,3,2,4
611,609,609,609,18,19,21,19,2,0,0,-1,-2,2,-1,2,1,1,1,4
801,801,799,799,18,19,18,19,0,2,0,-1,1,-1,-1,1,3,2,2,4
464,471,468,464,13,14,15,16,-7,3,4,-1,-1,-1,-3,3,2,1,1,4
674,667,670,670,13,16,15,16,7,-3,0,-3,1,-1,-3,1,2,3,1,4
923,914,907,907,14,14,15,13,9,7,0,0,-1,2,1,1,3,2,2,4
332,337,328,325,13,14,13,13,-5,9,3,-1,1,0,0,1,3,1,2,4
450,457,450,443,13,14,12,13,-7,7,7,-1,2,-1,0,1,2,1,2,4
482,475,473,475,14,14,15,13,7,2,-2,0,-1,2,1,1,2,1,2,4
459,450,447,459,13,14,15,13,9,3,-12,-1,-1,2,0,1,3,2,1,4
562,557,562,557,18,19,18,18,5,-5,5,-1,1,0,0,1,1,1,1,4
900,893,890,888,18,19,18,19,7,3,2,-1,1,-1,-1,1,2,3,2,4
850,855,848,848,18,19,18,18,-5,7,0,-1,1,0,0,2,2,1,1,4
637,637,635,632,13,14,15,13,0,2,3,-1,-1,2,0,3,1,2,1,4
412,403,398,398,17,16,18,18,9,5,0,1,-2,0,-1,1,1,1,1,4
967,963,960,960,13,16,15,16,4,3,0,-3,1,-1,-3,2,2,1,3,4
295,293,286,286,18,17,18,19,2,7,0,1,-1,-1,-1,1,2,1,1,4
1031,1033,1031,1031,13,14,12,13,-2,2,0,-1,2,-1,0,1,2,3,1,4
454,450,431,447,20,19,20,21,4,19,-16,1,-1,-1,-1,1,3,1,2,4
616,614,604,604,21,19,20,21,2,10,0,2,-1,-1,0,2,1,1,1,4
593,590,586,586,18,17,18,19,3,4,0,1,-1,-1,-1,2,3,3,1,4
928,918,916,914,18,19,18,19,10,2,2,-1,1,-1,-1,1,1,2,3,4
996,993,991,993,13,14,15,13,3,2,-2,-1,-1,2,0,2,3,2,1,4
813,813,810,808,14,14,13,13,0,3,2,0,1,0,1,2,2,3,2,4
293,283,283,290,14,14,13,13,10,0,-7,0,1,0,1,2,2,2,1,4
843,836,832,834,21,19,20,18,7,4,-2,2,-1,2,3,1,2,2,3,4
977,974,974,977,13,14,15,16,3,0,-3,-1,-1,-1,-3,2,1,1,2,4
745,743,740,740,20,19,20,21,2,3,0,1,-1,-1,-1,1,2,1,1,4
309,304,302,302,14,14,15,16,5,2,0,0,-1,-1,-2,1,3,2,2,4
466,457,445,450,13,14,12,13,9,12,-5,-1,2,-1,0,2,2,3,1,4
586,581,586,586,14,17,15,16,5,-5,0,-3,2,-1,-2,3,3,1,1,4
607,604,604,604,14,14,13,13,3,0,0,0,1,0,1,2,3,1,3,4
588,590,586,586,14,14,15,13,-2,4,0,0,-1,2,1,2,3,1,3,4
724,719,717,719,17,19,18,18,5,2,-2,-2,1,0,-1,2,2,1,2,4
300,295,290,290,21,19,20,21,5,5,0,2,-1,-1,0,1,1,1,1,4
464,468,464,464,20,19,20,18,-4,4,0,1,-1,2,2,1,1,1,1,4
321,316,314,318,14,17,15,16,5,2,-4,-3,2,-1,-2,2,2,1,1,4
925,923,921,918,18,19,18,19,2,2,3,-1,1,-1,-1,2,1,2,1,4
839,829,829,829,18,19,20,19,10,0,0,-1,-1,1,-1,3,1,1,1,4
250,236,243,241,14,14,13,13,14,-7,2,0,1,0,1,2,2,1,2,4
393,386,379,384,13,14,12,13,7,7,-5,-1,2,-1,0,1,2,1,1,4
229,224,213,217,14,14,15,13,5,11,-4,0,-1,2,1,1,3,2,2,4
1045,1045,1040,1040,17,16,18,18,0,5,0,1,-2,0,-1,1,1,1,1,4
928,916,918,921,21,19,21,21,12,-2,-3,2,-2,0,0,1,2,1,2,4
674,667,667,665,17,16,18,18,7,0,2,1,-2,0,-1,1,2,2,1,4
1043,1036,1031,1031,17,16,18,18,7,5,0,1,-2,0,-1,2,1,1,1,4
450,450,450,445,20,19,20,21,0,0,5,1,-1,-1,-1,1,1,1,1,4
951,953,951,946,17,16,15,16,-2,2,5,1,1,-1,1,1,2,1,3,4
618,604,607,609,14,14,15,16,14,-3,-2,0,-1,-1,-2,1,3,2,1,4
224,227,222,224,18,19,18,19,-3,5,-2,-1,1,-1,-1,1,2,2,1,4
801,796,792,796,14,14,13,13,5,4,-4,0,1,0,1,1,3,1,1,4
759,754,752,752,13,14,15,13,5,2,0,-1,-1,2,0,1,3,2,2,4
546,546,534,541,14,17,15,16,0,12,-7,-3,2,-1,-2,2,2,1,2,4
1017,1017,1017,1017,13,14,12,13,0,0,0,-1,2,-1,0,1,1,1,1,4
714,717,714,712,20,19,20,18,-3,3,2,1,-1,2,2,2,1,2,1,4
625,623,614,614,14,14,15,13,2,9,0,0,-1,2,1,2,1,1,3,4
822,815,815,813,18,17,18,19,7,0,2,1,-1,-1,-1,2,1,1,2,4
344,342,342,339,13,14,15,13,2,0,3,-1,-1,2,0,2,3,1,2,4
712,710,703,703,13,14,15,13,2,7,0,-1,-1,2,0,3,2,1,1,4
937,881,871,867,17,17,18,16,56,10,4,0,-1,2,1,1,1,1,3,4
234,224,232,236,14,14,15,13,10,-8,-4,0,-1,2,1,1,1,2,2,4
536,529,524,527,18,17,18,16,7,5,-3,1,-1,2,2,2,3,3,2,4
328,323,318,323,21,19,21,21,5,5,-5,2,-2,0,0,1,1,1,1,4
731,726,721,721,13,14,12,13,5,5,0,-1,2,-1,0,3,3,1,1,4
949,946,949,946,13,14,12,13,3,-3,3,-1,2,-1,0,2,1,2,3,4
529,529,522,524,14,17,15,16,0,7,-2,-3,2,-1,-2,3,1,2,1,4
192,182,182,187,14,14,15,13,10,0,-5,0,-1,2,1,1,1,1,1,4
1064,1059,1059,1059,17,16,15,16,5,0,0,1,1,-1,1,1,3,1,1,4
260,257,260,260,21,19,20,21,3,-3,0,2,-1,-1,0,2,1,2,2,4
234,227,217,229,14,14,13,13,7,10,-12,0,1,0,1,1,2,2,1,4
246,248,246,246,14,14,15,13,-2,2,0,0,-1,2,1,2,1,2,2,4
946,946,942,942,13,14,12,13,0,4,0,-1,2,-1,0,3,3,3,1,4
611,611,609,609,14,17,15,16,0,2,0,-3,2,-1,-2,2,2,1,1,4
443,436,438,436,17,16,18,16,7,-2,2,1,-2,2,1,2,1,2,1,4
412,405,407,410,17,19,15,16,7,-2,-3,-2,4,-1,1,3,2,1,2,4
836,841,829,834,21,19,20,18,-5,12,-5,2,-1,2,3,2,2,1,1,4
771,768,766,766,17,16,18,18,3,2,0,1,-2,0,-1,2,3,2,2,4
496,492,489,487,18,17,18,19,4,3,2,1,-1,-1,-1,3,1,2,1,4
900,897,897,895,18,17,18,19,3,0,2,1,-1,-1,-1,1,2,2,1,4
789,782,773,775,14,17,15,16,7,9,-2,-3,2,-1,-2,2,1,1,2,4
440,438,433,431,17,16,18,18,2,5,2,1,-2,0,-1,3,2,2,1,4
325,328,323,323,18,19,18,19,-3,5,0,-1,1,-1,-1,2,1,3,1,4
365,358,360,360,17,16,18,18,7,-2,0,1,-2,0,-1,3,2,3,1,4
1000,1000,998,993,20,19,20,21,0,2,5,1,-1,-1,-1,2,2,1,3,4
743,738,736,736,20,19,20,21,5,2,0,1,-1,-1,-1,2,2,1,1,4
731,728,719,731,20,19,20,21,3,9,-12,1,-1,-1,-1,3,2,2,1,4
515,515,510,513,18,17,18,19,0,5,-3,1,-1,-1,-1,1,3,1,2,4
1021,1021,1017,1021,17,19,18,18,0,4,-4,-2,1,0,-1,3,1,1,1,4
773,761,754,757,13,14,12,13,12,7,-3,-1,2,-1,0,3,2,1,2,4
464,459,454,459,17,19,18,18,5,5,-5,-2,1,0,-1,1,1,1,1,4
1071,1066,1057,1061,13,14,12,13,5,9,-4,-1,2,-1,0,2,2,2,2,4
712,707,698,703,17,16,18,18,5,9,-5,1,-2,0,-1,3,1,1,1,4
1000,998,998,998,13,14,12,13,2,0,0,-1,2,-1,0,2,3,3,1,4
494,487,473,478,14,17,15,16,7,14,-5,-3,2,-1,-2,2,1,1,1,4
1068,1073,1068,1071,13,14,15,13,-5,5,-3,-1,-1,2,0,1,3,3,2,4
187,187,185,187,18,17,18,19,0,2,-2,1,-1,-1,-1,1,3,2,1,4
857,855,853,857,14,19,15,16,2,2,-4,-5,4,-1,-2,1,2,1,1,4
674,670,672,667,20,19,20,21,4,-2,5,1,-1,-1,-1,1,3,2,2,4
431,428,421,424,13,14,12,13,3,7,-3,-1,2,-1,0,1,2,1,2,4
707,705,703,700,17,19,15,16,2,2,3,-2,4,-1,1,1,2,1,2,4
386,377,372,377,13,14,15,13,9,5,-5,-1,-1,2,0,2,2,2,2,4
496,468,464,464,14,16,15,16,28,4,0,-2,1,-1,-2,1,1,1,1,4
759,752,745,750,13,14,12,13,7,7,-5,-1,2,-1,0,3,2,1,1,4
614,609,609,611,14,14,15,16,5,0,-2,0,-1,-1,-2,3,1,1,2,4
248,241,236,239,14,14,13,13,7,5,-3,0,1,0,1,1,2,2,3,4
991,989,989,989,13,14,15,16,2,0,0,-1,-1,-1,-3,2,3,1,1,4
468,464,468,468,13,14,15,13,4,-4,0,-1,-1,2,0,3,1,1,1,4
923,918,918,918,21,19,21,21,5,0,0,2,-2,0,0,1,1,1,1,4
925,918,918,914,14,14,13,13,7,0,4,0,1,0,1,2,1,3,1,4
1064,1059,1059,1059,13,14,12,13,5,0,0,-1,2,-1,0,3,3,1,3,4
363,358,353,356,20,19,18,18,5,5,-3,1,1,0,2,2,2,2,1,4
323,323,318,323,18,17,18,16,0,5,-5,1,-1,2,2,3,3,1,1,4
583,583,581,583,14,17,15,16,0,2,-2,-3,2,-1,-2,2,2,1,2,4
623,616,609,609,14,17,15,16,7,7,0,-3,2,-1,-2,1,2,1,3,4
998,993,993,989,13,16,15,16,5,0,4,-3,1,-1,-3,1,1,1,1,4
279,274,267,262,14,14,13,13,5,7,5,0,1,0,1,2,2,3,1,4
360,363,360,365,20,19,20,18,-3,3,-5,1,-1,2,2,3,2,3,3,4
810,810,810,810,14,14,13,13,0,0,0,0,1,0,1,1,1,1,1,4
745,738,733,733,20,19,20,21,7,5,0,1,-1,-1,-1,1,2,2,2,4
562,550,550,543,18,19,18,18,12,0,7,-1,1,0,0,1,2,2,3,4
412,403,400,400,13,14,15,13,9,3,0,-1,-1,2,0,3,3,2,2,4
586,576,576,576,14,14,13,13,10,0,0,0,1,0,1,1,3,3,1,4
1040,1036,1038,1038,13,14,15,13,4,-2,0,-1,-1,2,0,1,3,2,2,4
1043,1038,1038,1038,13,14,12,13,5,0,0,-1,2,-1,0,2,2,2,2,4
543,536,534,539,18,17,18,18,7,2,-5,1,-1,0,0,1,2,3,1,4
632,625,623,623,20,19,18,19,7,2,0,1,1,-1,1,1,2,1,1,4
389,379,379,377,17,16,15,16,10,0,2,1,1,-1,1,1,3,3,2,4
208,206,206,206,21,19,20,21,2,0,0,2,-1,-1,0,2,1,1,1,4
323,318,309,318,21,19,21,21,5,9,-9,2,-2,0,0,1,3,1,1,4
248,243,239,239,14,14,13,13,5,4,0,0,1,0,1,3,1,1,1,4
510,506,503,499,21,19,20,21,4,3,4,2,-1,-1,0,1,1,2,2,4
360,358,356,360,17,19,18,18,2,2,-4,-2,1,0,-1,1,2,3,1,4
279,271,267,267,18,17,18,18,8,4,0,1,-1,0,0,2,1,1,1,4
267,267,262,262,14,14,13,13,0,5,0,0,1,0,1,1,1,1,1,4
700,700,698,698,20,19,20,21,0,2,0,1,-1,-1,-1,2,2,1,1,4
602,602,602,604,18,19,18,19,0,0,-2,-1,1,-1,-1,2,2,2,1,4
724,726,721,726,13,14,15,13,-2,5,-5,-1,-1,2,0,2,3,1,1,4
1057,1054,1059,1052,17,19,18,18,3,-5,7,-2,1,0,-1,2,3,1,2,4
1036,1033,1036,1031,13,14,15,13,3,-3,5,-1,-1,2,0,3,2,1,1,4
459,452,450,450,20,19,20,18,7,2,0,1,-1,2,2,3,2,1,1,4
843,846,843,843,18,19,18,18,-3,3,0,-1,1,0,0,3,2,1,1,4
731,726,724,721,17,19,18,18,5,2,3,-2,1,0,-1,1,3,2,1,4
492,494,492,487,21,19,21,21,-2,2,5,2,-2,0,0,1,2,1,1,4
623,609,607,604,18,19,18,19,14,2,3,-1,1,-1,-1,1,3,2,1,4
698,703,698,698,17,16,18,18,-5,5,0,1,-2,0,-1,3,1,1,1,4
323,314,304,300,14,14,15,13,9,10,4,0,-1,2,1,1,1,1,1,4
325,323,316,314,18,19,18,19,2,7,2,-1,1,-1,-1,2,1,2,1,4
567,562,562,557,14,14,13,13,5,0,5,0,1,0,1,3,3,1,1,4
510,503,496,499,21,19,21,21,7,7,-3,2,-2,0,0,3,2,1,2,4
616,611,618,623,21,19,21,21,5,-7,-5,2,-2,0,0,2,2,1,1,4
614,609,609,609,14,14,15,13,5,0,0,0,-1,2,1,3,3,1,1,4
220,215,215,215,21,19,20,19,5,0,0,2,-1,1,2,3,3,1,1,4
424,421,421,424,20,19,20,21,3,0,-3,1,-1,-1,-1,2,1,1,2,4
567,562,557,553,14,14,13,13,5,5,4,0,1,0,1,3,3,1,1,4
192,192,187,189,18,19,18,19,0,5,-2,-1,1,-1,-1,1,1,1,2,4
220,215,215,215,14,14,13,13,5,0,0,0,1,0,1,3,3,3,3,4
921,916,914,911,18,17,18,19,5,2,3,1,-1,-1,-1,2,2,3,2,4
677,670,670,674,20,19,20,18,7,0,-4,1,-1,2,2,2,1,1,1,4
309,300,295,295,14,17,15,16,9,5,0,-3,2,-1,-2,1,1,1,1,4
281,274,267,269,18,19,18,18,7,7,-2,-1,1,0,0,3,2,1,2,4
224,217,220,220,14,14,13,13,7,-3,0,0,1,0,1,1,2,1,3,4
267,262,260,257,21,19,20,18,5,2,3,2,-1,2,3,1,1,2,3,4
850,846,848,848,21,19,20,21,4,-2,0,2,-1,-1,0,2,2,1,1,4
747,740,733,731,13,14,12,13,7,7,2,-1,2,-1,0,2,3,2,1,4
651,651,646,649,13,14,15,13,0,5,-3,-1,-1,2,0,3,1,1,2,4
897,893,890,886,14,17,15,16,4,3,4,-3,2,-1,-2,2,2,3,3,4
562,557,553,550,14,17,15,16,5,4,3,-3,2,-1,-2,3,1,3,2,4
953,953,946,951,13,14,12,13,0,7,-5,-1,2,-1,0,2,2,3,1,4
346,337,335,332,13,14,13,13,9,2,3,-1,1,0,0,3,1,2,1,4
904,900,897,895,14,14,13,13,4,3,2,0,1,0,1,1,3,2,1,4
407,403,407,407,13,16,15,16,4,-4,0,-3,1,-1,-3,3,3,3,1,4
236,234,229,234,14,14,15,13,2,5,-5,0,-1,2,1,2,3,1,3,4
215,217,215,215,14,17,15,16,-2,2,0,-3,2,-1,-2,3,2,1,1,4
714,712,707,707,20,19,18,18,2,5,0,1,1,0,2,2,1,1,1,4
478,473,471,471,20,19,18,18,5,2,0,1,1,0,2,1,3,2,2,4
1073,1066,1068,1071,20,19,20,21,7,-2,-3,1,-1,-1,-1,3,2,1,2,4
473,468,464,464,13,16,15,16,5,4,0,-3,1,-1,-3,1,1,3,1,4
787,787,785,778,21,19,21,18,0,2,7,2,-2,3,3,1,1,2,1,4
351,351,349,351,13,14,12,13,0,2,-2,-1,2,-1,0,1,1,2,1,4
206,206,206,206,18,19,18,19,0,0,0,-1,1,-1,-1,1,1,1,1,4
515,503,492,494,14,14,15,13,12,11,-2,0,-1,2,1,1,2,1,2,4
459,457,459,459,20,19,18,18,2,-2,0,1,1,0,2,1,2,3,1,4
729,726,726,726,20,19,18,18,3,0,0,1,1,0,2,2,1,1,1,4
660,653,653,653,13,14,15,13,7,0,0,-1,-1,2,0,1,2,2,2,4
848,832,824,829,14,17,15,16,16,8,-5,-3,2,-1,-2,1,2,1,1,4
246,232,227,220,14,17,15,16,14,5,7,-3,2,-1,-2,2,2,2,1,4
243,234,234,234,18,19,18,18,9,0,0,-1,1,0,0,3,1,1,1,4
501,501,501,499,21,19,21,21,0,0,2,2,-2,0,0,1,1,1,2,4
571,560,562,557,14,14,15,13,11,-2,5,0,-1,2,1,1,2,1,1,4
1029,1024,1021,1021,17,16,18,18,5,3,0,1,-2,0,-1,2,2,1,3,4
829,829,832,827,18,19,18,19,0,-3,5,-1,1,-1,-1,1,1,2,2,4
224,222,224,224,18,19,20,19,2,-2,0,-1,-1,1,-1,1,2,1,1,4
274,276,271,274,14,17,15,16,-2,5,-3,-3,2,-1,-2,2,3,1,2,4
386,386,379,379,17,19,18,18,0,7,0,-2,1,0,-1,2,2,1,1,4
417,414,412,417,17,19,18,18,3,2,-5,-2,1,0,-1,1,2,3,1,4
459,454,447,450,13,14,12,13,5,7,-3,-1,2,-1,0,1,1,2,1,4
921,914,914,911,21,19,21,21,7,0,3,2,-2,0,0,2,1,1,2,4
1019,1019,1021,1021,13,14,15,13,0,-2,0,-1,-1,2,0,2,2,3,1,4
1078,1075,1071,1073,17,16,18,18,3,4,-2,1,-2,0,-1,1,2,2,1,4
210,210,206,206,14,14,15,13,0,4,0,0,-1,2,1,1,1,1,3,4
445,438,438,443,17,16,18,16,7,0,-5,1,-2,2,1,3,2,2,2,4
1047,1045,1045,1045,17,16,18,16,2,0,0,1,-2,2,1,2,1,1,1,4
794,789,789,796,14,14,13,13,5,0,-7,0,1,0,1,2,2,2,1,4
1031,1026,1021,1021,13,14,12,13,5,5,0,-1,2,-1,0,1,3,3,1,4
857,853,848,846,14,14,13,13,4,5,2,0,1,0,1,1,3,1,2,4
499,485,489,487,14,14,13,13,14,-4,2,0,1,0,1,2,2,2,1,4
412,410,405,407,20,19,23,18,2,5,-2,1,-4,5,2,1,2,2,3,4
801,796,792,794,21,19,21,21,5,4,-2,2,-2,0,0,1,1,1,2,4
904,895,895,897,14,14,13,13,9,0,-2,0,1,0,1,3,3,1,2,4
846,843,846,839,18,17,18,16,3,-3,7,1,-1,2,2,2,3,2,1,4
996,998,991,989,20,19,18,18,-2,7,2,1,1,0,2,2,1,2,1,4
325,325,318,318,21,19,21,19,0,7,0,2,-2,2,2,2,2,1,1,4
684,684,679,679,13,14,12,13,0,5,0,-1,2,-1,0,1,3,1,1,4
321,314,314,309,14,14,13,13,7,0,5,0,1,0,1,2,3,1,3,4
1050,1045,1045,1045,13,14,12,13,5,0,0,-1,2,-1,0,1,3,3,3,4
192,187,185,182,18,19,18,19,5,2,3,-1,1,-1,-1,1,1,2,1,4
817,815,813,815,14,14,13,13,2,2,-2,0,1,0,1,2,3,2,3,4
445,440,440,436,13,14,15,16,5,0,4,-1,-1,-1,-3,1,3,1,1,4
459,459,454,452,17,19,18,18,0,5,2,-2,1,0,-1,1,1,3,2,4
960,958,958,960,20,19,20,18,2,0,-2,1,-1,2,2,1,2,2,1,4
932,932,935,935,13,14,13,13,0,-3,0,-1,1,0,0,1,1,2,2,4
407,398,400,403,17,16,15,16,9,-2,-3,1,1,-1,1,3,1,2,1,4
789,794,789,787,14,17,15,16,-5,5,2,-3,2,-1,-2,2,2,2,3,4
520,520,517,520,18,17,18,16,0,3,-3,1,-1,2,2,3,1,2,3,4
909,902,897,895,14,14,15,13,7,5,2,0,-1,2,1,1,2,2,1,4
271,269,267,267,18,19,18,18,2,2,0,-1,1,0,0,3,2,1,1,4
757,754,750,752,13,16,15,16,3,4,-2,-3,1,-1,-3,2,1,1,2,4
778,775,778,775,17,16,15,16,3,-3,3,1,1,-1,1,1,2,1,2,4
548,543,541,541,14,14,15,13,5,2,0,0,-1,2,1,3,3,2,2,4
534,529,527,524,18,17,18,19,5,2,3,1,-1,-1,-1,1,3,2,1,4
618,616,604,614,18,17,18,19,2,12,-10,1,-1,-1,-1,3,2,1,1,4
236,232,227,229,14,14,15,16,4,5,-2,0,-1,-1,-2,2,2,2,1,4
721,717,721,726,13,14,12,13,4,-4,-5,-1,2,-1,0,1,1,1,3,4
703,700,698,698,13,14,12,13,3,2,0,-1,2,-1,0,3,2,1,3,4
876,871,867,867,14,17,15,16,5,4,0,-3,2,-1,-2,1,1,1,1,4
928,921,916,918,18,17,18,16,7,5,-2,1,-1,2,2,1,2,2,3,4
501,499,496,494,18,19,18,19,2,3,2,-1,1,-1,-1,3,2,3,2,4
506,506,501,501,14,14,13,13,0,5,0,0,1,0,1,3,3,1,3,4
632,628,625,628,17,17,15,16,4,3,-3,0,2,-1,1,1,1,2,1,4
677,677,677,674,20,19,20,18,0,0,3,1,-1,2,2,2,2,2,1,4
888,890,886,888,14,14,15,13,-2,4,-2,0,-1,2,1,2,1,1,2,4
1064,1064,1066,1066,20,19,18,18,0,-2,0,1,1,0,2,1,1,2,2,4
510,501,499,496,14,14,15,13,9,2,3,0,-1,2,1,1,1,2,1,4
942,939,937,942,20,19,20,18,3,2,-5,1,-1,2,2,1,2,1,1,4
600,590,593,590,18,17,18,16,10,-3,3,1,-1,2,2,3,1,2,3,4
419,417,412,407,13,14,15,16,2,5,5,-1,-1,-1,-3,2,3,1,1,4
993,993,986,986,13,14,15,13,0,7,0,-1,-1,2,0,1,3,2,2,4
286,278,274,271,14,14,15,13,8,4,3,0,-1,2,1,1,2,2,3,4
986,986,986,984,17,19,18,18,0,0,2,-2,1,0,-1,2,2,2,1,4
857,848,846,846,14,14,15,13,9,2,0,0,-1,2,1,3,1,2,2,4
864,862,862,862,14,17,15,16,2,0,0,-3,2,-1,-2,2,1,1,1,4
745,740,740,736,20,19,18,18,5,0,4,1,1,0,2,1,3,3,1,4
206,199,194,199,14,14,15,13,7,5,-5,0,-1,2,1,1,2,2,2,4
609,607,600,604,18,19,18,19,2,7,-4,-1,1,-1,-1,3,2,3,1,4
897,895,895,904,14,14,15,13,2,0,-9,0,-1,2,1,2,3,1,1,4
998,993,989,986,17,16,15,16,5,4,3,1,1,-1,1,3,3,1,2,4
848,839,841,839,18,17,18,16,9,-2,2,1,-1,2,2,3,1,2,1,4
192,187,182,1078,14,17,15,16,5,5,-896,-3,2,-1,-2,3,1,1,1,4
754,754,752,752,13,14,12,13,0,2,0,-1,2,-1,0,1,1,2,2,4
548,560,546,546,18,19,18,18,-12,14,0,-1,1,0,0,3,2,2,2,4
642,639,639,639,13,14,12,13,3,0,0,-1,2,-1,0,1,2,2,2,4
736,728,731,731,20,19,20,21,8,-3,0,1,-1,-1,-1,1,2,3,1,4
635,625,628,623,20,19,21,21,10,-3,5,1,-2,0,-1,2,2,1,1,4
231,229,224,224,21,19,20,19,2,5,0,2,-1,1,2,2,1,1,1,4
707,703,703,703,17,16,18,18,4,0,0,1,-2,0,-1,3,1,1,1,4
618,614,614,611,14,14,15,16,4,0,3,0,-1,-1,-2,1,1,1,2,4
1068,1061,182,1059,13,14,15,16,7,879,-877,-1,-1,-1,-3,1,2,1,1,4
1066,1064,1064,1061,13,16,15,16,2,0,3,-3,1,-1,-3,2,1,3,2,4
846,839,839,841,14,17,15,16,7,0,-2,-3,2,-1,-2,2,3,3,2,4
562,553,553,560,21,19,20,21,9,0,-7,2,-1,-1,0,3,1,1,2,4
206,203,201,199,18,17,18,16,3,2,2,1,-1,2,2,1,2,1,2,4
900,893,888,893,14,14,13,13,7,5,-5,0,1,0,1,1,2,2,2,4
560,557,555,560,14,14,15,13,3,2,-5,0,-1,2,1,2,1,2,2,4
262,257,257,257,14,17,15,16,5,0,0,-3,2,-1,-2,1,1,3,1,4
300,295,262,286,18,19,18,19,5,33,-24,-1,1,-1,-1,3,1,1,1,4
862,857,848,853,21,19,20,21,5,9,-5,2,-1,-1,0,1,1,1,1,4
274,262,257,257,14,14,15,13,12,5,0,0,-1,2,1,2,3,1,1,4
803,799,796,796,21,19,21,19,4,3,0,2,-2,2,2,2,2,1,1,4
445,443,440,443,13,14,12,13,2,3,-3,-1,2,-1,0,1,2,1,2,4
754,750,745,745,20,19,20,18,4,5,0,1,-1,2,2,1,1,1,1,4
1005,1007,1007,1007,17,16,18,18,-2,0,0,1,-2,0,-1,2,1,3,1,4
1078,1078,1073,1075,17,16,15,16,0,5,-2,1,1,-1,1,1,1,3,2,4
459,457,459,450,17,16,15,16,2,-2,9,1,1,-1,1,1,2,1,1,4
194,192,185,187,21,19,21,21,2,7,-2,2,-2,0,0,2,1,2,1,4
663,665,665,663,13,14,15,13,-2,0,2,-1,-1,2,0,2,1,1,2,4
510,506,503,506,21,19,20,21,4,3,-3,2,-1,-1,0,1,1,2,1,4
332,337,328,325,20,19,18,19,-5,9,3,1,1,-1,1,1,1,1,2,4
677,672,670,672,17,16,15,16,5,2,-2,1,1,-1,1,2,2,1,2,4
384,384,379,377,13,14,15,13,0,5,2,-1,-1,2,0,1,3,3,2,4
754,757,750,752,13,14,12,13,-3,7,-2,-1,2,-1,0,3,2,3,2,4
182,1075,1073,1075,18,16,18,18,-893,2,-2,2,-2,0,0,1,2,1,2,4
482,475,473,473,18,16,18,18,7,2,0,2,-2,0,0,1,2,1,1,4
300,297,297,295,14,17,15,16,3,0,2,-3,2,-1,-2,1,2,2,1,4
747,750,745,745,17,16,15,16,-3,5,0,1,1,-1,1,2,1,1,3,4
616,609,614,614,18,17,18,16,7,-5,0,1,-1,2,2,2,1,1,1,4
335,332,335,332,17,16,18,16,3,-3,3,1,-2,2,1,2,1,2,1,4
553,553,548,550,18,17,18,16,0,5,-2,1,-1,2,2,1,1,1,2,4
965,965,963,963,17,19,18,18,0,2,0,-2,1,0,-1,3,1,2,2,4
339,339,335,337,17,16,15,16,0,4,-2,1,1,-1,1,2,2,2,1,4
553,557,560,557,18,17,18,18,-4,-3,3,1,-1,0,0,1,1,2,3,4
918,914,914,909,18,17,18,19,4,0,5,1,-1,-1,-1,1,1,1,3,4
283,286,281,283,18,19,18,19,-3,5,-2,-1,1,-1,-1,2,1,1,2,4
850,846,841,841,14,17,15,16,4,5,0,-3,2,-1,-2,2,2,2,2,4
187,192,189,192,14,14,15,13,-5,3,-3,0,-1,2,1,1,3,2,1,4
974,974,972,974,20,19,20,21,0,2,-2,1,-1,-1,-1,3,1,2,1,4
210,203,206,203,21,19,20,21,7,-3,3,2,-1,-1,0,3,2,3,2,4
635,623,621,621,20,19,21,19,12,2,0,1,-2,2,1,2,3,2,2,4
217,208,210,208,18,19,18,19,9,-2,2,-1,1,-1,-1,2,2,1,2,4
546,546,539,539,21,19,20,18,0,7,0,2,-1,2,3,2,2,3,1,4
1036,1036,1031,1033,20,19,18,18,0,5,-2,1,1,0,2,1,1,1,2,4
286,281,269,269,14,14,15,13,5,12,0,0,-1,2,1,1,3,2,2,4
848,846,841,843,14,17,15,16,2,5,-2,-3,2,-1,-2,1,2,2,3,4
346,344,339,346,13,14,15,13,2,5,-7,-1,-1,2,0,1,2,2,1,4
398,389,379,386,13,14,15,16,9,10,-7,-1,-1,-1,-3,1,1,1,2,4
707,703,707,703,13,16,15,16,4,-4,4,-3,1,-1,-3,1,1,3,1,4
623,621,618,618,18,17,18,16,2,3,0,1,-1,2,2,1,2,1,1,4
862,862,862,862,14,14,15,16,0,0,0,0,-1,-1,-2,3,3,1,1,4
731,724,717,721,17,16,15,16,7,7,-4,1,1,-1,1,3,2,3,1,4
618,616,609,611,14,14,15,13,2,7,-2,0,-1,2,1,1,2,1,2,4
632,632,628,632,13,16,15,16,0,4,-4,-3,1,-1,-3,1,1,1,1,4
309,307,302,302,14,17,15,16,2,5,0,-3,2,-1,-2,3,2,2,2,4
473,468,464,464,20,19,20,18,5,4,0,1,-1,2,2,1,1,1,1,4
206,208,199,206,14,17,15,16,-2,9,-7,-3,2,-1,-2,3,2,2,1,4
996,989,979,982,13,14,12,13,7,10,-3,-1,2,-1,0,2,3,1,2,4
996,991,991,986,13,14,12,13,5,0,5,-1,2,-1,0,2,2,2,2,4
440,440,440,440,17,16,18,16,0,0,0,1,-2,2,1,1,3,1,1,4
529,524,524,524,14,14,13,13,5,0,0,0,1,0,1,1,3,1,1,4
248,243,246,243,18,19,18,18,5,-3,3,-1,1,0,0,1,1,2,1,4
839,829,815,829,18,19,18,19,10,14,-14,-1,1,-1,-1,1,3,1,1,4
597,586,581,581,18,17,18,16,11,5,0,1,-1,2,2,2,1,1,1,4
531,524,520,520,14,17,15,16,7,4,0,-3,2,-1,-2,2,3,3,1,4
703,696,698,698,20,19,20,21,7,-2,0,1,-1,-1,-1,1,2,1,1,4
946,944,942,944,17,16,15,16,2,2,-2,1,1,-1,1,3,2,1,2,4
778,778,773,778,20,19,20,21,0,5,-5,1,-1,-1,-1,1,1,1,1,4
684,679,674,674,20,19,18,18,5,5,0,1,1,0,2,1,1,1,1,4
981,979,974,977,17,16,18,16,2,5,-3,1,-2,2,1,2,1,1,2,4
609,600,595,597,18,17,18,19,9,5,-2,1,-1,-1,-1,1,1,1,2,4
1019,1017,1014,1017,13,14,12,13,2,3,-3,-1,2,-1,0,2,3,2,1,4
356,346,344,346,13,14,15,13,10,2,-2,-1,-1,2,0,3,3,2,1,4
520,522,520,522,14,14,13,13,-2,2,-2,0,1,0,1,3,2,1,2,4
365,365,365,370,20,19,20,21,0,0,-5,1,-1,-1,-1,1,1,3,1,4
860,860,855,855,21,19,23,21,0,5,0,2,-4,2,0,2,2,2,2,4
531,520,522,513,18,19,18,19,11,-2,9,-1,1,-1,-1,2,1,2,2,4
946,949,942,942,17,16,18,18,-3,7,0,1,-2,0,-1,1,2,1,1,4
358,356,356,356,20,19,20,21,2,0,0,1,-1,-1,-1,2,1,1,1,4
1052,1050,1050,1050,20,19,20,21,2,0,0,1,-1,-1,-1,2,1,1,1,4
635,632,635,632,20,19,20,21,3,-3,3,1,-1,-1,-1,2,1,2,1,4
1047,1036,1031,1033,20,19,20,18,11,5,-2,1,-1,2,2,2,3,1,2,4
974,974,977,974,20,19,20,18,0,-3,3,1,-1,2,2,1,1,2,1,4
860,857,853,853,14,14,15,16,3,4,0,0,-1,-1,-2,2,1,1,3,4
248,248,241,239,21,19,20,21,0,7,2,2,-1,-1,0,3,1,2,1,4
646,642,637,642,20,19,20,21,4,5,-5,1,-1,-1,-1,1,1,1,1,4
834,829,824,824,21,19,20,21,5,5,0,2,-1,-1,0,1,1,1,3,4
871,860,850,853,14,14,15,13,11,10,-3,0,-1,2,1,1,2,2,3,4
360,356,363,360,13,14,15,16,4,-7,3,-1,-1,-1,-3,1,1,2,3,4
792,789,787,789,14,17,15,16,3,2,-2,-3,2,-1,-2,1,2,1,2,4
520,513,510,513,18,17,18,19,7,3,-3,1,-1,-1,-1,3,2,1,2,4
417,407,419,431,13,14,12,13,10,-12,-12,-1,2,-1,0,1,1,2,3,4
436,436,431,424,20,19,18,18,0,5,7,1,1,0,2,1,3,1,2,4
257,250,243,246,14,14,15,13,7,7,-3,0,-1,2,1,1,2,1,2,4
642,637,635,625,13,16,15,16,5,2,10,-3,1,-1,-3,3,3,2,2,4
555,555,550,548,14,14,15,16,0,5,2,0,-1,-1,-2,2,2,2,3,4
414,412,407,412,13,14,15,16,2,5,-5,-1,-1,-1,-3,2,3,1,1,4
998,993,996,993,20,19,20,18,5,-3,3,1,-1,2,2,1,1,2,1,4
517,510,510,510,18,17,18,16,7,0,0,1,-1,2,2,2,1,1,1,4
895,895,890,895,18,19,20,19,0,5,-5,-1,-1,1,-1,3,1,1,1,4
210,203,203,203,14,14,15,16,7,0,0,0,-1,-1,-2,3,2,2,2,4
1059,1057,1054,1052,13,14,12,13,2,3,2,-1,2,-1,0,1,2,1,2,4
956,946,942,944,17,16,18,18,10,4,-2,1,-2,0,-1,3,1,1,2,4
747,747,740,745,17,16,18,16,0,7,-5,1,-2,2,1,2,2,1,1,4
946,946,946,944,20,19,18,18,0,0,2,1,1,0,2,1,1,1,2,4
632,623,623,628,20,19,18,19,9,0,-5,1,1,-1,1,1,1,1,1,4
817,817,813,817,14,14,13,13,0,4,-4,0,1,0,1,2,2,2,2,4
1036,1031,1031,1028,13,14,12,13,5,0,3,-1,2,-1,0,1,1,3,2,4
740,736,733,731,20,19,20,18,4,3,2,1,-1,2,2,1,1,2,1,4
1073,1068,1068,1073,20,19,20,18,5,0,-5,1,-1,2,2,1,3,1,1,4
888,883,881,883,14,14,15,13,5,2,-2,0,-1,2,1,2,2,1,2,4
623,623,616,621,21,19,21,21,0,7,-5,2,-2,0,0,3,3,2,2,4
794,785,787,775,18,17,18,18,9,-2,12,1,-1,0,0,2,2,3,2,4
663,660,658,656,20,19,18,18,3,2,2,1,1,0,2,2,1,2,1,4
468,471,468,468,13,14,15,13,-3,3,0,-1,-1,2,0,1,2,1,1,4
752,747,738,736,13,14,12,13,5,9,2,-1,2,-1,0,2,2,2,1,4
391,377,379,372,13,14,12,13,14,-2,7,-1,2,-1,0,2,2,1,2,4
1024,1021,1021,1021,17,16,18,18,3,0,0,1,-2,0,-1,2,1,1,1,4
824,817,813,820,14,14,15,13,7,4,-7,0,-1,2,1,3,2,2,1,4
464,468,461,464,20,19,18,18,-4,7,-3,1,1,0,2,1,1,2,1,4
996,993,993,993,20,19,18,18,3,0,0,1,1,0,2,2,3,1,1,4
1059,1054,1054,1057,13,14,12,13,5,0,-3,-1,2,-1,0,3,3,1,2,4
1003,1003,996,998,17,19,18,18,0,7,-2,-2,1,0,-1,3,3,2,1,4
817,815,817,815,18,17,18,16,2,-2,2,1,-1,2,2,2,3,2,3,4
904,902,900,900,14,14,13,13,2,2,0,0,1,0,1,3,2,1,1,4
419,417,414,417,20,19,18,18,2,3,-3,1,1,0,2,2,1,2,1,4
801,792,792,789,18,17,18,19,9,0,3,1,-1,-1,-1,1,1,1,2,4
356,351,346,349,20,19,20,18,5,5,-3,1,-1,2,2,1,1,1,2,4
553,550,548,546,18,17,18,18,3,2,2,1,-1,0,0,1,2,3,2,4
297,295,295,295,21,19,20,19,2,0,0,2,-1,1,2,2,1,1,1,4
663,663,663,660,17,19,18,18,0,0,3,-2,1,0,-1,2,2,2,3,4
384,374,367,367,17,16,18,18,10,7,0,1,-2,0,-1,3,3,2,2,4
529,532,529,524,21,19,20,21,-3,3,5,2,-1,-1,0,3,2,1,1,4
1017,1017,1017,1017,13,14,12,13,0,0,0,-1,2,-1,0,3,3,1,3,4
393,389,384,384,13,14,12,13,4,5,0,-1,2,-1,0,3,1,1,1,4
189,1075,1073,1071,21,19,20,18,-886,2,2,2,-1,2,3,2,2,1,2,4
314,311,309,304,14,14,13,13,3,2,5,0,1,0,1,1,2,1,1,4
900,890,890,888,18,19,18,19,10,0,2,-1,1,-1,-1,1,1,1,2,4
862,862,850,848,14,14,15,13,0,12,2,0,-1,2,1,1,3,2,1,4
977,979,974,972,13,14,15,13,-2,5,2,-1,-1,2,0,2,1,3,2,4
635,625,625,623,20,19,18,19,10,0,2,1,1,-1,1,2,2,2,3,4
745,738,736,731,20,19,20,21,7,2,5,1,-1,-1,-1,3,2,1,1,4
560,553,553,553,18,17,18,16,7,0,0,1,-1,2,2,2,1,1,1,4
515,506,501,499,14,14,15,16,9,5,2,0,-1,-1,-2,3,3,1,2,4
407,407,403,410,13,14,15,13,0,4,-7,-1,-1,2,0,3,1,1,2,4
925,918,904,904,18,17,18,19,7,14,0,1,-1,-1,-1,2,3,1,1,4
1033,1031,1026,1024,20,19,18,18,2,5,2,1,1,0,2,2,1,1,2,4
932,925,928,923,13,14,15,16,7,-3,5,-1,-1,-1,-3,1,2,1,1,4
517,513,510,510,18,17,18,19,4,3,0,1,-1,-1,-1,2,2,3,1,4
290,290,286,290,18,19,18,19,0,4,-4,-1,1,-1,-1,1,1,1,1,4
700,700,700,696,13,14,12,13,0,0,4,-1,2,-1,0,2,2,2,2,4
515,508,506,510,21,19,20,21,7,2,-4,2,-1,-1,0,1,2,1,1,4
810,810,803,803,18,17,18,16,0,7,0,1,-1,2,2,1,1,2,2,4
810,808,806,806,18,17,18,16,2,2,0,1,-1,2,2,1,2,1,1,4
972,972,967,970,17,19,18,18,0,5,-3,-2,1,0,-1,2,2,2,1,4
506,503,503,501,18,17,18,19,3,0,2,1,-1,-1,-1,1,2,2,1,4
471,471,471,468,20,19,20,18,0,0,3,1,-1,2,2,2,2,2,1,4
951,951,949,949,13,14,15,13,0,2,0,-1,-1,2,0,1,3,2,2,4
986,984,979,979,13,14,15,13,2,5,0,-1,-1,2,0,2,3,3,1,4
759,757,754,759,20,19,18,18,2,3,-5,1,1,0,2,1,2,1,1,4
752,750,752,752,17,16,18,18,2,-2,0,1,-2,0,-1,2,3,2,2,4
731,728,731,728,20,19,20,21,3,-3,3,1,-1,-1,-1,1,2,1,2,4
1068,1068,1068,1068,17,16,18,16,0,0,0,1,-2,2,1,1,1,1,1,4
900,900,897,897,14,14,15,13,0,3,0,0,-1,2,1,3,1,2,2,4
227,224,222,222,18,19,18,19,3,2,0,-1,1,-1,-1,2,3,2,2,4
262,257,262,257,14,17,15,16,5,-5,5,-3,2,-1,-2,3,3,1,1,4
335,328,323,321,17,17,15,16,7,5,2,0,2,-1,1,2,1,1,2,4
187,182,1078,1075,14,14,13,13,5,-896,3,0,1,0,1,1,1,1,2,4
1003,1003,1000,996,17,16,18,16,0,3,4,1,-2,2,1,3,3,2,2,4
515,508,506,508,14,17,15,16,7,2,-2,-3,2,-1,-2,1,2,1,2,4
1054,1050,1045,1045,20,19,20,21,4,5,0,1,-1,-1,-1,3,3,1,1,4
421,421,421,419,17,16,15,16,0,0,2,1,1,-1,1,3,3,3,2,4
206,203,201,206,14,14,15,16,3,2,-5,0,-1,-1,-2,1,2,1,1,4
960,963,949,956,13,14,12,13,-3,14,-7,-1,2,-1,0,3,2,2,3,4
761,754,738,750,17,16,18,18,7,16,-12,1,-2,0,-1,2,1,2,1,4
1012,1012,1007,1012,17,19,18,18,0,5,-5,-2,1,0,-1,1,3,3,3,4
536,539,536,536,14,14,13,13,-3,3,0,0,1,0,1,2,3,2,2,4
239,232,227,234,14,17,15,16,7,5,-7,-3,2,-1,-2,3,2,2,1,4
257,253,253,253,14,14,15,13,4,0,0,0,-1,2,1,1,3,3,1,4
1007,1007,1003,1005,17,16,15,16,0,4,-2,1,1,-1,1,1,1,1,2,4
881,874,876,874,14,17,15,16,7,-2,2,-3,2,-1,-2,3,2,1,2,4
262,257,253,250,18,19,18,18,5,4,3,-1,1,0,0,1,3,1,2,4
618,618,609,611,14,14,13,13,0,9,-2,0,1,0,1,3,3,3,2,4
557,557,553,553,21,19,20,21,0,4,0,2,-1,-1,0,1,1,1,1,4
192,189,1075,1078,14,14,13,13,3,-886,-3,0,1,0,1,1,2,2,1,4
604,595,597,595,18,19,18,19,9,-2,2,-1,1,-1,-1,1,3,2,1,4
1061,1054,1052,1054,13,14,15,13,7,2,-2,-1,-1,2,0,2,3,2,1,4
1054,1052,1050,1050,17,19,18,18,2,2,0,-2,1,0,-1,3,2,3,1,4
407,407,400,407,13,16,15,16,0,7,-7,-3,1,-1,-3,1,1,2,1,4
996,991,993,989,13,16,15,16,5,-2,4,-3,1,-1,-3,2,2,3,1,4
876,871,869,874,14,14,13,13,5,2,-5,0,1,0,1,3,3,2,2,4
1052,1050,1050,1050,20,19,20,18,2,0,0,1,-1,2,2,2,1,1,1,4
820,813,808,813,14,14,15,13,7,5,-5,0,-1,2,1,1,2,2,2,4
286,281,281,278,18,17,18,19,5,0,3,1,-1,-1,-1,3,3,1,2,4
325,316,311,318,18,17,18,16,9,5,-7,1,-1,2,2,2,2,2,1,4
215,213,208,206,21,19,20,19,2,5,2,2,-1,1,2,1,2,2,1,4
539,536,539,543,14,17,15,16,3,-3,-4,-3,2,-1,-2,1,2,3,1,4
623,616,614,618,14,14,13,13,7,2,-4,0,1,0,1,3,2,1,1,4
337,335,328,325,13,14,13,13,2,7,3,-1,1,0,0,1,2,1,2,4
698,693,693,691,13,16,15,16,5,0,2,-3,1,-1,-3,1,3,3,2,4
689,684,682,665,20,19,20,18,5,2,17,1,-1,2,2,1,1,2,1,4
726,724,721,724,13,14,15,16,2,3,-3,-1,-1,-1,-3,3,2,1,2,4
234,229,232,234,21,19,20,18,5,-3,-2,2,-1,2,3,3,1,2,1,4
543,534,534,532,14,17,15,16,9,0,2,-3,2,-1,-2,3,1,1,2,4
698,693,693,693,20,19,20,18,5,0,0,1,-1,2,2,1,3,1,1,4
325,318,321,318,14,17,15,16,7,-3,3,-3,2,-1,-2,2,1,2,1,4
1014,1012,1007,1012,13,14,12,13,2,5,-5,-1,2,-1,0,2,3,1,1,4
824,759,757,757,21,19,20,21,65,2,0,2,-1,-1,0,3,1,2,2,4
703,698,686,698,13,14,12,13,5,12,-12,-1,2,-1,0,1,3,2,1,4
1003,996,998,998,20,19,18,18,7,-2,0,1,1,0,2,1,2,1,1,4
904,900,900,895,21,19,20,21,4,0,5,2,-1,-1,0,1,1,1,1,4
283,281,281,278,14,17,15,16,2,0,3,-3,2,-1,-2,2,3,3,2,4
342,337,339,332,13,14,12,13,5,-2,7,-1,2,-1,0,1,3,2,1,4
942,937,871,925,13,16,15,16,5,66,-54,-3,1,-1,-3,3,1,1,2,4
609,602,602,600,18,19,18,19,7,0,2,-1,1,-1,-1,1,2,2,1,4
185,185,185,182,14,17,15,16,0,0,3,-3,2,-1,-2,2,2,2,1,4
824,820,817,817,14,14,15,16,4,3,0,0,-1,-1,-2,1,3,2,2,4
960,965,963,979,20,19,20,21,-5,2,-16,1,-1,-1,-1,1,1,2,1,4
946,937,935,932,17,16,18,16,9,2,3,1,-2,2,1,3,1,2,1,4
199,196,185,196,21,19,21,21,3,11,-11,2,-2,0,0,2,3,2,3,4
367,365,356,360,17,16,15,16,2,9,-4,1,1,-1,1,2,3,1,1,4
450,452,454,452,20,19,20,18,-2,-2,2,1,-1,2,2,1,2,1,2,4
1073,1066,1064,182,13,14,15,13,7,2,882,-1,-1,2,0,3,2,1,1,4
831,829,820,829,18,17,18,19,2,9,-9,1,-1,-1,-1,2,1,1,1,4
447,450,443,440,17,16,15,16,-3,7,3,1,1,-1,1,2,1,2,1,4
379,377,374,377,20,19,20,18,2,3,-3,1,-1,2,2,3,2,1,2,4
614,609,602,604,18,17,18,19,5,7,-2,1,-1,-1,-1,1,1,2,1,4
447,447,440,440,20,19,20,21,0,7,0,1,-1,-1,-1,2,2,1,1,4
674,672,674,674,20,19,18,18,2,-2,0,1,1,0,2,3,2,1,1,4
360,358,351,351,17,16,15,16,2,7,0,1,1,-1,1,3,2,1,1,4
876,862,850,853,14,14,13,13,14,12,-3,0,1,0,1,1,3,2,1,4
628,623,621,623,14,17,15,16,5,2,-2,-3,2,-1,-2,1,1,2,1,4
440,436,436,433,13,14,15,13,4,0,3,-1,-1,2,0,1,3,1,2,4
506,499,506,506,18,19,20,19,7,-7,0,-1,-1,1,-1,3,2,1,1,4
581,574,571,571,21,19,20,21,7,3,0,2,-1,-1,0,1,2,1,1,4
745,745,740,740,13,14,12,13,0,5,0,-1,2,-1,0,1,1,3,1,4
989,986,989,989,20,19,20,18,3,-3,0,1,-1,2,2,1,2,1,1,4
729,731,731,736,17,16,18,18,-2,0,-5,1,-2,0,-1,2,3,1,1,4
517,510,506,508,14,14,15,13,7,4,-2,0,-1,2,1,2,3,1,2,4
935,925,921,918,13,17,15,16,10,4,3,-4,2,-1,-3,2,2,2,1,4
914,907,902,904,14,14,13,13,7,5,-2,0,1,0,1,1,2,2,3,4
672,670,670,665,17,19,18,18,2,0,5,-2,1,0,-1,2,1,1,1,4
576,571,571,571,18,19,18,18,5,0,0,-1,1,0,0,1,1,1,1,4
639,632,632,632,17,16,18,16,7,0,0,1,-2,2,1,2,1,1,1,4
1021,1021,1017,1014,20,19,18,18,0,4,3,1,1,0,2,1,1,3,2,4
787,778,775,778,14,16,15,16,9,3,-3,-2,1,-1,-2,1,1,2,1,4
300,295,295,295,14,14,13,13,5,0,0,0,1,0,1,3,1,1,3,4
1017,1012,1012,1012,17,16,18,16,5,0,0,1,-2,2,1,3,1,1,1,4
1036,1038,1036,1033,13,14,15,13,-2,2,3,-1,-1,2,0,1,2,1,2,4
501,501,501,501,21,19,21,19,0,0,0,2,-2,2,2,1,1,1,1,4
829,820,817,813,18,17,18,16,9,3,4,1,-1,2,2,3,1,2,2,4
677,672,665,665,20,19,20,18,5,7,0,1,-1,2,2,2,2,1,1,4
967,970,963,967,13,14,12,13,-3,7,-4,-1,2,-1,0,2,1,2,2,4
810,806,803,806,18,17,18,19,4,3,-3,1,-1,-1,-1,1,1,2,1,4
883,871,867,869,14,14,15,13,12,4,-2,0,-1,2,1,2,1,1,2,4
623,614,614,607,14,14,13,13,9,0,7,0,1,0,1,1,3,1,2,4
653,649,649,651,13,14,15,13,4,0,-2,-1,-1,2,0,2,2,2,1,4
407,407,407,407,17,16,18,16,0,0,0,1,-2,2,1,3,3,1,3,4
466,464,464,464,17,19,18,18,2,0,0,-2,1,0,-1,2,1,1,1,4
1021,1017,1017,1019,13,16,15,16,4,0,-2,-3,1,-1,-3,1,1,1,2,4
1021,1014,1017,1012,20,19,20,21,7,-3,5,1,-1,-1,-1,1,2,1,1,4
192,192,185,187,18,17,18,19,0,7,-2,1,-1,-1,-1,1,3,2,1,4
946,946,946,951,17,16,15,16,0,0,-5,1,1,-1,1,3,1,1,3,4
314,314,309,311,18,17,18,16,0,5,-2,1,-1,2,2,1,1,3,2,4
782,775,768,771,14,14,12,13,7,7,-3,0,2,-1,1,1,2,1,2,4
714,717,717,712,20,19,20,21,-3,0,5,1,-1,-1,-1,2,1,1,1,4
733,726,736,757,13,14,12,13,7,-10,-21,-1,2,-1,0,2,3,1,2,4
231,220,213,215,14,17,15,16,11,7,-2,-3,2,-1,-2,2,3,2,3,4
201,196,194,194,18,19,18,19,5,2,0,-1,1,-1,-1,1,1,2,2,4
700,693,693,693,13,14,15,13,7,0,0,-1,-1,2,0,2,3,3,3,4
1024,1021,1021,1021,20,19,18,18,3,0,0,1,1,0,2,2,1,1,1,4
342,335,325,323,13,14,13,13,7,10,2,-1,1,0,0,1,2,2,3,4
396,396,389,391,13,14,15,16,0,7,-2,-1,-1,-1,-3,2,2,1,2,4
438,438,436,438,13,14,15,16,0,2,-2,-1,-1,-1,-3,2,2,3,2,4
459,457,459,457,13,14,12,13,2,-2,2,-1,2,-1,0,1,2,1,2,4
452,452,445,445,20,19,18,18,0,7,0,1,1,0,2,2,2,3,1,4
607,607,600,600,21,19,20,19,0,7,0,2,-1,1,2,2,2,1,1,4
412,407,407,410,20,19,18,18,5,0,-3,1,1,0,2,3,1,1,2,4
771,768,768,764,20,19,20,21,3,0,4,1,-1,-1,-1,2,1,3,1,4
602,586,581,583,14,14,15,13,16,5,-2,0,-1,2,1,2,3,1,2,4
220,217,215,215,14,17,15,16,3,2,0,-3,2,-1,-2,3,2,3,1,4
810,801,794,792,18,17,18,19,9,7,2,1,-1,-1,-1,3,1,2,1,4
485,482,478,475,14,17,15,16,3,4,3,-3,2,-1,-2,2,1,1,2,4
614,609,609,609,18,19,21,19,5,0,0,-1,-2,2,-1,1,1,1,1,4
810,799,794,796,14,14,13,13,11,5,-2,0,1,0,1,1,2,2,3,4
250,246,241,243,14,14,13,13,4,5,-2,0,1,0,1,2,2,2,1,4
679,674,677,679,13,16,15,16,5,-3,-2,-3,1,-1,-3,1,1,2,1,4
733,724,712,717,13,14,15,13,9,12,-5,-1,-1,2,0,2,2,1,1,4
447,433,436,433,13,14,15,16,14,-3,3,-1,-1,-1,-3,2,2,1,2,4
1054,1050,1043,1043,13,14,12,13,4,7,0,-1,2,-1,0,3,3,2,2,4
231,224,227,229,14,17,15,16,7,-3,-2,-3,2,-1,-2,2,1,2,1,4
187,182,1078,1078,18,17,18,16,5,-896,0,1,-1,2,2,1,1,1,1,4
1031,1021,1014,1017,13,14,12,13,10,7,-3,-1,2,-1,0,1,1,2,3,4
492,492,489,485,14,14,13,13,0,3,4,0,1,0,1,1,1,2,2,4
384,379,374,377,13,16,15,16,5,5,-3,-3,1,-1,-3,3,1,1,2,4
229,220,210,201,14,14,13,13,9,10,9,0,1,0,1,1,1,1,1,4
665,660,653,660,13,14,15,13,5,7,-7,-1,-1,2,0,1,3,2,1,4
325,318,321,323,18,17,18,19,7,-3,-2,1,-1,-1,-1,2,3,2,1,4
1045,1047,1038,1045,20,19,18,18,-2,9,-7,1,1,0,2,3,2,2,1,4
384,382,384,379,17,19,18,18,2,-2,5,-2,1,0,-1,3,2,3,1,4
1064,1059,1054,1059,13,14,12,13,5,5,-5,-1,2,-1,0,3,3,1,3,4
956,951,946,946,17,16,15,16,5,5,0,1,1,-1,1,1,1,1,1,4
539,534,529,524,14,14,13,13,5,5,5,0,1,0,1,3,3,1,1,4
372,403,400,398,17,16,15,16,-31,3,2,1,1,-1,1,2,1,2,1,4
396,393,389,393,20,19,20,21,3,4,-4,1,-1,-1,-1,2,1,1,1,4
586,576,576,576,18,17,18,18,10,0,0,1,-1,0,0,1,1,1,1,4
393,384,389,396,13,16,15,16,9,-5,-7,-3,1,-1,-3,3,1,1,2,4
468,468,468,466,20,19,18,18,0,0,2,1,1,0,2,1,1,1,2,4
754,752,754,750,13,16,15,16,2,-2,4,-3,1,-1,-3,1,2,1,1,4
267,267,262,262,21,19,20,21,0,5,0,2,-1,-1,0,1,3,1,1,4
485,478,473,473,14,14,12,13,7,5,0,0,2,-1,1,2,1,1,1,4
524,520,515,515,14,14,15,16,4,5,0,0,-1,-1,-2,1,3,1,3,4
389,386,379,382,13,14,12,13,3,7,-3,-1,2,-1,0,1,2,3,2,4
628,621,618,618,18,19,18,19,7,3,0,-1,1,-1,-1,1,2,1,1,4
743,736,731,740,13,16,15,16,7,5,-9,-3,1,-1,-3,2,1,1,1,4
855,846,839,846,18,17,15,16,9,7,-7,1,2,-1,2,2,2,1,2,4
796,792,789,787,14,17,15,16,4,3,2,-3,2,-1,-2,1,1,2,1,4
911,907,900,904,14,14,13,13,4,7,-4,0,1,0,1,2,2,1,1,4
450,450,447,445,17,16,15,16,0,3,2,1,1,-1,1,3,1,2,1,4
918,911,904,904,14,17,15,16,7,7,0,-3,2,-1,-2,1,2,1,1,4
489,482,487,482,21,19,21,21,7,-5,5,2,-2,0,0,2,1,1,1,4
557,557,557,560,14,14,13,13,0,0,-3,0,1,0,1,1,1,3,2,4
853,848,843,846,21,19,20,18,5,5,-3,2,-1,2,3,1,1,1,2,4
1078,1075,1073,1068,13,14,12,13,3,2,5,-1,2,-1,0,1,2,1,1,4
986,979,979,972,13,14,15,13,7,0,7,-1,-1,2,0,2,1,3,2,4
764,759,761,759,17,16,15,16,5,-2,2,1,1,-1,1,3,1,2,1,4
986,970,963,965,13,14,15,16,16,7,-2,-1,-1,-1,-3,2,1,2,3,4
942,935,937,937,17,16,18,16,7,-2,0,1,-2,2,1,3,2,1,1,4
431,426,426,426,13,14,15,13,5,0,0,-1,-1,2,0,1,1,1,3,4
557,553,557,562,14,17,15,16,4,-4,-5,-3,2,-1,-2,1,1,1,3,4
609,607,604,604,18,19,18,19,2,3,0,-1,1,-1,-1,1,2,1,1,4
796,792,792,792,18,17,18,19,4,0,0,1,-1,-1,-1,1,1,1,1,4
581,578,571,574,14,17,15,16,3,7,-3,-3,2,-1,-2,3,2,1,2,4
611,609,581,604,18,17,18,19,2,28,-23,1,-1,-1,-1,2,3,3,1,4
351,342,337,342,13,14,15,13,9,5,-5,-1,-1,2,0,1,3,1,1,4
841,843,839,834,14,14,13,13,-2,4,5,0,1,0,1,2,1,1,3,4
506,496,499,494,18,19,18,19,10,-3,5,-1,1,-1,-1,3,3,2,2,4
757,752,750,750,17,16,18,16,5,2,0,1,-2,2,1,2,2,1,1,4
464,454,450,454,13,14,12,13,10,4,-4,-1,2,-1,0,1,3,1,1,4
520,515,517,515,18,17,18,16,5,-2,2,1,-1,2,2,1,1,2,1,4
956,953,946,949,20,19,20,18,3,7,-3,1,-1,2,2,1,2,1,2,4
656,656,651,656,20,19,18,18,0,5,-5,1,1,0,2,1,3,1,3,4
864,862,860,857,14,14,13,13,2,2,3,0,1,0,1,2,3,2,1,4
187,1075,1078,1078,21,19,20,21,-888,-3,0,2,-1,-1,0,1,2,1,1,4
569,567,562,569,21,19,20,21,2,5,-7,2,-1,-1,0,2,1,1,2,4
677,674,670,672,20,19,18,18,3,4,-2,1,1,0,2,2,1,3,2,4
1003,1003,996,998,13,16,15,16,0,7,-2,-3,1,-1,-3,1,1,2,1,4
302,295,297,295,14,17,15,16,7,-2,2,-3,2,-1,-2,2,3,2,1,4
923,923,921,911,14,17,15,16,0,2,10,-3,2,-1,-2,1,1,2,2,4
398,391,389,389,13,14,15,16,7,2,0,-1,-1,-1,-3,1,2,1,1,4
616,609,604,602,14,14,13,13,7,5,2,0,1,0,1,2,3,1,2,4
602,597,600,600,18,19,18,19,5,-3,0,-1,1,-1,-1,2,2,1,1,4
367,365,365,365,13,14,15,16,2,0,0,-1,-1,-1,-3,2,3,3,1,4
377,377,374,370,20,19,20,21,0,3,4,1,-1,-1,-1,2,2,1,1,4
264,262,262,262,18,19,18,18,2,0,0,-1,1,0,0,2,1,3,1,4
1068,1066,1066,1066,17,16,18,18,2,0,0,1,-2,0,-1,3,2,2,2,4
536,534,534,534,18,19,18,18,2,0,0,-1,1,0,0,2,3,1,1,4
217,213,210,210,21,19,20,19,4,3,0,2,-1,1,2,2,2,1,1,4
257,260,229,255,18,19,18,21,-3,31,-26,-1,1,-3,-3,3,2,1,2,4
367,360,351,353,13,14,12,13,7,9,-2,-1,2,-1,0,2,1,1,2,4
674,674,670,672,13,14,15,13,0,4,-2,-1,-1,2,0,3,1,1,2,4
548,539,536,539,14,14,13,13,9,3,-3,0,1,0,1,3,3,2,1,4
876,864,853,857,14,14,13,13,12,11,-4,0,1,0,1,3,2,3,1,4
386,384,384,382,13,16,15,16,2,0,2,-3,1,-1,-3,2,3,1,2,4
550,553,548,553,21,19,20,18,-3,5,-5,2,-1,2,3,2,3,1,1,4
625,623,623,628,18,17,18,19,2,0,-5,1,-1,-1,-1,2,1,1,1,4
302,300,295,295,14,14,15,13,2,5,0,0,-1,2,1,2,3,1,3,4
297,288,286,283,18,17,15,16,9,2,3,1,2,-1,2,2,2,1,2,4
757,750,747,750,13,14,12,13,7,3,-3,-1,2,-1,0,2,1,2,1,4
876,874,871,874,14,14,15,13,2,3,-3,0,-1,2,1,1,2,1,2,4
271,262,262,269,14,17,15,16,9,0,-7,-3,2,-1,-2,1,1,1,2,4
571,574,569,567,18,17,18,16,-3,5,2,1,-1,2,2,1,2,2,1,4
412,407,403,403,13,14,12,13,5,4,0,-1,2,-1,0,3,3,1,3,4
1024,1024,1024,1024,20,19,20,18,0,0,0,1,-1,2,2,2,2,2,2,4
290,278,276,276,18,17,18,18,12,2,0,1,-1,0,0,1,2,1,1,4
660,656,656,656,17,16,18,16,4,0,0,1,-2,2,1,1,3,1,1,4
989,984,979,982,17,16,18,16,5,5,-3,1,-2,2,1,1,1,1,2,4
567,560,560,557,18,19,18,18,7,0,3,-1,1,0,0,1,2,2,3,4
515,513,510,510,21,19,20,21,2,3,0,2,-1,-1,0,1,2,1,1,4
454,452,445,445,20,19,20,21,2,7,0,1,-1,-1,-1,1,2,3,1,4
956,951,946,946,17,16,18,18,5,5,0,1,-2,0,-1,1,3,3,1,4
440,438,436,438,17,16,15,16,2,2,-2,1,1,-1,1,1,2,3,2,4
520,517,513,513,14,17,15,16,3,4,0,-3,2,-1,-2,1,2,2,2,4
977,979,974,974,17,16,15,16,-2,5,0,1,1,-1,1,2,3,1,1,4
300,293,297,295,18,17,18,16,7,-4,2,1,-1,2,2,1,2,2,1,4
860,850,853,853,18,17,18,16,10,-3,0,1,-1,2,2,2,2,1,3,4
548,548,543,543,18,17,18,16,0,5,0,1,-1,2,2,3,3,3,1,4
464,459,464,475,20,19,20,18,5,-5,-11,1,-1,2,2,3,3,1,2,4
789,782,778,773,21,19,20,21,7,4,5,2,-1,-1,0,2,1,1,1,4
867,850,846,841,14,17,15,16,17,4,5,-3,2,-1,-2,1,2,2,2,4
436,433,431,431,20,19,18,18,3,2,0,1,1,0,2,1,2,1,1,4
220,208,203,201,14,17,15,16,12,5,2,-3,2,-1,-2,1,2,2,3,4
328,318,314,316,14,14,13,13,10,4,-2,0,1,0,1,1,1,3,2,4
1036,1031,1031,1033,20,19,20,21,5,0,-2,1,-1,-1,-1,3,3,1,2,4
478,473,473,473,20,19,20,18,5,0,0,1,-1,2,2,1,3,1,1,4
965,960,963,960,20,19,20,18,5,-3,3,1,-1,2,2,3,1,2,1,4
356,356,351,353,13,14,12,13,0,5,-2,-1,2,-1,0,1,3,1,2,4
879,874,869,876,21,19,20,18,5,5,-7,2,-1,2,3,2,2,2,1,4
332,328,328,332,20,19,18,18,4,0,-4,1,1,0,2,1,1,1,1,4
217,210,210,208,14,14,15,13,7,0,2,0,-1,2,1,2,1,3,2,4
787,787,785,782,14,17,15,16,0,2,3,-3,2,-1,-2,3,1,2,1,4
750,752,750,745,17,16,18,16,-2,2,5,1,-2,2,1,3,2,1,1,4
536,546,541,539,14,17,15,16,-10,5,2,-3,2,-1,-2,2,2,2,1,4
539,539,534,534,18,17,18,18,0,5,0,1,-1,0,0,3,3,3,1,4
1052,1045,1040,1036,13,16,15,16,7,5,4,-3,1,-1,-3,2,1,1,1,4
1073,1066,1061,1064,17,16,18,18,7,5,-3,1,-2,0,-1,3,2,2,1,4
295,293,271,295,21,19,20,19,2,22,-24,2,-1,1,2,1,2,1,1,4
450,447,450,452,13,16,15,16,3,-3,-2,-3,1,-1,-3,1,2,1,2,4
295,290,290,286,21,19,20,21,5,0,4,2,-1,-1,0,1,1,1,1,4
923,925,923,923,18,19,21,19,-2,2,0,-1,-2,2,-1,3,2,1,1,4
220,215,210,210,18,17,18,16,5,5,0,1,-1,2,2,1,3,1,1,4
883,876,876,874,14,17,15,16,7,0,2,-3,2,-1,-2,2,3,1,2,4
1068,1059,1061,1057,13,14,12,13,9,-2,4,-1,2,-1,0,1,1,2,2,4
719,717,717,717,20,19,18,18,2,0,0,1,1,0,2,2,3,1,1,4
710,707,707,700,17,16,18,18,3,0,7,1,-2,0,-1,2,1,3,2,4
890,886,883,881,14,17,15,16,4,3,2,-3,2,-1,-2,1,3,2,1,4
220,220,222,222,18,17,18,19,0,-2,0,1,-1,-1,-1,1,1,2,2,4
794,792,789,785,21,19,21,21,2,3,4,2,-2,0,0,2,1,2,2,4
991,991,989,984,17,16,15,16,0,2,5,1,1,-1,1,2,2,1,1,4
457,450,452,459,20,19,18,18,7,-2,-7,1,1,0,2,2,1,2,1,4
731,731,689,717,20,19,20,21,0,42,-28,1,-1,-1,-1,1,1,3,1,4
187,185,185,182,14,14,15,13,2,0,3,0,-1,2,1,3,2,2,1,4
473,473,468,473,17,19,18,18,0,5,-5,-2,1,0,-1,3,3,1,1,4
895,886,886,886,18,17,18,19,9,0,0,1,-1,-1,-1,1,3,1,1,4
660,656,658,658,17,19,18,18,4,-2,0,-2,1,0,-1,3,1,2,2,4
951,949,946,946,17,16,18,18,2,3,0,1,-2,0,-1,3,2,1,1,4
939,937,935,937,20,19,20,21,2,2,-2,1,-1,-1,-1,2,3,2,1,4
946,939,944,951,17,16,18,18,7,-5,-7,1,-2,0,-1,3,2,2,1,4
283,278,276,276,14,14,13,13,5,2,0,0,1,0,1,2,2,1,1,4
600,595,593,597,18,17,18,19,5,2,-4,1,-1,-1,-1,3,1,2,2,4
531,527,522,520,21,19,20,19,4,5,2,2,-1,1,2,2,2,2,3,4
1047,1038,1038,1036,13,14,12,13,9,0,2,-1,2,-1,0,2,2,2,1,4
436,433,431,431,13,14,12,13,3,2,0,-1,2,-1,0,3,2,3,1,4
243,239,239,241,18,19,18,18,4,0,-2,-1,1,0,0,1,1,1,2,4
332,325,323,325,20,19,21,21,7,2,-2,1,-2,0,-1,1,2,1,2,4
843,839,829,834,14,17,15,16,4,10,-5,-3,2,-1,-2,3,1,3,1,4
1052,1047,1043,1040,20,19,20,18,5,4,3,1,-1,2,2,2,2,2,3,4
206,201,206,201,14,14,13,13,5,-5,5,0,1,0,1,1,3,1,1,4
604,604,604,604,14,14,13,13,0,0,0,0,1,0,1,1,1,3,1,4
956,953,951,951,13,14,15,13,3,2,0,-1,-1,2,0,3,2,3,1,4
353,351,346,349,20,19,20,21,2,5,-3,1,-1,-1,-1,2,1,1,2,4
750,743,738,740,17,19,18,18,7,5,-2,-2,1,0,-1,1,2,2,1,4
794,787,787,782,18,17,18,19,7,0,5,1,-1,-1,-1,2,1,1,1,4
187,182,182,182,14,14,15,13,5,0,0,0,-1,2,1,3,1,1,1,4
424,414,410,412,13,14,15,13,10,4,-2,-1,-1,2,0,2,2,2,3,4
410,403,400,403,13,14,15,13,7,3,-3,-1,-1,2,0,2,1,2,1,4
904,893,893,895,18,17,18,19,11,0,-2,1,-1,-1,-1,3,2,2,1,4
909,914,911,909,18,19,18,19,-5,3,2,-1,1,-1,-1,3,3,2,1,4
271,271,274,271,18,19,18,18,0,-3,3,-1,1,0,0,1,1,2,1,4
698,698,689,691,20,19,18,18,0,9,-2,1,1,0,2,1,3,1,2,4
895,890,878,878,14,17,15,16,5,12,0,-3,2,-1,-2,1,1,2,2,4
286,283,283,286,14,17,15,16,3,0,-3,-3,2,-1,-2,1,2,2,1,4
550,543,546,541,14,14,13,13,7,-3,5,0,1,0,1,2,3,2,2,4
543,541,534,539,18,17,18,16,2,7,-5,1,-1,2,2,3,2,1,1,4
260,248,248,248,14,14,13,13,12,0,0,0,1,0,1,2,3,3,3,4
907,904,904,904,21,19,20,19,3,0,0,2,-1,1,2,2,1,1,1,4
628,616,618,618,18,17,18,16,12,-2,0,1,-1,2,2,1,2,1,3,4
712,712,714,707,13,14,12,13,0,-2,7,-1,2,-1,0,1,3,2,1,4
817,820,817,820,18,19,18,19,-3,3,-3,-1,1,-1,-1,2,3,2,1,4
224,220,215,215,18,19,18,19,4,5,0,-1,1,-1,-1,1,1,1,1,4
421,421,407,431,17,16,15,16,0,14,-24,1,1,-1,1,3,3,1,1,4
1024,1021,1019,1021,20,19,18,18,3,2,-2,1,1,0,2,2,1,2,1,4
801,794,787,792,21,19,21,19,7,7,-5,2,-2,2,2,1,2,1,1,4
335,332,325,328,13,14,13,13,3,7,-3,-1,1,0,0,2,1,2,1,4
328,323,316,318,14,17,15,16,5,7,-2,-3,2,-1,-2,1,3,2,1,4
560,560,553,555,18,19,18,21,0,7,-2,-1,1,-3,-3,2,2,3,2,4
792,789,789,789,21,19,21,21,3,0,0,2,-2,0,0,3,2,2,2,4
290,286,286,283,21,19,20,21,4,0,3,2,-1,-1,0,1,3,1,2,4
220,215,215,215,21,19,20,21,5,0,0,2,-1,-1,0,1,1,1,3,4
393,391,370,393,17,16,18,16,2,21,-23,1,-2,2,1,1,2,1,1,4
846,841,839,836,14,14,15,13,5,2,3,0,-1,2,1,2,2,3,2,4
660,660,660,658,17,16,15,16,0,0,2,1,1,-1,1,3,3,1,2,4
768,768,768,761,20,19,20,21,0,0,7,1,-1,-1,-1,1,1,1,2,4
628,623,623,625,18,19,18,19,5,0,-2,-1,1,-1,-1,1,3,1,2,4
356,356,353,356,13,14,12,13,0,3,-3,-1,2,-1,0,1,1,2,3,4
1068,1064,1068,1068,17,16,18,16,4,-4,0,1,-2,2,1,1,1,1,1,4
799,799,792,792,21,19,21,19,0,7,0,2,-2,2,2,2,2,1,1,4
848,841,839,834,18,19,18,18,7,2,5,-1,1,0,0,1,2,1,3,4
1073,1066,1068,1064,17,16,18,18,7,-2,4,1,-2,0,-1,1,2,3,1,4
754,750,750,750,20,19,20,21,4,0,0,1,-1,-1,-1,1,1,1,3,4
407,400,400,400,13,14,12,13,7,0,0,-1,2,-1,0,1,2,2,2,4
311,309,267,302,14,14,13,13,2,42,-35,0,1,0,1,2,3,1,2,4
231,224,222,224,18,17,18,16,7,2,-2,1,-1,2,2,2,1,2,1,4
332,328,323,325,13,14,13,13,4,5,-2,-1,1,0,0,1,1,1,2,4
1043,1031,1021,1024,13,14,12,13,12,10,-3,-1,2,-1,0,2,1,1,2,4
381,367,358,363,13,14,12,13,14,9,-5,-1,2,-1,0,2,2,2,2,4
890,886,888,886,14,14,15,13,4,-2,2,0,-1,2,1,3,1,2,3,4
279,276,271,271,21,19,20,21,3,5,0,2,-1,-1,0,2,3,1,1,4
984,977,974,974,17,19,18,18,7,3,0,-2,1,0,-1,3,2,3,1,4
745,747,743,745,20,19,18,18,-2,4,-2,1,1,0,2,1,2,2,1,4
775,773,768,773,13,14,12,13,2,5,-5,-1,2,-1,0,2,3,1,1,4
628,625,621,618,18,17,18,19,3,4,3,1,-1,-1,-1,1,2,2,3,4
342,339,337,337,20,19,20,21,3,2,0,1,-1,-1,-1,1,2,1,1,4
182,1078,1075,1078,18,16,18,18,-896,3,-3,2,-2,0,0,1,1,2,1,4
501,494,496,492,14,17,15,16,7,-2,4,-3,2,-1,-2,1,2,3,1,4
475,475,475,473,13,14,13,13,0,0,2,-1,1,0,0,2,2,2,1,4
1052,989,989,991,17,16,18,16,63,0,-2,1,-2,2,1,2,1,1,2,4
696,693,691,696,13,14,15,16,3,2,-5,-1,-1,-1,-3,2,3,2,2,4
625,621,628,625,18,19,18,19,4,-7,3,-1,1,-1,-1,2,2,1,2,4
182,1073,1071,1075,14,14,15,13,-891,2,-4,0,-1,2,1,1,3,2,2,4
586,583,581,581,14,14,13,13,3,2,0,0,1,0,1,1,2,1,3,4
752,750,747,745,20,19,18,18,2,3,2,1,1,0,2,2,1,2,1,4
1036,1033,1031,1031,13,14,15,13,3,2,0,-1,-1,2,0,1,2,1,1,4
473,471,473,473,20,19,18,18,2,-2,0,1,1,0,2,1,2,1,1,4
813,803,799,796,14,14,15,16,10,4,3,0,-1,-1,-2,2,2,2,1,4
886,883,881,881,18,17,18,19,3,2,0,1,-1,-1,-1,3,2,1,1,4
274,274,271,271,21,19,20,18,0,3,0,2,-1,2,3,2,2,1,3,4
485,482,478,485,14,14,13,13,3,4,-7,0,1,0,1,2,1,1,2,4
262,257,253,253,14,14,15,13,5,4,0,0,-1,2,1,3,3,1,1,4
942,942,937,942,13,14,15,13,0,5,-5,-1,-1,2,0,1,1,1,3,4
536,529,524,524,14,14,15,13,7,5,0,0,-1,2,1,2,3,1,1,4
419,417,414,414,17,16,18,16,2,3,0,1,-2,2,1,2,3,2,2,4
635,635,625,628,20,19,21,21,0,10,-3,1,-2,0,-1,2,2,2,1,4
794,787,787,785,21,19,21,21,7,0,2,2,-2,0,0,2,1,1,2,4
1036,1036,1031,1036,17,16,18,16,0,5,-5,1,-2,2,1,1,1,1,1,4
960,958,956,958,17,16,18,18,2,2,-2,1,-2,0,-1,3,2,1,2,4
1047,1040,1031,1036,13,14,12,13,7,9,-5,-1,2,-1,0,2,3,1,1,4
325,323,323,323,18,17,18,19,2,0,0,1,-1,-1,-1,2,1,1,1,4
1050,1050,1047,1045,13,14,12,13,0,3,2,-1,2,-1,0,3,3,2,1,4
189,182,185,185,14,14,13,13,7,-3,0,0,1,0,1,2,1,2,2,4
531,524,517,520,14,14,15,16,7,7,-3,0,-1,-1,-2,2,1,2,1,4
503,503,501,499,14,14,13,13,0,2,2,0,1,0,1,2,2,1,2,4
562,562,555,555,18,17,18,21,0,7,0,1,-1,-3,-3,1,1,2,2,4
660,663,658,663,13,14,12,13,-3,5,-5,-1,2,-1,0,1,2,2,2,4
443,447,440,440,20,19,20,21,-4,7,0,1,-1,-1,-1,2,2,1,1,4
506,506,501,501,14,14,15,13,0,5,0,0,-1,2,1,1,1,1,3,4
515,508,506,506,14,14,13,13,7,2,0,0,1,0,1,1,2,3,1,4
963,960,958,958,17,16,18,18,3,2,0,1,-2,0,-1,2,1,2,2,4
998,993,989,989,13,14,15,13,5,4,0,-1,-1,2,0,3,3,3,1,4
848,846,848,843,14,17,15,16,2,-2,5,-3,2,-1,-2,1,2,1,1,4
623,618,618,616,18,19,18,19,5,0,2,-1,1,-1,-1,3,1,1,2,4
529,520,520,522,14,14,13,13,9,0,-2,0,1,0,1,3,1,3,2,4
663,660,660,656,13,14,15,16,3,0,4,-1,-1,-1,-3,2,1,1,1,4
473,468,464,464,17,16,15,16,5,4,0,1,1,-1,1,1,1,3,1,4
1059,1059,1054,1054,17,16,18,18,0,5,0,1,-2,0,-1,1,1,1,1,4
1061,1054,1054,1054,13,14,12,13,7,0,0,-1,2,-1,0,2,1,3,1,4
733,733,731,731,17,16,15,16,0,2,0,1,1,-1,1,2,2,3,1,4
496,482,475,473,14,14,13,13,14,7,2,0,1,0,1,3,1,2,3,4
609,604,602,604,18,17,18,16,5,2,-2,1,-1,2,2,1,1,2,1,4
750,745,747,747,17,16,18,16,5,-2,0,1,-2,2,1,1,3,2,2,4
339,344,342,349,13,14,12,13,-5,2,-7,-1,2,-1,0,2,2,1,2,4
635,625,623,623,17,17,18,16,10,2,0,0,-1,2,1,2,2,1,3,4
267,264,257,260,14,17,15,16,3,7,-3,-3,2,-1,-2,3,2,3,2,4
300,300,293,290,21,19,20,21,0,7,3,2,-1,-1,0,1,1,2,1,4
604,600,602,600,18,17,18,19,4,-2,2,1,-1,-1,-1,3,1,2,1,4
234,229,229,232,18,17,18,19,5,0,-3,1,-1,-1,-1,1,1,1,2,4
1036,1026,1024,1026,13,14,12,13,10,2,-2,-1,2,-1,0,1,3,2,1,4
1045,1040,1036,1038,13,14,12,13,5,4,-2,-1,2,-1,0,3,3,1,2,4
738,736,736,736,17,16,15,16,2,0,0,1,1,-1,1,2,1,1,1,4
360,363,353,356,17,16,18,16,-3,10,-3,1,-2,2,1,1,2,2,3,4
398,398,398,398,17,16,15,16,0,0,0,1,1,-1,1,1,3,1,1,4
862,822,822,820,14,14,15,16,40,0,2,0,-1,-1,-2,3,2,2,1,4
323,321,318,314,21,19,21,19,2,3,4,2,-2,2,2,3,2,1,1,4
496,489,482,482,14,14,13,13,7,7,0,0,1,0,1,3,2,1,1,4
677,674,672,674,20,19,20,21,3,2,-2,1,-1,-1,-1,2,1,2,1,4
925,916,916,916,14,14,15,13,9,0,0,0,-1,2,1,2,2,2,2,4
187,187,182,182,21,19,21,21,0,5,0,2,-2,0,0,3,3,1,1,4
424,417,412,412,13,14,15,13,7,5,0,-1,-1,2,0,2,1,3,1,4
981,982,979,979,13,14,15,13,-1,3,0,-1,-1,2,0,2,2,3,1,4
949,1031,942,942,17,19,18,18,-82,89,0,-2,1,0,-1,2,1,1,1,4
831,827,829,829,18,19,18,19,4,-2,0,-1,1,-1,-1,2,2,1,1,4
632,635,635,632,13,14,15,13,-3,0,3,-1,-1,2,0,1,2,2,1,4
857,853,853,853,18,19,18,18,4,0,0,-1,1,0,0,3,1,1,1,4
1073,1071,1073,1073,17,16,18,18,2,-2,0,1,-2,0,-1,1,2,3,1,4
693,691,693,686,13,14,12,13,2,-2,7,-1,2,-1,0,3,2,1,2,4
1003,1003,1005,1005,20,19,18,21,0,-2,0,1,1,-3,-1,1,1,2,2,4
864,862,853,857,18,19,18,18,2,9,-4,-1,1,0,0,2,1,1,1,4
351,344,337,342,13,14,12,13,7,7,-5,-1,2,-1,0,3,2,1,1,4
426,424,421,417,13,14,15,13,2,3,4,-1,-1,2,0,1,2,3,1,4
600,590,590,586,14,14,13,13,10,0,4,0,1,0,1,1,1,1,1,4
674,670,665,665,13,14,12,13,4,5,0,-1,2,-1,0,1,3,1,3,4
248,241,232,229,14,14,15,13,7,9,3,0,-1,2,1,3,2,2,1,4
274,269,264,267,21,19,20,18,5,5,-3,2,-1,2,3,2,2,2,1,4
778,775,775,775,13,14,15,13,3,0,0,-1,-1,2,0,1,2,2,2,4
492,492,482,487,18,17,18,16,0,10,-5,1,-1,2,2,3,1,1,3,4
579,576,571,571,18,19,18,18,3,5,0,-1,1,0,0,2,1,1,1,4
187,1075,1078,1073,14,14,13,13,-888,-3,5,0,1,0,1,3,2,1,1,4
499,494,489,492,14,17,15,16,5,5,-3,-3,2,-1,-2,2,2,2,1,4
689,686,684,684,20,19,18,18,3,2,0,1,1,0,2,1,2,3,1,4
548,541,534,534,21,19,20,21,7,7,0,2,-1,-1,0,1,2,1,1,4
623,621,614,609,14,14,13,13,2,7,5,0,1,0,1,1,2,1,1,4
356,351,349,353,17,16,15,16,5,2,-4,1,1,-1,1,3,3,2,2,4
923,911,907,911,18,17,18,16,12,4,-4,1,-1,2,2,1,2,2,2,4
417,412,412,410,13,14,12,13,5,0,2,-1,2,-1,0,1,1,1,2,4
571,569,571,574,14,17,15,16,2,-2,-3,-3,2,-1,-2,1,2,1,2,4
295,290,281,276,14,14,13,13,5,9,5,0,1,0,1,3,1,1,3,4
253,250,253,253,14,14,15,13,3,-3,0,0,-1,2,1,1,2,3,3,4
1021,1019,1017,1017,13,14,15,16,2,2,0,-1,-1,-1,-3,3,2,1,1,4
747,740,740,740,13,14,12,13,7,0,0,-1,2,-1,0,2,1,3,1,4
492,492,485,492,18,17,18,19,0,7,-7,1,-1,-1,-1,1,3,2,1,4
457,454,454,454,17,16,15,16,3,0,0,1,1,-1,1,2,1,1,1,4
689,682,679,682,13,14,15,13,7,3,-3,-1,-1,2,0,1,2,3,2,4
1019,1014,1012,1012,17,19,18,18,5,2,0,-2,1,0,-1,2,2,1,1,4
492,487,485,487,18,19,18,19,5,2,-2,-1,1,-1,-1,1,3,2,1,4
311,311,304,307,18,17,18,16,0,7,-3,1,-1,2,2,2,2,1,2,4
543,539,543,543,18,19,18,18,4,-4,0,-1,1,0,0,3,1,1,1,4
796,794,792,794,18,17,18,19,2,2,-2,1,-1,-1,-1,1,2,1,2,4
377,374,367,367,13,14,12,13,3,7,0,-1,2,-1,0,2,3,2,2,4
1064,1047,1050,1043,13,14,15,13,17,-3,7,-1,-1,2,0,1,2,1,2,4
365,365,360,365,13,14,12,13,0,5,-5,-1,2,-1,0,1,3,3,1,4
567,557,557,557,18,17,18,18,10,0,0,1,-1,0,0,3,1,1,1,4
1040,904,904,904,17,17,18,19,136,0,0,0,-1,-1,-2,1,3,3,1,4
325,323,318,314,14,14,15,13,2,5,4,0,-1,2,1,2,1,1,1,4
344,344,342,342,13,14,12,13,0,2,0,-1,2,-1,0,2,2,1,1,4
642,639,642,642,17,16,18,18,3,-3,0,1,-2,0,-1,1,2,1,1,4
468,461,459,464,17,16,18,16,7,2,-5,1,-2,2,1,1,2,1,1,4
452,450,454,452,17,16,15,16,2,-4,2,1,1,-1,1,2,3,1,2,4
747,740,736,733,13,14,12,13,7,4,3,-1,2,-1,0,2,1,3,2,4
623,618,618,616,18,17,18,19,5,0,2,1,-1,-1,-1,1,1,1,2,4
752,754,754,754,13,14,12,13,-2,0,0,-1,2,-1,0,2,3,1,1,4
677,674,679,679,20,19,20,21,3,-5,0,1,-1,-1,-1,2,3,1,1,4
485,482,471,478,14,14,15,16,3,11,-7,0,-1,-1,-2,2,1,2,1,4
792,789,785,787,18,19,18,19,3,4,-2,-1,1,-1,-1,1,2,2,1,4
1019,1017,1017,1012,13,14,12,13,2,0,5,-1,2,-1,0,2,3,1,1,4
520,515,515,517,14,14,13,13,5,0,-2,0,1,0,1,1,3,1,2,4
332,325,328,325,17,17,18,19,7,-3,3,0,-1,-1,-2,1,2,1,2,4
248,229,224,229,14,14,13,13,19,5,-5,0,1,0,1,3,3,3,1,4
250,236,239,234,14,14,13,13,14,-3,5,0,1,0,1,2,2,3,1,4
1045,1045,1045,1045,17,16,18,16,0,0,0,1,-2,2,1,3,1,1,1,4
224,220,215,210,18,17,18,19,4,5,5,1,-1,-1,-1,1,1,1,1,4
586,576,581,576,14,17,15,16,10,-5,5,-3,2,-1,-2,3,1,3,1,4
1050,1043,1036,1036,13,16,15,16,7,7,0,-3,1,-1,-3,3,2,3,1,4
503,499,496,496,14,17,15,16,4,3,0,-3,2,-1,-2,2,2,1,1,4
1073,1073,1068,1068,13,14,15,13,0,5,0,-1,-1,2,0,1,1,1,1,4
841,836,836,834,18,19,18,18,5,0,2,-1,1,0,0,2,2,2,1,4
522,520,520,520,21,19,20,21,2,0,0,2,-1,-1,0,2,1,1,1,4
965,960,958,960,13,14,15,13,5,2,-2,-1,-1,2,0,3,3,2,1,4
358,356,351,346,17,16,18,16,2,5,5,1,-2,2,1,2,1,3,1,4
267,267,269,271,14,14,15,13,0,-2,-2,0,-1,2,1,1,3,2,1,4
539,524,522,520,14,14,15,16,15,2,2,0,-1,-1,-2,3,1,2,3,4
436,431,431,426,20,19,18,18,5,0,5,1,1,0,2,1,1,1,1,4
1052,1050,1050,1050,20,19,20,21,2,0,0,1,-1,-1,-1,2,1,1,1,4
450,452,471,450,13,14,15,16,-2,-19,21,-1,-1,-1,-3,1,2,2,1,4
813,808,801,806,18,17,18,19,5,7,-5,1,-1,-1,-1,2,2,3,3,4
677,670,665,660,13,14,15,13,7,5,5,-1,-1,2,0,2,1,1,1,4
581,576,567,574,14,14,15,16,5,9,-7,0,-1,-1,-2,3,3,1,2,4
374,374,374,372,20,19,20,21,0,0,2,1,-1,-1,-1,1,1,1,2,4
468,468,466,468,13,14,12,13,0,2,-2,-1,2,-1,0,3,3,2,3,4
257,246,241,246,14,14,13,13,11,5,-5,0,1,0,1,1,2,2,2,4
717,710,700,707,13,14,15,13,7,10,-7,-1,-1,2,0,3,2,2,1,4
754,750,750,747,13,14,12,13,4,0,3,-1,2,-1,0,3,3,1,2,4
250,239,239,241,18,17,18,18,11,0,-2,1,-1,0,0,2,1,1,2,4
956,953,949,949,13,14,15,13,3,4,0,-1,-1,2,0,1,2,2,2,4
208,206,203,208,18,19,18,19,2,3,-5,-1,1,-1,-1,2,3,2,2,4
1003,1000,1003,1003,13,14,12,13,3,-3,0,-1,2,-1,0,1,2,1,1,4
412,414,407,403,17,16,15,16,-2,7,4,1,1,-1,1,1,2,1,1,4
412,410,412,412,20,19,20,21,2,-2,0,1,-1,-1,-1,3,2,3,3,4
571,564,557,557,14,14,15,13,7,7,0,0,-1,2,1,1,2,1,3,4
977,972,970,970,17,16,15,16,5,2,0,1,1,-1,1,2,2,1,1,4
290,288,286,286,14,14,13,13,2,2,0,0,1,0,1,1,2,1,1,4
412,407,400,410,13,14,12,13,5,7,-10,-1,2,-1,0,1,3,2,2,4
227,222,217,217,18,17,18,16,5,5,0,1,-1,2,2,2,2,2,2,4
356,351,351,353,20,19,20,18,5,0,-2,1,-1,2,2,3,3,1,2,4
667,667,660,660,20,19,18,18,0,7,0,1,1,0,2,2,2,1,1,4
267,271,271,267,14,14,13,13,-4,0,4,0,1,0,1,1,3,3,3,4
674,674,670,670,20,19,18,18,0,4,0,1,1,0,2,1,1,1,1,4
295,286,283,286,18,17,18,19,9,3,-3,1,-1,-1,-1,3,1,2,1,4
576,567,567,562,21,19,20,18,9,0,5,2,-1,2,3,1,1,1,1,4
921,916,914,918,18,17,18,16,5,2,-4,1,-1,2,2,2,2,1,1,4
787,768,759,764,14,14,15,13,19,9,-5,0,-1,2,1,1,1,1,1,4
293,288,283,286,14,14,13,13,5,5,-3,0,1,0,1,2,2,2,3,4
405,405,403,398,13,14,12,13,0,2,5,-1,2,-1,0,2,2,1,3,4
543,543,539,546,18,19,18,18,0,4,-7,-1,1,0,0,1,1,1,2,4
236,227,224,222,18,17,18,19,9,3,2,1,-1,-1,-1,2,2,1,2,4
257,248,243,246,14,14,15,16,9,5,-3,0,-1,-1,-2,1,1,1,2,4
663,665,665,667,13,14,12,13,-2,0,-2,-1,2,-1,0,2,1,3,2,4
942,937,939,935,20,19,20,18,5,-2,4,1,-1,2,2,1,1,2,2,4
539,534,534,534,18,19,18,18,5,0,0,-1,1,0,0,3,3,1,1,4
937,937,932,932,13,14,13,13,0,5,0,-1,1,0,0,1,1,1,1,4
436,433,428,426,20,19,20,18,3,5,2,1,-1,2,2,1,2,2,1,4
831,827,824,824,18,17,18,19,4,3,0,1,-1,-1,-1,2,2,1,1,4
501,492,492,492,21,19,21,19,9,0,0,2,-2,2,2,1,1,1,1,4
440,436,436,436,17,16,18,18,4,0,0,1,-2,0,-1,1,1,1,1,4
398,400,393,393,20,19,20,18,-2,7,0,1,-1,2,2,1,2,1,1,4
853,848,846,843,21,19,20,21,5,2,3,2,-1,-1,0,1,1,2,3,4
960,956,946,944,13,14,15,13,4,10,2,-1,-1,2,0,1,3,1,2,4
1017,1012,1007,1007,20,19,20,18,5,5,0,1,-1,2,2,1,3,1,1,4
1010,1007,1003,1012,20,19,20,18,3,4,-9,1,-1,2,2,2,1,1,1,4
829,827,824,824,21,19,20,21,2,3,0,2,-1,-1,0,3,2,1,1,4
644,642,637,639,17,16,18,18,2,5,-2,1,-2,0,-1,2,1,1,2,4
1003,1010,1000,998,20,19,18,18,-7,10,2,1,1,0,2,1,2,2,1,4
960,958,953,951,13,14,15,13,2,5,2,-1,-1,2,0,1,2,2,1,4
911,907,904,904,14,14,15,13,4,3,0,0,-1,2,1,2,2,3,1,4
597,586,586,586,14,14,13,13,11,0,0,0,1,0,1,2,3,3,3,4
257,257,253,253,14,14,13,13,0,4,0,0,1,0,1,1,1,1,1,4
974,970,967,965,20,19,20,21,4,3,2,1,-1,-1,-1,1,1,2,1,4
876,874,876,878,18,19,18,19,2,-2,-2,-1,1,-1,-1,3,2,1,2,4
506,501,501,503,18,19,21,19,5,0,-2,-1,-2,2,-1,1,1,1,2,4
820,810,810,810,14,17,15,16,10,0,0,-3,2,-1,-2,3,3,1,3,4
344,342,342,344,20,19,20,18,2,0,-2,1,-1,2,2,2,1,1,2,4
389,342,342,342,20,16,18,18,47,0,0,4,-2,0,2,1,1,1,1,4
881,874,867,869,21,19,20,18,7,7,-2,2,-1,2,3,1,2,1,2,4
309,300,300,300,18,19,18,19,9,0,0,-1,1,-1,-1,1,1,1,1,4
637,635,623,625,13,14,15,13,2,12,-2,-1,-1,2,0,3,2,1,2,4
712,712,710,710,13,14,12,13,0,2,0,-1,2,-1,0,1,3,2,2,4
328,323,323,316,21,19,21,19,5,0,7,2,-2,2,2,1,1,1,2,4
318,318,318,318,18,19,18,19,0,0,0,-1,1,-1,-1,1,1,1,1,4
487,487,485,482,18,19,18,19,0,2,3,-1,1,-1,-1,1,1,2,1,4
271,267,262,262,18,19,18,18,4,5,0,-1,1,0,0,1,3,3,3,4
309,234,234,239,18,17,18,16,75,0,-5,1,-1,2,2,1,1,1,1,4
185,1075,1075,1075,14,14,13,13,-890,0,0,0,1,0,1,2,2,2,2,4
534,524,522,524,21,19,20,19,10,2,-2,2,-1,1,2,1,1,2,1,4
234,222,215,215,14,14,15,13,12,7,0,0,-1,2,1,3,2,3,1,4
679,674,674,672,20,19,18,18,5,0,2,1,1,0,2,3,3,1,2,4
574,567,567,567,14,14,13,13,7,0,0,0,1,0,1,2,1,1,1,4
981,979,977,979,13,14,12,13,2,2,-2,-1,2,-1,0,2,1,2,3,4
510,510,510,510,14,14,13,13,0,0,0,0,1,0,1,3,1,1,1,4
618,604,600,595,14,14,15,16,14,4,5,0,-1,-1,-2,3,3,3,1,4
886,878,881,881,21,19,20,19,8,-3,0,2,-1,1,2,1,2,1,3,4
478,473,473,473,13,14,12,13,5,0,0,-1,2,-1,0,1,1,1,1,4
989,984,979,979,13,14,15,13,5,5,0,-1,-1,2,0,3,3,1,1,4
806,796,796,796,14,17,15,16,10,0,0,-3,2,-1,-2,3,1,1,3,4
646,651,646,646,20,19,18,18,-5,5,0,1,1,0,2,1,1,1,1,4
323,318,316,316,21,19,21,21,5,2,0,2,-2,0,0,1,1,2,2,4
820,808,803,806,14,17,15,16,12,5,-3,-3,2,-1,-2,1,2,2,1,4
942,937,923,923,20,19,21,19,5,14,0,1,-2,2,1,3,1,1,1,4
295,293,290,290,18,19,18,19,2,3,0,-1,1,-1,-1,1,2,1,1,4
468,468,468,466,20,19,20,21,0,0,2,1,-1,-1,-1,3,1,1,2,4
1000,996,991,993,17,19,18,18,4,5,-2,-2,1,0,-1,2,2,2,1,4
257,255,250,255,14,19,15,16,2,5,-5,-5,4,-1,-2,3,2,2,2,4
998,993,993,993,13,14,12,13,5,0,0,-1,2,-1,0,1,1,1,1,4
831,824,824,820,14,14,13,13,7,0,4,0,1,0,1,2,3,1,1,4
1038,1031,1031,1031,17,19,18,18,7,0,0,-2,1,0,-1,2,1,3,1,4
853,850,848,846,18,19,18,18,3,2,2,-1,1,0,0,1,2,1,2,4
1007,1000,993,996,17,16,15,16,7,7,-3,1,1,-1,1,3,2,1,2,4
1029,1021,1021,1017,17,16,15,16,8,0,4,1,1,-1,1,2,1,1,1,4
998,993,993,996,13,14,15,16,5,0,-3,-1,-1,-1,-3,1,3,1,2,4
689,684,677,679,13,14,15,13,5,7,-2,-1,-1,2,0,1,3,2,1,4
820,808,801,803,14,14,15,16,12,7,-2,0,-1,-1,-2,1,2,3,2,4
1021,1017,1007,1007,13,14,15,13,4,10,0,-1,-1,2,0,3,3,3,1,4
389,384,384,379,20,19,20,18,5,0,5,1,-1,2,2,1,3,1,1,4
1029,1026,1024,1021,20,19,20,18,3,2,3,1,-1,2,2,2,1,2,1,4
496,496,494,492,18,17,18,16,0,2,2,1,-1,2,2,1,1,2,1,4
318,309,302,307,14,14,15,13,9,7,-5,0,-1,2,1,1,3,2,2,4
215,208,206,201,21,19,20,19,7,2,5,2,-1,1,2,1,2,1,1,4
752,750,745,745,17,16,15,16,2,5,0,1,1,-1,1,2,1,1,3,4
820,817,810,815,14,17,15,16,3,7,-5,-3,2,-1,-2,1,2,3,1,4
487,487,485,487,14,14,15,13,0,2,-2,0,-1,2,1,3,1,2,1,4
588,581,571,569,14,17,15,16,7,10,2,-3,2,-1,-2,2,3,1,2,4
574,581,576,576,14,14,13,13,-7,5,0,0,1,0,1,2,1,1,1,4
740,733,736,736,17,16,18,18,7,-3,0,1,-2,0,-1,1,2,1,1,4
886,888,886,883,21,19,20,21,-2,2,3,2,-1,-1,0,1,2,1,2,4
342,335,335,339,20,19,20,21,7,0,-4,1,-1,-1,-1,1,2,2,2,4
318,309,307,309,14,14,15,13,9,2,-2,0,-1,2,1,3,3,2,1,4
773,773,768,768,20,19,20,21,0,5,0,1,-1,-1,-1,1,1,1,1,4
1019,1017,1017,1017,17,16,15,16,2,0,0,1,1,-1,1,2,1,1,1,4
229,224,215,220,18,17,18,16,5,9,-5,1,-1,2,2,1,3,3,1,4
874,867,867,862,18,19,18,18,7,0,5,-1,1,0,0,2,3,3,1,4
461,457,454,457,13,14,12,13,4,3,-3,-1,2,-1,0,2,2,1,2,4
391,386,389,389,17,16,18,18,5,-3,0,1,-2,0,-1,2,2,3,1,4
794,792,782,787,14,17,15,16,2,10,-5,-3,2,-1,-2,2,3,1,1,4
436,431,428,428,20,19,18,18,5,3,0,1,1,0,2,1,3,2,2,4
323,314,316,314,14,17,15,16,9,-2,2,-3,2,-1,-2,1,1,2,1,4
553,555,546,553,14,14,15,13,-2,9,-7,0,-1,2,1,1,2,2,1,4
210,213,210,210,18,19,18,19,-3,3,0,-1,1,-1,-1,3,2,3,3,4
360,351,351,353,13,14,15,13,9,0,-2,-1,-1,2,0,1,3,1,2,4
595,597,593,590,14,14,15,13,-2,4,3,0,-1,2,1,3,2,2,1,4
241,236,236,236,18,17,18,18,5,0,0,1,-1,0,0,2,2,2,2,4
452,450,450,450,20,19,20,18,2,0,0,1,-1,2,2,2,3,1,1,4
257,257,253,255,21,19,20,21,0,4,-2,2,-1,-1,0,1,1,1,2,4
571,557,553,548,18,17,18,16,14,4,5,1,-1,2,2,1,3,1,3,4
187,1075,1078,1078,18,19,18,18,-888,-3,0,-1,1,0,0,1,2,1,1,4
646,646,642,642,13,16,15,16,0,4,0,-3,1,-1,-3,1,1,1,1,4
1050,1050,1045,1045,17,16,18,18,0,5,0,1,-2,0,-1,1,1,3,1,4
586,578,576,571,18,17,18,18,8,2,5,1,-1,0,0,1,2,1,1,4
796,789,785,782,14,14,13,13,7,4,3,0,1,0,1,3,2,2,1,4
231,229,224,224,14,17,15,16,2,5,0,-3,2,-1,-2,2,1,1,1,4
911,907,909,904,14,17,15,16,4,-2,5,-3,2,-1,-2,2,2,1,1,4
210,210,203,206,18,17,18,16,0,7,-3,1,-1,2,2,3,1,2,1,4
199,192,192,189,18,17,18,19,7,0,3,1,-1,-1,-1,2,1,1,2,4
590,590,586,590,18,19,20,19,0,4,-4,-1,-1,1,-1,1,1,3,1,4
925,921,909,909,14,17,15,16,4,12,0,-3,2,-1,-2,2,2,3,1,4
754,754,752,752,20,19,20,21,0,2,0,1,-1,-1,-1,3,1,2,2,4
639,635,637,639,13,14,12,13,4,-2,-2,-1,2,-1,0,2,2,3,2,4
487,478,475,473,18,16,18,16,9,3,2,2,-2,2,2,1,1,2,1,4
217,213,210,210,14,14,13,13,4,3,0,0,1,0,1,2,2,1,1,4
881,878,876,876,18,17,18,18,3,2,0,1,-1,0,0,1,2,1,3,4
517,520,520,517,21,19,20,21,-3,0,3,2,-1,-1,0,2,3,3,2,4
583,581,574,576,14,14,13,13,2,7,-2,0,1,0,1,2,3,2,1,4
970,967,970,965,13,16,15,16,3,-3,5,-3,1,-1,-3,1,2,3,1,4
717,712,712,710,17,16,15,16,5,0,2,1,1,-1,1,1,1,1,2,4
660,653,651,649,13,14,15,13,7,2,2,-1,-1,2,0,1,2,1,2,4
588,583,586,586,14,17,15,16,5,-3,0,-3,2,-1,-2,2,2,1,3,4
1019,1019,1012,1012,17,16,15,16,0,7,0,1,1,-1,1,2,2,3,1,4
1029,1024,1026,1026,20,19,20,18,5,-2,0,1,-1,2,2,2,2,1,1,4
246,243,243,241,14,14,15,13,3,0,2,0,-1,2,1,2,3,3,2,4
733,726,721,719,17,16,15,16,7,5,2,1,1,-1,1,2,3,1,2,4
199,185,182,187,14,14,13,13,14,3,-5,0,1,0,1,2,2,1,1,4
412,414,407,407,20,19,20,21,-2,7,0,1,-1,-1,-1,1,2,1,1,4
785,787,785,782,14,14,13,13,-2,2,3,0,1,0,1,2,3,2,1,4
593,593,588,595,18,17,18,19,0,5,-7,1,-1,-1,-1,2,2,2,1,4
998,1003,998,998,17,19,18,18,-5,5,0,-2,1,0,-1,1,1,3,1,4
822,824,820,817,18,19,18,19,-2,4,3,-1,1,-1,-1,2,1,1,2,4
360,356,349,351,13,14,12,13,4,7,-2,-1,2,-1,0,1,3,2,1,4
550,548,543,546,21,19,20,18,2,5,-3,2,-1,2,3,2,1,1,2,4
1054,1054,1050,1052,17,19,18,18,0,4,-2,-2,1,0,-1,1,3,1,2,4
227,217,208,215,14,14,13,13,10,9,-7,0,1,0,1,2,2,2,1,4
719,717,712,712,20,19,20,18,2,5,0,1,-1,2,2,2,1,1,1,4
210,203,206,206,21,19,20,21,7,-3,0,2,-1,-1,0,1,2,3,1,4
557,550,541,548,14,17,15,16,7,9,-7,-3,2,-1,-2,1,2,2,3,4
998,989,991,993,20,19,20,21,9,-2,-2,1,-1,-1,-1,1,3,2,1,4
356,356,351,356,13,14,15,13,0,5,-5,-1,-1,2,0,1,3,1,1,4
239,234,232,229,14,14,13,13,5,2,3,0,1,0,1,3,1,2,3,4
461,452,452,452,13,14,12,13,9,0,0,-1,2,-1,0,2,2,2,2,4
243,236,232,232,18,17,18,19,7,4,0,1,-1,-1,-1,1,2,2,2,4
550,546,543,543,14,17,15,16,4,3,0,-3,2,-1,-2,2,2,1,1,4
757,750,745,740,13,14,15,13,7,5,5,-1,-1,2,0,2,3,1,1,4
717,714,714,824,13,14,15,13,3,0,-110,-1,-1,2,0,1,2,2,1,4
993,993,991,989,13,14,15,13,0,2,2,-1,-1,2,0,1,3,2,1,4
981,982,977,979,20,19,20,18,-1,5,-2,1,-1,2,2,2,2,2,1,4
646,642,635,637,20,19,20,21,4,7,-2,1,-1,-1,-1,1,1,2,1,4
328,325,318,323,14,17,15,16,3,7,-5,-3,2,-1,-2,1,2,1,1,4
946,944,939,942,17,16,15,16,2,5,-3,1,1,-1,1,1,2,2,1,4
705,703,703,700,13,14,12,13,2,0,3,-1,2,-1,0,2,3,1,2,4
229,224,224,224,14,17,15,16,5,0,0,-3,2,-1,-2,1,1,1,3,4
426,426,419,421,20,19,20,21,0,7,-2,1,-1,-1,-1,1,1,2,3,4
536,532,529,529,18,17,18,19,4,3,0,1,-1,-1,-1,2,2,1,1,4
567,548,548,548,14,14,13,13,19,0,0,0,1,0,1,1,3,1,1,4
389,379,379,377,13,14,15,13,10,0,2,-1,-1,2,0,1,3,1,2,4
220,220,220,224,14,14,15,13,0,0,-4,0,-1,2,1,3,1,1,3,4
206,199,194,196,14,17,15,16,7,5,-2,-3,2,-1,-2,3,2,2,1,4
665,660,663,660,13,14,12,13,5,-3,3,-1,2,-1,0,1,3,2,3,4
501,496,496,496,18,19,18,19,5,0,0,-1,1,-1,-1,1,1,1,1,4
374,372,365,370,13,14,12,13,2,7,-5,-1,2,-1,0,1,2,1,1,4
553,555,548,548,14,19,15,16,-2,7,0,-5,4,-1,-2,3,2,1,1,4
377,374,372,374,17,19,18,18,3,2,-2,-2,1,0,-1,2,1,2,1,4
632,625,614,614,17,17,15,16,7,11,0,0,2,-1,1,1,2,1,1,4
360,360,356,353,17,16,18,18,0,4,3,1,-2,0,-1,1,1,1,2,4
443,445,445,443,17,16,18,16,-2,0,2,1,-2,2,1,2,1,1,2,4
1061,1050,1043,1045,17,19,18,18,11,7,-2,-2,1,0,-1,2,1,2,1,4
510,506,506,506,14,14,15,13,4,0,0,0,-1,2,1,3,3,1,1,4
185,1066,1059,1059,14,14,12,13,-881,7,0,0,2,-1,1,2,2,1,3,4
724,714,719,717,13,14,12,13,10,-5,2,-1,2,-1,0,2,2,2,1,4
850,850,850,848,14,17,15,16,0,0,2,-3,2,-1,-2,2,2,2,1,4
754,752,754,761,20,19,20,21,2,-2,-7,1,-1,-1,-1,1,2,1,2,4
813,810,806,799,18,19,18,19,3,4,7,-1,1,-1,-1,2,1,1,2,4
471,464,457,459,17,16,18,18,7,7,-2,1,-2,0,-1,2,1,2,1,4
269,260,257,262,21,19,20,21,9,3,-5,2,-1,-1,0,2,2,1,3,4
1068,1059,1057,1059,13,14,15,13,9,2,-2,-1,-1,2,0,3,3,2,1,4
539,539,536,539,14,17,15,16,0,3,-3,-3,2,-1,-2,3,1,2,1,4
609,600,604,602,14,14,13,13,9,-4,2,0,1,0,1,1,3,3,2,4
1071,1073,1075,1075,13,14,15,13,-2,-2,0,-1,-1,2,0,2,3,2,2,4
358,353,346,346,13,14,15,13,5,7,0,-1,-1,2,0,2,2,1,3,4
478,475,475,473,13,14,15,13,3,0,2,-1,-1,2,0,1,2,2,1,4
904,904,904,907,21,19,20,19,0,0,-3,2,-1,1,2,3,1,1,2,4
224,227,220,222,18,17,18,19,-3,7,-2,1,-1,-1,-1,3,2,1,2,4
1057,1054,1052,1052,17,19,18,18,3,2,0,-2,1,0,-1,2,1,2,2,4
579,567,571,564,18,19,18,18,12,-4,7,-1,1,0,0,2,1,3,2,4
196,196,194,192,18,17,18,19,0,2,2,1,-1,-1,-1,1,1,2,1,4
867,860,862,860,14,14,15,13,7,-2,2,0,-1,2,1,1,2,1,2,4
993,984,989,989,17,16,18,16,9,-5,0,1,-2,2,1,3,1,1,3,4
290,286,283,281,21,19,20,21,4,3,2,2,-1,-1,0,1,1,2,1,4
900,883,881,881,14,14,15,13,17,2,0,0,-1,2,1,1,2,3,1,4
893,890,890,897,14,17,15,16,3,0,-7,-3,2,-1,-2,2,3,1,2,4
618,614,604,604,18,19,18,19,4,10,0,-1,1,-1,-1,1,1,3,1,4
904,900,900,902,14,14,15,13,4,0,-2,0,-1,2,1,1,3,1,2,4
960,953,956,956,13,14,12,13,7,-3,0,-1,2,-1,0,3,2,1,1,4
360,360,356,358,13,14,15,13,0,4,-2,-1,-1,2,0,1,3,1,2,4
389,379,377,379,17,16,15,16,10,2,-2,1,1,-1,1,1,3,2,1,4
698,703,700,707,20,19,20,18,-5,3,-7,1,-1,2,2,1,1,2,1,4
220,220,215,215,18,17,18,16,0,5,0,1,-1,2,2,1,3,1,1,4
560,557,555,555,18,17,18,16,3,2,0,1,-1,2,2,2,3,2,2,4
925,925,923,923,21,19,21,19,0,2,0,2,-2,2,2,2,2,1,3,4
731,731,728,733,13,14,12,13,0,3,-5,-1,2,-1,0,3,1,2,2,4
958,960,960,960,20,19,20,21,-2,0,0,1,-1,-1,-1,2,3,1,1,4
796,787,782,782,14,14,15,13,9,5,0,0,-1,2,1,3,3,1,1,4
217,213,217,215,14,14,13,13,4,-4,2,0,1,0,1,2,2,2,3,4
810,803,801,801,18,19,18,19,7,2,0,-1,1,-1,-1,3,2,1,1,4
524,522,520,524,14,14,13,13,2,2,-4,0,1,0,1,1,2,1,1,4
389,386,391,396,13,14,12,13,3,-5,-5,-1,2,-1,0,1,2,2,2,4
611,611,609,614,18,19,18,19,0,2,-5,-1,1,-1,-1,2,2,1,1,4
1043,1040,1036,1036,20,19,20,18,3,4,0,1,-1,2,2,2,3,1,1,4
719,710,719,719,17,16,18,18,9,-9,0,1,-2,0,-1,2,2,2,2,4
958,965,963,960,13,14,15,16,-7,2,3,-1,-1,-1,-3,2,3,2,1,4
234,232,224,229,21,19,20,21,2,8,-5,2,-1,-1,0,1,2,1,1,4
482,475,489,475,14,14,13,13,7,-14,14,0,1,0,1,1,2,2,2,4
576,571,548,564,18,19,18,18,5,23,-16,-1,1,0,0,1,3,3,2,4
370,365,356,358,17,16,18,16,5,9,-2,1,-2,2,1,1,1,3,2,4
667,665,660,660,17,16,15,16,2,5,0,1,1,-1,1,2,1,1,1,4
649,644,639,651,13,14,12,13,5,5,-12,-1,2,-1,0,2,2,2,1,4
271,274,264,267,18,17,18,18,-3,10,-3,1,-1,0,0,1,2,2,1,4
846,839,834,834,14,14,15,13,7,5,0,0,-1,2,1,2,3,1,1,4
747,747,743,743,13,14,12,13,0,4,0,-1,2,-1,0,2,2,2,2,4
391,391,431,450,13,14,12,13,0,-40,-19,-1,2,-1,0,2,2,1,1,4
600,581,571,571,14,14,15,13,19,10,0,0,-1,2,1,3,3,1,3,4
571,569,564,564,21,19,20,18,2,5,0,2,-1,2,3,1,2,2,2,4
651,651,644,642,20,19,20,18,0,7,2,1,-1,2,2,1,3,2,1,4
513,506,501,501,14,14,13,13,7,5,0,0,1,0,1,2,1,1,1,4
293,288,286,281,18,17,18,19,5,2,5,1,-1,-1,-1,2,2,1,1,4
602,595,593,593,14,17,15,16,7,2,0,-3,2,-1,-2,2,1,2,2,4
485,487,482,487,14,14,13,13,-2,5,-5,0,1,0,1,2,1,1,1,4
206,203,201,201,18,17,18,16,3,2,0,1,-1,2,2,1,2,1,3,4
900,895,890,890,18,17,18,19,5,5,0,1,-1,-1,-1,1,1,1,1,4
731,726,726,731,17,16,18,18,5,0,-5,1,-2,0,-1,1,1,1,1,4
452,447,450,447,20,19,20,21,5,-3,3,1,-1,-1,-1,2,2,3,2,4
257,260,264,262,21,19,20,21,-3,-4,2,2,-1,-1,0,1,2,2,1,4
262,260,257,255,21,19,20,21,2,3,2,2,-1,-1,0,1,2,1,2,4
283,276,276,276,14,17,15,16,7,0,0,-3,2,-1,-2,2,3,1,1,4
555,543,543,543,14,14,15,13,12,0,0,0,-1,2,1,2,1,1,1,4
386,384,384,379,20,19,20,18,2,0,5,1,-1,2,2,2,1,1,1,4
677,674,670,665,20,19,18,18,3,4,5,1,1,0,2,2,3,1,1,4
928,923,923,928,18,17,18,16,5,0,-5,1,-1,2,2,1,1,1,1,4
447,436,436,440,13,14,12,13,11,0,-4,-1,2,-1,0,2,1,1,1,4
670,670,665,670,13,14,12,13,0,5,-5,-1,2,-1,0,3,3,3,1,4
986,984,984,982,13,14,15,13,2,0,2,-1,-1,2,0,2,3,1,2,4
911,914,907,909,14,17,15,16,-3,7,-2,-3,2,-1,-2,2,1,2,1,4
956,949,949,946,13,14,12,13,7,0,3,-1,2,-1,0,3,2,2,3,4
829,824,822,820,18,17,18,19,5,2,2,1,-1,-1,-1,1,1,2,3,4
719,719,724,726,20,19,20,18,0,-5,-2,1,-1,2,2,2,2,2,1,4
342,335,335,339,13,14,13,13,7,0,-4,-1,1,0,0,3,2,2,2,4
257,250,248,248,14,17,15,16,7,2,0,-3,2,-1,-2,1,2,1,1,4
208,201,201,201,14,14,15,13,7,0,0,0,-1,2,1,2,3,1,1,4
337,337,339,335,13,14,12,13,0,-2,4,-1,2,-1,0,1,1,2,2,4
297,290,286,288,21,19,20,21,7,4,-2,2,-1,-1,0,2,1,3,2,4
508,508,506,503,14,17,15,16,0,2,3,-3,2,-1,-2,2,2,1,2,4
729,719,717,719,13,14,12,13,10,2,-2,-1,2,-1,0,2,2,1,2,4
843,843,836,839,18,17,18,18,0,7,-3,1,-1,0,0,1,3,2,3,4
501,499,494,487,14,14,13,13,2,5,7,0,1,0,1,3,2,2,1,4
293,288,286,286,18,17,18,19,5,2,0,1,-1,-1,-1,2,2,1,1,4
867,867,862,862,18,17,18,16,0,5,0,1,-1,2,2,3,1,1,1,4
407,410,405,407,20,19,23,18,-3,5,-2,1,-4,5,2,3,2,2,1,4
829,820,822,820,14,14,15,13,9,-2,2,0,-1,2,1,1,3,2,1,4
478,478,471,478,20,19,20,18,0,7,-7,1,-1,2,2,1,1,2,1,4
733,736,736,736,20,19,20,21,-3,0,0,1,-1,-1,-1,2,1,1,1,4
609,609,604,604,14,17,15,16,0,5,0,-3,2,-1,-2,1,1,1,1,4
201,201,196,201,18,19,21,19,0,5,-5,-1,-2,2,-1,3,3,1,1,4
946,946,946,949,17,16,18,18,0,0,-3,1,-2,0,-1,1,1,1,2,4
721,768,764,764,13,14,12,13,-47,4,0,-1,2,-1,0,3,3,1,1,4
440,436,436,436,17,16,18,16,4,0,0,1,-2,2,1,3,3,3,1,4
670,663,658,656,13,14,15,13,7,5,2,-1,-1,2,0,3,2,2,1,4
445,443,436,438,20,19,20,18,2,7,-2,1,-1,2,2,1,2,3,2,4
206,208,201,203,21,19,21,21,-2,7,-2,2,-2,0,0,1,2,1,2,4
185,189,1078,1075,18,19,18,18,-4,-889,3,-1,1,0,0,2,2,1,2,4
1017,1017,1017,1012,17,16,18,16,0,0,5,1,-2,2,1,1,3,1,1,4
787,775,768,775,14,14,12,13,12,7,-7,0,2,-1,1,3,2,3,2,4
515,506,508,508,18,17,18,19,9,-2,0,1,-1,-1,-1,1,1,2,2,4
360,356,360,365,20,19,20,18,4,-4,-5,1,-1,2,2,1,3,1,1,4
182,1075,1078,1078,21,19,20,21,-893,-3,0,2,-1,-1,0,1,2,1,1,4
900,895,895,893,21,19,20,21,5,0,2,2,-1,-1,0,1,1,1,2,4
672,672,672,672,20,19,18,18,0,0,0,1,1,0,2,2,2,2,2,4
576,571,574,571,14,17,15,16,5,-3,3,-3,2,-1,-2,3,1,2,1,4
452,445,447,447,17,16,15,16,7,-2,0,1,1,-1,1,2,1,2,2,4
925,921,923,923,18,19,18,19,4,-2,0,-1,1,-1,-1,2,2,1,1,4
307,276,281,276,14,17,15,16,31,-5,5,-3,2,-1,-2,2,1,1,1,4
187,1078,1073,1073,18,19,18,18,-891,5,0,-1,1,0,0,1,1,3,1,4
199,194,192,192,14,17,15,16,5,2,0,-3,2,-1,-2,2,2,1,1,4
485,475,468,473,14,14,15,16,10,7,-5,0,-1,-1,-2,2,2,3,1,4
595,590,586,586,18,19,18,19,5,4,0,-1,1,-1,-1,3,1,1,1,4
628,621,618,618,14,14,15,16,7,3,0,0,-1,-1,-2,1,2,1,3,4
1019,1010,1003,1010,13,14,15,13,9,7,-7,-1,-1,2,0,2,2,3,2,4
998,996,996,998,20,19,20,21,2,0,-2,1,-1,-1,-1,1,2,2,1,4
224,220,224,222,14,17,15,16,4,-4,2,-3,2,-1,-2,1,1,1,2,4
234,229,229,224,18,19,18,19,5,0,5,-1,1,-1,-1,3,3,1,3,4
766,759,752,752,13,14,12,13,7,7,0,-1,2,-1,0,2,1,2,2,4
909,902,900,895,18,17,18,16,7,2,5,1,-1,2,2,1,2,1,1,4
581,574,569,571,14,14,13,13,7,5,-2,0,1,0,1,1,2,2,3,4
888,878,881,878,18,17,18,19,10,-3,3,1,-1,-1,-1,2,2,1,2,4
433,431,428,431,13,14,15,13,2,3,-3,-1,-1,2,0,2,1,2,3,4
970,965,960,960,17,19,18,18,5,5,0,-2,1,0,-1,3,3,3,1,4
562,557,553,557,14,14,13,13,5,4,-4,0,1,0,1,1,1,3,3,4
398,396,393,393,20,19,18,18,2,3,0,1,1,0,2,3,2,3,1,4
286,286,283,281,14,17,15,16,0,3,2,-3,2,-1,-2,1,1,2,1,4
227,222,220,217,14,14,15,13,5,2,3,0,-1,2,1,2,2,1,2,4
794,796,794,796,14,14,13,13,-2,2,-2,0,1,0,1,2,1,2,1,4
674,670,670,665,20,19,20,21,4,0,5,1,-1,-1,-1,1,1,3,1,4
944,937,937,937,17,16,15,16,7,0,0,1,1,-1,1,2,3,1,1,4
199,1066,1071,1075,14,14,15,13,-867,-5,-4,0,-1,2,1,2,2,2,2,4
843,836,834,832,18,17,18,19,7,2,2,1,-1,-1,-1,1,2,3,2,4
981,979,977,979,17,16,15,16,2,2,-2,1,1,-1,1,2,1,2,1,4
609,600,595,595,18,19,18,19,9,5,0,-1,1,-1,-1,3,1,3,1,4
815,803,806,808,21,19,20,21,12,-3,-2,2,-1,-1,0,1,2,1,2,4
623,614,621,618,18,19,18,19,9,-7,3,-1,1,-1,-1,1,1,2,1,4
946,944,937,937,20,19,18,18,2,7,0,1,1,0,2,1,2,3,3,4
579,576,567,567,18,17,18,16,3,9,0,1,-1,2,2,2,1,3,1,4
801,794,785,782,18,17,18,19,7,9,3,1,-1,-1,-1,3,2,2,1,4
740,740,740,738,17,16,18,18,0,0,2,1,-2,0,-1,1,1,1,2,4
794,785,787,785,14,14,15,16,9,-2,2,0,-1,-1,-2,2,2,1,2,4
827,822,820,817,21,19,20,21,5,2,3,2,-1,-1,0,2,2,1,2,4
796,796,792,794,18,19,18,19,0,4,-2,-1,1,-1,-1,3,3,1,2,4
939,937,928,925,13,14,13,13,2,9,3,-1,1,0,0,2,1,1,2,4
210,210,208,210,14,14,13,13,0,2,-2,0,1,0,1,1,1,2,1,4
513,508,503,501,14,14,13,13,5,5,2,0,1,0,1,2,2,2,1,4
808,799,789,789,14,17,15,16,9,10,0,-3,2,-1,-2,2,2,2,2,4
583,581,576,574,18,17,18,16,2,5,2,1,-1,2,2,2,1,1,2,4
729,721,721,721,20,19,20,21,8,0,0,1,-1,-1,-1,2,1,3,1,4
248,246,239,239,14,17,15,16,2,7,0,-3,2,-1,-2,3,2,1,1,4
989,984,984,979,17,19,18,18,5,0,5,-2,1,0,-1,1,1,1,3,4
201,201,196,192,18,19,18,19,0,5,4,-1,1,-1,-1,3,1,1,1,4
935,925,923,925,13,14,15,13,10,2,-2,-1,-1,2,0,2,2,3,2,4
740,733,731,731,20,19,20,21,7,2,0,1,-1,-1,-1,1,2,1,1,4
264,257,250,253,14,17,15,16,7,7,-3,-3,2,-1,-2,2,1,2,3,4
222,220,217,220,18,19,20,19,2,3,-3,-1,-1,1,-1,2,1,2,1,4
349,339,335,337,13,14,13,13,10,4,-2,-1,1,0,0,2,2,2,1,4
246,243,239,239,18,19,18,18,3,4,0,-1,1,0,0,2,1,1,1,4
890,878,874,876,14,14,13,13,12,4,-2,0,1,0,1,1,2,2,3,4
543,529,522,522,14,14,13,13,14,7,0,0,1,0,1,1,1,2,2,4
775,775,764,768,13,14,12,13,0,11,-4,-1,2,-1,0,2,2,1,1,4
918,909,909,909,14,17,15,16,9,0,0,-3,2,-1,-2,1,1,1,1,4
1014,1010,1012,1007,20,19,18,18,4,-2,5,1,1,0,2,2,2,1,1,4
199,187,185,187,18,17,15,16,12,2,-2,1,2,-1,2,2,3,2,3,4
344,346,342,339,20,19,18,18,-2,4,3,1,1,0,2,2,3,1,2,4
316,304,300,295,14,14,15,13,12,4,5,0,-1,2,1,2,3,3,1,4
187,182,1078,192,18,17,18,16,5,-896,886,1,-1,2,2,1,1,1,1,4
567,562,557,560,18,19,18,18,5,5,-3,-1,1,0,0,1,1,3,2,4
820,813,808,810,14,17,15,16,7,5,-2,-3,2,-1,-2,1,2,2,1,4
703,700,703,703,20,19,18,18,3,-3,0,1,1,0,2,3,2,1,3,4
717,714,712,712,20,19,18,18,3,2,0,1,1,0,2,3,2,1,1,4
574,571,571,569,18,17,18,18,3,0,2,1,-1,0,0,2,1,1,2,4
210,201,203,201,14,14,15,16,9,-2,2,0,-1,-1,-2,1,1,2,1,4
478,475,473,478,17,16,18,16,3,2,-5,1,-2,2,1,1,2,1,1,4
318,314,309,309,14,14,13,13,4,5,0,0,1,0,1,1,1,1,1,4
921,914,911,916,14,14,13,13,7,3,-5,0,1,0,1,2,1,2,2,4
717,719,712,717,17,19,18,18,-2,7,-5,-2,1,0,-1,1,2,3,1,4
349,344,344,346,17,19,18,18,5,0,-2,-2,1,0,-1,2,2,2,3,4
810,815,810,810,14,17,15,16,-5,5,0,-3,2,-1,-2,1,3,1,3,4
295,288,290,290,18,17,18,16,7,-2,0,1,-1,2,2,1,2,1,1,4
400,403,400,407,17,16,15,16,-3,3,-7,1,1,-1,1,2,3,2,3,4
1068,1064,1064,1064,13,14,15,13,4,0,0,-1,-1,2,0,3,3,1,3,4
607,597,590,590,14,14,15,13,10,7,0,0,-1,2,1,2,2,1,1,4
848,843,843,841,14,14,13,13,5,0,2,0,1,0,1,3,1,1,2,4
939,937,932,928,20,19,20,19,2,5,4,1,-1,1,1,2,1,1,1,4
974,972,970,963,13,14,15,13,2,2,7,-1,-1,2,0,3,2,1,2,4
438,436,438,440,17,16,18,16,2,-2,-2,1,-2,2,1,2,1,2,1,4
745,743,738,736,20,19,18,18,2,5,2,1,1,0,2,3,2,2,1,4
482,461,466,466,18,19,18,18,21,-5,0,-1,1,0,0,1,2,2,2,4
487,475,473,468,18,19,18,18,12,2,5,-1,1,0,0,1,2,1,1,4
506,499,494,494,18,17,18,16,7,5,0,1,-1,2,2,1,2,2,2,4
496,492,489,489,14,14,13,13,4,3,0,0,1,0,1,1,1,2,2,4
1043,1036,1036,1036,13,14,12,13,7,0,0,-1,2,-1,0,2,3,1,1,4
839,836,839,839,18,19,18,18,3,-3,0,-1,1,0,0,3,2,1,1,4
768,764,764,764,20,19,20,21,4,0,0,1,-1,-1,-1,3,1,1,1,4
271,271,262,264,14,14,15,16,0,9,-2,0,-1,-1,-2,3,1,1,2,4
1047,1043,1045,1040,17,16,15,16,4,-2,5,1,1,-1,1,2,2,1,1,4
733,724,724,728,13,14,15,13,9,0,-4,-1,-1,2,0,2,2,2,2,4
541,536,529,532,18,19,18,19,5,7,-3,-1,1,-1,-1,2,2,1,2,4
935,925,928,928,20,19,18,19,10,-3,0,1,1,-1,1,2,2,1,1,4
297,293,290,293,14,17,15,16,4,3,-3,-3,2,-1,-2,2,2,1,2,4
224,220,215,220,21,19,20,19,4,5,-5,2,-1,1,2,1,3,1,3,4
611,604,604,607,14,17,15,16,7,0,-3,-3,2,-1,-2,2,1,3,2,4
527,524,522,524,18,17,18,19,3,2,-2,1,-1,-1,-1,2,1,2,3,4
937,937,935,932,13,14,15,13,0,2,3,-1,-1,2,0,3,3,2,1,4
1054,1054,1054,1054,17,16,18,18,0,0,0,1,-2,0,-1,1,3,3,1,4
965,960,960,963,13,14,12,13,5,0,-3,-1,2,-1,0,1,3,1,2,4
424,419,417,417,17,16,18,16,5,2,0,1,-2,2,1,2,2,1,1,4
658,656,653,656,20,19,20,18,2,3,-3,1,-1,2,2,2,1,2,1,4
660,660,663,660,13,14,12,13,0,-3,3,-1,2,-1,0,1,3,2,1,4
829,829,824,829,14,14,15,13,0,5,-5,0,-1,2,1,1,3,1,1,4
712,705,705,705,17,19,18,16,7,0,0,-2,1,2,1,1,2,2,2,4
356,337,335,335,17,16,15,16,19,2,0,1,1,-1,1,1,1,2,2,4
440,440,436,436,13,16,15,16,0,4,0,-3,1,-1,-3,3,1,1,1,4
656,651,651,649,17,16,15,16,5,0,2,1,1,-1,1,1,1,1,2,4
332,325,328,325,20,19,21,21,7,-3,3,1,-2,0,-1,1,2,1,2,4
548,534,539,539,18,19,18,18,14,-5,0,-1,1,0,0,1,3,1,1,4
445,443,445,445,13,14,12,13,2,-2,0,-1,2,-1,0,3,2,3,1,4
457,457,452,454,17,16,18,18,0,5,-2,1,-2,0,-1,2,2,2,1,4
363,358,358,356,13,14,15,13,5,0,2,-1,-1,2,0,2,2,2,3,4
628,618,616,618,18,17,18,19,10,2,-2,1,-1,-1,-1,1,1,2,1,4
586,581,576,576,14,17,15,16,5,5,0,-3,2,-1,-2,1,3,1,1,4
993,993,989,989,17,16,18,18,0,4,0,1,-2,0,-1,3,1,1,1,4
351,351,346,349,13,14,12,13,0,5,-3,-1,2,-1,0,1,3,3,2,4
229,220,220,222,18,17,18,19,9,0,-2,1,-1,-1,-1,1,3,3,2,4
611,604,604,607,14,14,13,13,7,0,-3,0,1,0,1,2,3,1,2,4
775,778,773,773,17,19,18,18,-3,5,0,-2,1,0,-1,2,1,3,1,4
820,820,817,810,18,19,18,19,0,3,7,-1,1,-1,-1,3,1,2,1,4
642,637,637,637,17,16,18,16,5,0,0,1,-2,2,1,1,1,1,1,4
571,569,569,567,14,14,13,13,2,0,2,0,1,0,1,1,2,2,3,4
485,482,478,478,14,17,15,16,3,4,0,-3,2,-1,-2,2,1,1,1,4
182,1043,1040,1040,18,16,18,18,-861,3,0,2,-2,0,0,1,2,3,1,4
316,311,314,316,21,19,21,21,5,-3,-2,2,-2,0,0,2,2,3,2,4
752,754,747,747,13,14,12,13,-2,7,0,-1,2,-1,0,2,3,2,2,4
895,886,883,876,18,17,18,18,9,3,7,1,-1,0,0,3,1,2,3,4
300,290,286,283,14,14,15,16,10,4,3,0,-1,-1,-2,1,3,1,2,4
492,487,482,482,21,19,21,21,5,5,0,2,-2,0,0,1,1,1,1,4
935,932,928,928,13,16,15,16,3,4,0,-3,1,-1,-3,2,1,1,1,4
993,991,989,986,20,19,20,21,2,2,3,1,-1,-1,-1,3,2,1,2,4
581,586,578,576,21,19,20,21,-5,8,2,2,-1,-1,0,1,3,2,1,4
274,267,260,260,14,14,13,13,7,7,0,0,1,0,1,2,3,2,2,4
1026,1026,1026,1026,20,19,20,18,0,0,0,1,-1,2,2,3,1,1,1,4
726,719,717,721,13,14,12,13,7,2,-4,-1,2,-1,0,3,2,1,3,4
965,965,970,965,17,16,15,16,0,-5,5,1,1,-1,1,1,1,3,1,4
546,543,539,541,18,17,18,16,3,4,-2,1,-1,2,2,2,1,1,2,4
283,269,271,274,14,14,13,13,14,-2,-3,0,1,0,1,2,2,1,2,4
391,386,382,384,13,14,12,13,5,4,-2,-1,2,-1,0,2,2,2,1,4
524,520,513,515,21,19,20,19,4,7,-2,2,-1,1,2,3,1,2,1,4
667,663,660,660,17,19,18,18,4,3,0,-2,1,0,-1,2,2,3,1,4
241,224,224,220,14,17,15,16,17,0,4,-3,2,-1,-2,2,3,3,1,4
403,396,393,393,13,14,15,13,7,3,0,-1,-1,2,0,3,2,1,3,4
231,222,222,229,21,19,20,19,9,0,-7,2,-1,1,2,2,2,2,1,4
724,714,712,712,13,14,12,13,10,2,0,-1,2,-1,0,2,2,1,1,4
316,314,309,311,14,17,15,16,2,5,-2,-3,2,-1,-2,2,3,1,2,4
815,806,806,803,18,17,18,16,9,0,3,1,-1,2,2,1,3,1,2,4
935,935,928,928,13,14,15,13,0,7,0,-1,-1,2,0,2,2,1,1,4
531,532,524,529,18,19,18,19,-1,8,-5,-1,1,-1,-1,2,2,3,1,4
445,443,440,443,13,14,12,13,2,3,-3,-1,2,-1,0,3,2,1,2,4
848,850,843,848,18,17,18,18,-2,7,-5,1,-1,0,0,3,2,1,1,4
846,841,843,846,21,19,20,21,5,-2,-3,2,-1,-1,0,2,2,1,2,4
295,290,288,288,21,19,20,21,5,2,0,2,-1,-1,0,1,1,2,2,4
187,185,185,189,14,14,15,13,2,0,-4,0,-1,2,1,1,2,2,2,4
436,433,431,428,13,14,12,13,3,2,3,-1,2,-1,0,3,2,1,2,4
597,590,595,597,18,17,18,16,7,-5,-2,1,-1,2,2,2,3,1,2,4
1078,1075,1073,1073,20,19,18,18,3,2,0,1,1,0,2,1,2,1,1,4
935,925,918,918,13,14,13,13,10,7,0,-1,1,0,0,2,2,1,1,4
586,574,569,569,14,17,15,16,12,5,0,-3,2,-1,-2,1,2,2,2,4
902,881,876,878,14,14,15,13,21,5,-2,0,-1,2,1,2,1,1,2,4
236,229,227,229,18,17,18,16,7,2,-2,1,-1,2,2,2,1,2,1,4
513,513,510,515,18,19,20,19,0,3,-5,-1,-1,1,-1,2,2,1,1,4
304,297,300,297,21,19,20,21,7,-3,3,2,-1,-1,0,3,2,1,2,4
215,213,206,203,21,19,20,21,2,7,3,2,-1,-1,0,3,2,1,2,4
332,323,328,328,20,19,21,19,9,-5,0,1,-2,2,1,1,3,1,1,4
778,773,773,773,13,14,15,16,5,0,0,-1,-1,-1,-3,1,1,3,1,4
967,967,963,965,17,16,15,16,0,4,-2,1,1,-1,1,2,2,2,3,4
890,881,876,878,18,19,18,19,9,5,-2,-1,1,-1,-1,1,3,1,2,4
808,803,796,803,18,17,18,19,5,7,-7,1,-1,-1,-1,2,2,1,2,4
196,187,185,189,18,19,18,19,9,2,-4,-1,1,-1,-1,1,1,2,2,4
543,536,539,536,14,17,15,16,7,-3,3,-3,2,-1,-2,3,2,3,2,4
712,712,712,710,17,16,15,16,0,0,2,1,1,-1,1,3,3,1,2,4
586,590,588,588,14,14,15,13,-4,2,0,0,-1,2,1,3,3,2,2,4
1054,1047,1045,1043,17,16,18,18,7,2,2,1,-2,0,-1,3,2,1,2,4
182,1059,1064,1059,14,16,15,16,-877,-5,5,-2,1,-1,-2,1,1,3,1,4
367,370,365,365,13,14,12,13,-3,5,0,-1,2,-1,0,2,3,1,3,4
309,302,300,304,14,14,15,13,7,2,-4,0,-1,2,1,1,2,1,1,4
571,567,567,564,21,19,20,21,4,0,3,2,-1,-1,0,1,3,1,2,4
1019,1017,1017,1017,20,19,20,21,2,0,0,1,-1,-1,-1,2,1,1,1,4
705,703,703,703,13,14,12,13,2,0,0,-1,2,-1,0,2,1,1,1,4
264,267,262,262,18,19,18,18,-3,5,0,-1,1,0,0,2,1,1,1,4
782,773,768,773,18,16,18,18,9,5,-5,2,-2,0,0,1,3,3,1,4
414,405,403,403,13,14,15,13,9,2,0,-1,-1,2,0,2,2,1,1,4
342,342,342,342,17,16,18,18,0,0,0,1,-2,0,-1,1,1,1,1,4
824,824,822,820,14,17,15,16,0,2,2,-3,2,-1,-2,1,1,2,1,4
1071,1064,1064,1064,20,19,18,18,7,0,0,1,1,0,2,2,1,1,3,4
733,731,726,726,13,14,15,13,2,5,0,-1,-1,2,0,2,1,1,3,4
381,384,377,377,17,16,18,16,-3,7,0,1,-2,2,1,2,1,2,2,4
888,881,878,881,21,19,20,21,7,3,-3,2,-1,-1,0,2,1,2,3,4
478,471,464,459,20,19,18,18,7,7,5,1,1,0,2,1,2,3,1,4
895,890,893,890,18,17,18,16,5,-3,3,1,-1,2,2,1,3,2,1,4
1043,1031,1038,1043,13,14,12,13,12,-7,-5,-1,2,-1,0,2,1,2,2,4
426,421,421,419,13,14,15,13,5,0,2,-1,-1,2,0,1,3,1,2,4
276,276,276,274,18,17,18,18,0,0,2,1,-1,0,0,3,1,1,2,4
1073,1068,1071,1068,17,16,15,16,5,-3,3,1,1,-1,1,1,1,2,1,4
925,914,914,914,14,14,15,13,11,0,0,0,-1,2,1,2,3,1,1,4
248,243,243,241,14,14,15,13,5,0,2,0,-1,2,1,1,3,3,2,4
815,810,806,806,18,17,18,16,5,4,0,1,-1,2,2,3,1,3,1,4
860,857,857,855,18,19,18,21,3,0,2,-1,1,-3,-3,2,1,1,2,4
419,412,417,421,13,14,12,13,7,-5,-4,-1,2,-1,0,2,3,1,1,4
956,951,946,956,13,16,15,16,5,5,-10,-3,1,-1,-3,1,1,1,1,4
953,960,956,953,13,16,15,16,-7,4,3,-3,1,-1,-3,2,3,3,2,4
384,384,379,372,17,16,18,18,0,5,7,1,-2,0,-1,1,1,1,2,4
1033,1031,1036,1026,13,14,15,13,2,-5,10,-1,-1,2,0,2,3,1,1,4
879,878,878,876,14,17,15,16,1,0,2,-3,2,-1,-2,2,2,2,1,4
304,295,295,300,21,19,20,21,9,0,-5,2,-1,-1,0,3,1,1,1,4
649,644,646,646,13,14,15,13,5,-2,0,-1,-1,2,0,2,2,1,1,4
508,499,492,492,14,17,15,16,9,7,0,-3,2,-1,-2,2,2,1,3,4
824,820,817,820,21,19,20,19,4,3,-3,2,-1,1,2,1,1,2,1,4
1012,1007,1010,1012,17,16,18,18,5,-3,-2,1,-2,0,-1,1,1,2,1,4
813,806,806,806,14,14,13,13,7,0,0,0,1,0,1,2,3,1,1,4
300,295,286,293,14,14,13,13,5,9,-7,0,1,0,1,3,3,1,2,4
895,897,893,895,14,14,13,13,-2,4,-2,0,1,0,1,1,2,2,1,4
515,506,503,503,14,17,15,16,9,3,0,-3,2,-1,-2,1,3,2,2,4
431,424,419,419,13,14,12,13,7,5,0,-1,2,-1,0,3,2,2,2,4
796,787,782,782,14,14,13,13,9,5,0,0,1,0,1,1,3,1,1,4
492,487,487,487,21,19,21,21,5,0,0,2,-2,0,0,1,3,1,1,4
400,398,396,398,20,19,20,21,2,2,-2,1,-1,-1,-1,2,1,2,1,4
714,710,710,714,13,14,15,16,4,0,-4,-1,-1,-1,-3,2,2,2,2,4
839,834,829,827,14,14,13,13,5,5,2,0,1,0,1,1,3,1,2,4
1007,1005,1003,1003,13,14,15,16,2,2,0,-1,-1,-1,-3,3,2,1,3,4
337,325,328,325,13,14,15,13,12,-3,3,-1,-1,2,0,1,2,1,2,4
660,665,663,660,20,19,18,18,-5,2,3,1,1,0,2,1,1,2,1,4
787,778,778,771,18,16,18,16,9,0,7,2,-2,2,2,1,1,1,2,4
393,393,389,389,17,19,18,18,0,4,0,-2,1,0,-1,1,3,1,1,4
764,761,759,757,13,14,15,13,3,2,2,-1,-1,2,0,3,2,1,2,4
393,389,386,389,17,16,15,16,4,3,-3,1,1,-1,1,1,1,2,1,4
693,691,691,689,17,16,18,18,2,0,2,1,-2,0,-1,1,2,2,1,4
834,836,820,832,21,19,20,21,-2,16,-12,2,-1,-1,0,1,2,1,2,4
759,754,759,754,20,19,20,21,5,-5,5,1,-1,-1,-1,3,1,3,1,4
726,724,721,721,17,16,18,18,2,3,0,1,-2,0,-1,3,2,1,1,4
243,243,236,234,18,17,18,18,0,7,2,1,-1,0,0,3,3,2,1,4
972,970,963,963,13,14,15,13,2,7,0,-1,-1,2,0,2,1,2,2,4
693,689,689,684,20,19,20,21,4,0,5,1,-1,-1,-1,1,1,1,1,4
269,264,262,257,14,14,15,16,5,2,5,0,-1,-1,-2,2,2,1,1,4
698,698,696,693,20,19,20,18,0,2,3,1,-1,2,2,1,1,2,1,4
231,229,224,224,14,17,15,16,2,5,0,-3,2,-1,-2,2,1,1,1,4
222,222,220,217,21,19,20,21,0,2,3,2,-1,-1,0,2,2,1,2,4
773,768,768,768,20,19,20,18,5,0,0,1,-1,2,2,3,3,1,1,4
1003,996,989,991,13,14,15,13,7,7,-2,-1,-1,2,0,1,2,1,2,4
206,182,182,182,21,19,21,19,24,0,0,2,-2,2,2,1,1,1,1,4
438,424,424,428,13,14,12,13,14,0,-4,-1,2,-1,0,2,2,2,2,4
1005,1000,991,993,17,16,18,16,5,9,-2,1,-2,2,1,2,2,2,1,4
681,674,672,670,20,19,18,18,7,2,2,1,1,0,2,2,3,2,1,4
583,578,576,571,14,14,15,13,5,2,5,0,-1,2,1,2,2,1,1,4
196,192,189,192,18,19,18,19,4,3,-3,-1,1,-1,-1,1,1,2,1,4
557,541,536,546,14,17,15,16,16,5,-10,-3,2,-1,-2,3,2,2,2,4
974,970,967,965,20,19,18,18,4,3,2,1,1,0,2,3,3,2,1,4
1029,1024,1021,1021,13,14,12,13,5,3,0,-1,2,-1,0,2,2,1,1,4
623,616,604,609,14,14,15,13,7,12,-5,0,-1,2,1,3,2,1,1,4
262,253,257,257,14,17,15,16,9,-4,0,-3,2,-1,-2,1,3,1,3,4
436,431,431,431,17,16,18,18,5,0,0,1,-2,0,-1,1,3,1,1,4
796,785,782,782,18,17,18,19,11,3,0,1,-1,-1,-1,1,2,1,1,4
342,337,335,337,17,16,15,16,5,2,-2,1,1,-1,1,3,3,2,1,4
635,628,628,628,20,19,21,21,7,0,0,1,-2,0,-1,2,1,1,1,4
286,283,276,278,18,17,18,19,3,7,-2,1,-1,-1,-1,1,2,1,2,4
642,635,632,637,13,14,13,13,7,3,-5,-1,1,0,0,1,2,1,1,4
632,625,625,632,13,14,13,13,7,0,-7,-1,1,0,0,1,2,2,1,4
679,672,674,670,20,19,20,21,7,-2,4,1,-1,-1,-1,1,2,1,1,4
450,450,450,443,13,16,15,16,0,0,7,-3,1,-1,-3,1,3,3,2,4
607,609,609,607,18,19,18,19,-2,0,2,-1,1,-1,-1,2,1,3,2,4
297,286,278,302,14,14,15,13,11,8,-24,0,-1,2,1,2,1,2,2,4
234,227,227,227,18,17,18,16,7,0,0,1,-1,2,2,1,2,2,2,4
473,471,471,468,13,14,15,13,2,0,3,-1,-1,2,0,1,2,2,1,4
567,555,550,548,18,19,18,18,12,5,2,-1,1,0,0,3,2,2,1,4
192,187,185,187,14,14,15,13,5,2,-2,0,-1,2,1,1,3,2,1,4
381,377,379,374,17,16,15,16,4,-2,5,1,1,-1,1,2,2,3,3,4
337,337,328,328,13,14,15,13,0,9,0,-1,-1,2,0,3,1,1,1,4
965,963,960,958,13,14,15,13,2,3,2,-1,-1,2,0,3,2,1,2,4
707,705,700,703,17,19,15,16,2,5,-3,-2,4,-1,1,1,2,2,1,4
248,248,248,246,18,17,18,16,0,0,2,1,-1,2,2,3,1,3,2,4
843,843,841,843,18,17,18,18,0,2,-2,1,-1,0,0,3,1,2,1,4
192,185,185,192,18,17,18,19,7,0,-7,1,-1,-1,-1,3,2,2,1,4
421,417,389,414,13,14,15,13,4,28,-25,-1,-1,2,0,1,1,1,2,4
810,806,801,801,14,17,15,16,4,5,0,-3,2,-1,-2,3,1,3,1,4
900,893,888,888,18,17,18,16,7,5,0,1,-1,2,2,1,2,2,2,4
1045,1040,1038,1040,13,14,15,16,5,2,-2,-1,-1,-1,-3,1,3,2,1,4
487,482,482,482,14,17,15,16,5,0,0,-3,2,-1,-2,3,1,1,1,4
231,217,220,220,14,17,15,16,14,-3,0,-3,2,-1,-2,2,2,1,1,4
691,686,679,684,13,14,12,13,5,7,-5,-1,2,-1,0,2,2,3,1,4
452,450,450,445,17,16,18,18,2,0,5,1,-2,0,-1,2,1,1,3,4
557,557,550,553,14,14,13,13,0,7,-3,0,1,0,1,1,3,2,1,4
1068,1066,1057,1059,17,16,15,16,2,9,-2,1,1,-1,1,1,2,2,1,4
550,543,541,539,18,19,18,18,7,2,2,-1,1,0,0,2,3,2,1,4
271,269,262,262,18,17,18,16,2,7,0,1,-1,2,2,3,2,3,1,4
789,787,785,782,18,17,18,16,2,2,3,1,-1,2,2,2,3,2,1,4
522,515,513,510,14,14,13,13,7,2,3,0,1,0,1,2,3,2,3,4
1064,1057,1050,1054,13,14,15,13,7,7,-4,-1,-1,2,0,1,2,1,1,4
517,515,517,517,18,19,18,19,2,-2,0,-1,1,-1,-1,2,1,2,2,4
314,229,227,224,14,17,15,16,85,2,3,-3,2,-1,-2,1,1,2,1,4
881,871,876,881,14,14,13,13,10,-5,-5,0,1,0,1,3,3,1,1,4
590,578,578,576,14,14,15,16,12,0,2,0,-1,-1,-2,1,2,2,1,4
829,827,822,824,21,19,20,21,2,5,-2,2,-1,-1,0,1,2,2,1,4
370,370,370,370,13,14,15,13,0,0,0,-1,-1,2,0,3,3,3,1,4
989,989,984,982,17,16,15,16,0,5,2,1,1,-1,1,1,3,1,2,4
185,1075,1078,1078,14,14,13,13,-890,-3,0,0,1,0,1,2,2,1,1,4
651,646,646,642,20,19,20,21,5,0,4,1,-1,-1,-1,1,1,1,3,4
614,611,604,602,14,14,15,16,3,7,2,0,-1,-1,-2,3,2,1,2,4
674,670,670,670,13,14,15,13,4,0,0,-1,-1,2,0,1,3,1,1,4
206,203,201,203,18,19,18,19,3,2,-2,-1,1,-1,-1,1,2,1,2,4
466,459,457,459,17,16,18,16,7,2,-2,1,-2,2,1,2,1,2,1,4
468,471,468,461,13,14,15,16,-3,3,7,-1,-1,-1,-3,1,2,3,2,4
1038,1031,1028,1031,13,16,15,16,7,3,-3,-3,1,-1,-3,2,1,2,1,4
743,745,747,766,17,16,15,16,-2,-2,-19,1,1,-1,1,2,3,2,2,4
337,332,328,328,17,16,18,16,5,4,0,1,-2,2,1,3,1,1,1,4
960,958,958,960,20,19,18,18,2,0,-2,1,1,0,2,1,2,2,1,4
593,588,586,590,14,17,15,16,5,2,-4,-3,2,-1,-2,2,2,1,1,4
593,593,586,586,14,14,13,13,0,7,0,0,1,0,1,2,2,3,1,4
276,274,276,276,14,17,15,16,2,-2,0,-3,2,-1,-2,3,2,1,1,4
337,337,323,328,20,19,18,19,0,14,-5,1,1,-1,1,1,1,1,1,4
820,820,829,822,14,17,15,16,0,-9,7,-3,2,-1,-2,3,1,1,2,4
923,921,921,921,18,17,18,19,2,0,0,1,-1,-1,-1,1,2,2,2,4
581,578,576,574,18,19,18,18,3,2,2,-1,1,0,0,3,2,1,2,4
824,824,820,822,18,17,18,16,0,4,-2,1,-1,2,2,1,1,1,2,4
276,267,260,257,14,14,13,13,9,7,3,0,1,0,1,1,1,2,1,4
745,740,736,740,13,14,12,13,5,4,-4,-1,2,-1,0,1,3,3,1,4
384,386,384,389,17,16,18,18,-2,2,-5,1,-2,0,-1,3,2,1,1,4
1045,1043,1045,1043,17,19,18,18,2,-2,2,-2,1,0,-1,3,2,1,2,4
618,611,607,609,18,17,18,19,7,4,-2,1,-1,-1,-1,1,2,2,1,4
974,958,960,960,13,14,12,13,16,-2,0,-1,2,-1,0,1,2,3,3,4
853,853,848,848,14,17,15,16,0,5,0,-3,2,-1,-2,1,3,1,3,4
993,991,984,984,13,14,12,13,2,7,0,-1,2,-1,0,3,2,1,1,4
281,278,276,276,14,14,15,13,3,2,0,0,-1,2,1,3,2,1,1,4
815,813,815,808,14,14,13,13,2,-2,7,0,1,0,1,3,2,1,2,4
1068,1066,1068,1061,13,14,12,13,2,-2,7,-1,2,-1,0,1,2,3,2,4
534,522,527,529,14,14,15,13,12,-5,-2,0,-1,2,1,1,2,2,1,4
372,367,370,370,17,16,18,18,5,-3,0,1,-2,0,-1,2,2,1,1,4
318,309,304,304,14,14,13,13,9,5,0,0,1,0,1,1,1,3,3,4
489,475,473,473,18,19,18,18,14,2,0,-1,1,0,0,2,2,1,1,4
846,824,817,815,14,14,13,13,22,7,2,0,1,0,1,2,3,2,1,4
674,677,674,674,17,19,18,18,-3,3,0,-2,1,0,-1,1,2,1,3,4
208,196,192,187,14,14,13,13,12,4,5,0,1,0,1,2,1,1,3,4
857,850,850,848,14,17,15,16,7,0,2,-3,2,-1,-2,1,2,2,1,4
267,257,257,257,18,17,18,18,10,0,0,1,-1,0,0,1,1,1,1,4
888,883,878,886,18,17,18,19,5,5,-8,1,-1,-1,-1,2,2,2,3,4
224,227,220,224,14,14,13,13,-3,7,-4,0,1,0,1,3,2,1,3,4
900,900,900,897,14,14,13,13,0,0,3,0,1,0,1,1,3,1,2,4
407,410,403,407,13,14,12,13,-3,7,-4,-1,2,-1,0,3,2,1,1,4
766,759,759,759,20,19,20,21,7,0,0,1,-1,-1,-1,2,1,1,1,4
853,848,841,841,18,17,18,18,5,7,0,1,-1,0,0,1,3,2,2,4
665,660,672,679,13,14,15,13,5,-12,-7,-1,-1,2,0,1,3,2,1,4
637,625,623,623,13,14,13,13,12,2,0,-1,1,0,0,3,2,1,1,4
1059,1059,1054,1057,17,16,15,16,0,5,-3,1,1,-1,1,1,1,3,2,4
904,897,888,886,14,14,13,13,7,9,2,0,1,0,1,1,2,2,1,4
857,855,853,860,14,14,13,13,2,2,-7,0,1,0,1,1,2,1,2,4
693,691,693,693,20,19,20,21,2,-2,0,1,-1,-1,-1,3,2,1,3,4
644,644,644,642,20,19,20,18,0,0,2,1,-1,2,2,2,2,2,1,4
436,433,433,431,20,19,20,18,3,0,2,1,-1,2,2,3,2,2,3,4
642,635,623,625,17,16,18,19,7,12,-2,1,-2,-1,-2,1,2,1,2,4
860,848,848,850,14,17,15,16,12,0,-2,-3,2,-1,-2,2,1,1,2,4
243,234,234,234,21,19,20,18,9,0,0,2,-1,2,3,1,1,1,1,4
553,555,550,550,14,19,15,16,-2,5,0,-5,4,-1,-2,3,2,2,2,4
984,979,979,979,17,16,18,18,5,0,0,1,-2,0,-1,1,1,1,3,4
750,752,752,747,13,16,15,16,-2,0,5,-3,1,-1,-3,3,2,2,2,4
639,632,639,637,13,16,15,16,7,-7,2,-3,1,-1,-3,2,1,2,1,4
276,276,276,276,14,14,13,13,0,0,0,0,1,0,1,3,3,3,1,4
192,1064,1073,1078,18,16,15,16,-872,-9,-5,2,1,-1,2,1,1,1,1,4
1071,1071,1064,1066,20,19,18,18,0,7,-2,1,1,0,2,2,2,1,2,4
600,590,593,593,18,17,18,16,10,-3,0,1,-1,2,2,1,1,2,2,4
958,956,956,953,13,14,15,13,2,0,3,-1,-1,2,0,2,1,1,2,4
473,471,468,468,20,19,20,18,2,3,0,1,-1,2,2,1,2,1,1,4
923,914,909,911,18,17,18,19,9,5,-2,1,-1,-1,-1,3,3,1,2,4
309,304,295,295,21,19,20,19,5,9,0,2,-1,1,2,1,1,1,1,4
588,583,578,581,18,19,18,19,5,5,-3,-1,1,-1,-1,2,2,2,3,4
286,274,276,278,14,14,13,13,12,-2,-2,0,1,0,1,1,2,1,2,4
412,412,407,412,20,19,20,18,0,5,-5,1,-1,2,2,1,3,1,1,4
689,689,689,684,17,16,18,16,0,0,5,1,-2,2,1,1,3,1,1,4
196,192,182,187,18,17,18,19,4,10,-5,1,-1,-1,-1,3,3,1,1,4
436,431,431,431,17,16,15,16,5,0,0,1,1,-1,1,1,1,3,1,4
281,274,269,267,14,14,15,13,7,5,2,0,-1,2,1,1,2,2,3,4
904,900,904,902,18,17,18,19,4,-4,2,1,-1,-1,-1,3,1,1,2,4
440,443,438,436,13,14,15,13,-3,5,2,-1,-1,2,0,3,2,2,3,4
384,382,379,379,17,16,15,16,2,3,0,1,1,-1,1,1,2,3,1,4
454,452,452,450,13,14,12,13,2,0,2,-1,2,-1,0,1,2,2,1,4
956,956,956,956,17,16,18,16,0,0,0,1,-2,2,1,1,3,3,1,4
796,794,799,829,18,17,18,19,2,-5,-30,1,-1,-1,-1,3,2,2,1,4
1054,1052,1050,1052,17,16,18,16,2,2,-2,1,-2,2,1,1,2,3,2,4
853,839,839,839,18,17,18,18,14,0,0,1,-1,0,0,1,3,1,1,4
192,189,192,189,14,17,15,16,3,-3,3,-3,2,-1,-2,1,2,1,2,4
227,220,220,220,14,14,15,13,7,0,0,0,-1,2,1,2,1,1,1,4
546,536,534,539,14,17,15,16,10,2,-5,-3,2,-1,-2,2,2,3,1,4
646,649,644,642,13,14,12,13,-3,5,2,-1,2,-1,0,1,2,2,1,4
893,888,883,883,14,14,15,13,5,5,0,0,-1,2,1,2,2,2,2,4
953,949,939,942,13,14,12,13,4,10,-3,-1,2,-1,0,2,2,2,1,4
571,562,562,560,14,14,15,16,9,0,2,0,-1,-1,-2,3,3,1,2,4
447,440,438,438,13,14,12,13,7,2,0,-1,2,-1,0,2,3,2,2,4
792,782,778,785,14,14,15,13,10,4,-7,0,-1,2,1,1,1,1,2,4
607,595,593,595,18,17,18,16,12,2,-2,1,-1,2,2,2,3,2,1,4
843,839,834,829,14,17,15,16,4,5,5,-3,2,-1,-2,3,3,1,3,4
665,658,656,653,20,19,20,21,7,2,3,1,-1,-1,-1,1,2,1,2,4
389,384,389,391,17,19,18,18,5,-5,-2,-2,1,0,-1,1,1,1,2,4
710,710,707,703,13,14,12,13,0,3,4,-1,2,-1,0,2,2,1,1,4
979,970,965,965,20,19,18,18,9,5,0,1,1,0,2,3,3,1,1,4
567,564,560,560,14,14,13,13,3,4,0,0,1,0,1,1,2,2,2,4
918,916,909,909,14,17,15,16,2,7,0,-3,2,-1,-2,1,2,1,3,4
286,286,286,288,14,14,15,13,0,0,-2,0,-1,2,1,1,3,1,2,4
396,400,398,398,13,16,15,16,-4,2,0,-3,1,-1,-3,2,2,1,3,4
492,485,487,487,14,17,15,16,7,-2,0,-3,2,-1,-2,1,2,3,1,4
799,799,794,792,14,14,15,13,0,5,2,0,-1,2,1,2,2,2,1,4
1064,1064,1064,1064,17,16,18,18,0,0,0,1,-2,0,-1,1,1,3,1,4
810,801,794,794,14,14,15,13,9,7,0,0,-1,2,1,3,3,2,2,4
1007,1005,1003,1000,17,19,18,18,2,2,3,-2,1,0,-1,1,2,1,2,4
764,759,759,759,13,16,15,16,5,0,0,-3,1,-1,-3,3,1,1,1,4
236,229,229,229,14,14,15,13,7,0,0,0,-1,2,1,2,3,3,1,4
639,637,635,632,20,19,20,21,2,2,3,1,-1,-1,-1,2,1,2,1,4
557,553,543,550,18,19,18,18,4,10,-7,-1,1,0,0,3,3,1,2,4
846,848,843,843,14,14,15,16,-2,5,0,0,-1,-1,-2,2,3,1,1,4
384,377,382,386,20,19,20,21,7,-5,-4,1,-1,-1,-1,1,2,2,2,4
489,482,485,485,14,17,15,16,7,-3,0,-3,2,-1,-2,2,1,2,2,4
473,471,464,466,17,16,15,16,2,7,-2,1,1,-1,1,1,2,1,2,4
970,963,960,960,17,19,18,18,7,3,0,-2,1,0,-1,3,2,1,1,4
839,839,839,839,21,19,20,21,0,0,0,2,-1,-1,0,1,1,1,3,4
443,438,440,438,13,14,12,13,5,-2,2,-1,2,-1,0,2,2,1,2,4
588,590,586,586,14,17,15,16,-2,4,0,-3,2,-1,-2,2,3,1,1,4
417,417,412,417,13,14,15,13,0,5,-5,-1,-1,2,0,1,3,1,1,4
670,660,651,646,20,19,18,18,10,9,5,1,1,0,2,1,1,1,1,4
353,356,358,356,20,19,20,21,-3,-2,2,1,-1,-1,-1,2,3,2,1,4
998,1005,998,1000,13,14,12,13,-7,7,-2,-1,2,-1,0,1,2,1,2,4
243,236,239,234,14,17,15,16,7,-3,5,-3,2,-1,-2,3,2,1,1,4
824,815,806,810,21,19,20,19,9,9,-4,2,-1,1,2,3,1,1,3,4
286,276,274,271,21,19,20,18,10,2,3,2,-1,2,3,1,1,2,1,4
557,555,553,550,14,14,15,13,2,2,3,0,-1,2,1,3,2,3,2,4
374,367,365,365,13,14,12,13,7,2,0,-1,2,-1,0,1,2,3,1,4
271,269,264,267,21,19,20,21,2,5,-3,2,-1,-1,0,1,2,2,1,4
1038,1028,1024,1026,13,14,12,13,10,4,-2,-1,2,-1,0,2,2,2,3,4
510,494,492,494,14,17,15,16,16,2,-2,-3,2,-1,-2,3,2,1,2,4
445,447,443,445,20,19,20,21,-2,4,-2,1,-1,-1,-1,3,2,2,1,4
510,510,513,510,21,19,20,21,0,-3,3,2,-1,-1,0,3,1,2,3,4
560,555,550,548,14,14,13,13,5,5,2,0,1,0,1,2,2,2,1,4
914,904,893,900,18,17,15,16,10,11,-7,1,2,-1,2,1,3,2,3,4
660,667,656,660,20,19,20,21,-7,11,-4,1,-1,-1,-1,1,2,3,1,4
222,217,215,215,18,17,18,19,5,2,0,1,-1,-1,-1,2,2,1,3,4
269,267,262,262,21,19,20,21,2,5,0,2,-1,-1,0,2,1,3,1,4
304,295,297,297,14,14,15,13,9,-2,0,0,-1,2,1,1,3,2,2,4
960,963,953,960,13,14,12,13,-3,10,-7,-1,2,-1,0,1,2,2,3,4
309,300,300,302,14,14,15,13,9,0,-2,0,-1,2,1,3,3,1,2,4
843,792,796,792,18,17,18,19,51,-4,4,1,-1,-1,-1,3,1,1,1,4
564,564,564,562,14,17,15,16,0,0,2,-3,2,-1,-2,2,2,2,3,4
579,581,574,576,14,14,13,13,-2,7,-2,0,1,0,1,2,3,2,1,4
757,752,752,750,20,19,18,18,5,0,2,1,1,0,2,2,2,2,1,4
984,982,979,982,20,19,18,18,2,3,-3,1,1,0,2,1,2,1,2,4
771,771,771,771,13,14,15,13,0,0,0,-1,-1,2,0,2,2,2,2,4
1054,1054,1050,1047,13,14,12,13,0,4,3,-1,2,-1,0,1,3,3,2,4
871,860,857,857,18,17,18,18,11,3,0,1,-1,0,0,1,2,1,1,4
593,590,588,588,18,19,18,19,3,2,0,-1,1,-1,-1,2,1,2,2,4
1054,1059,1052,1052,20,19,18,18,-5,7,0,1,1,0,2,1,3,2,2,4
201,206,201,201,14,17,15,16,-5,5,0,-3,2,-1,-2,1,1,1,1,4
332,332,335,337,17,16,18,18,0,-3,-2,1,-2,0,-1,1,1,2,1,4
293,281,286,290,18,17,18,19,12,-5,-4,1,-1,-1,-1,2,1,3,1,4
290,286,290,290,21,19,20,19,4,-4,0,2,-1,1,2,3,3,1,1,4
229,229,222,220,21,19,20,21,0,7,2,2,-1,-1,0,1,1,2,3,4
274,271,271,267,14,14,13,13,3,0,4,0,1,0,1,2,3,1,3,4
543,532,536,539,14,17,15,16,11,-4,-3,-3,2,-1,-2,1,2,2,1,4
290,286,286,295,14,17,15,16,4,0,-9,-3,2,-1,-2,3,1,1,1,4
531,524,524,522,18,19,18,19,7,0,2,-1,1,-1,-1,2,3,1,2,4
524,517,515,520,14,17,15,16,7,2,-5,-3,2,-1,-2,1,2,1,1,4
951,946,946,942,13,16,15,16,5,0,4,-3,1,-1,-3,1,1,1,1,4
342,337,332,332,17,16,15,16,5,5,0,1,1,-1,1,1,3,1,1,4
642,632,621,625,13,14,13,13,10,11,-4,-1,1,0,0,1,1,2,2,4
231,224,222,224,14,17,15,16,7,2,-2,-3,2,-1,-2,2,1,2,1,4
651,644,635,637,13,14,13,13,7,9,-2,-1,1,0,0,3,2,2,1,4
363,363,363,365,17,16,15,16,0,0,-2,1,1,-1,1,2,2,2,1,4
203,199,196,199,18,17,18,19,4,3,-3,1,-1,-1,-1,2,2,1,2,4
353,351,351,351,17,16,18,16,2,0,0,1,-2,2,1,2,1,3,1,4
257,250,250,248,14,14,15,16,7,0,2,0,-1,-1,-2,1,2,2,3,4
799,796,792,792,21,19,21,19,3,4,0,2,-2,2,2,2,3,1,1,4
1019,1017,1014,1017,20,19,20,21,2,3,-3,1,-1,-1,-1,2,1,2,1,4
1068,1066,1064,1061,20,19,20,18,2,2,3,1,-1,2,2,3,2,1,2,4
541,529,532,524,14,17,15,16,12,-3,8,-3,2,-1,-2,2,1,2,1,4
712,717,712,710,17,19,18,18,-5,5,2,-2,1,0,-1,1,3,1,2,4
635,628,628,628,17,17,15,16,7,0,0,0,2,-1,1,2,1,1,1,4
867,862,862,860,14,14,15,13,5,0,2,0,-1,2,1,3,3,3,2,4
468,471,466,466,20,19,20,18,-3,5,0,1,-1,2,2,1,2,2,2,4
253,253,248,243,14,17,15,16,0,5,5,-3,2,-1,-2,1,1,1,1,4
210,206,203,208,14,14,15,13,4,3,-5,0,-1,2,1,3,1,2,2,4
445,443,443,450,13,16,15,16,2,0,-7,-3,1,-1,-3,1,2,2,1,4
281,274,271,269,21,19,20,18,7,3,2,2,-1,2,3,1,2,1,2,4
239,232,234,234,18,19,18,18,7,-2,0,-1,1,0,0,1,2,3,1,4
771,766,761,764,17,16,18,18,5,5,-3,1,-2,0,-1,2,2,2,1,4
646,644,642,646,13,14,12,13,2,2,-4,-1,2,-1,0,3,2,3,3,4
698,693,682,696,13,14,12,13,5,11,-14,-1,2,-1,0,1,1,2,2,4
405,396,393,389,13,14,15,13,9,3,4,-1,-1,2,0,2,2,1,3,4
843,834,829,829,14,14,15,13,9,5,0,0,-1,2,1,1,3,1,1,4
337,337,332,346,13,14,15,16,0,5,-14,-1,-1,-1,-3,3,3,1,1,4
876,867,862,862,18,19,18,18,9,5,0,-1,1,0,0,3,1,3,1,4
719,719,719,719,13,14,15,13,0,0,0,-1,-1,2,0,2,2,2,2,4
374,367,370,365,17,16,15,16,7,-3,5,1,1,-1,1,1,2,1,1,4
257,257,250,250,18,19,18,18,0,7,0,-1,1,0,0,1,1,2,2,4
871,869,867,869,18,19,18,18,2,2,-2,-1,1,0,0,3,2,1,2,4
963,960,965,958,17,16,18,16,3,-5,7,1,-2,2,1,2,3,3,2,4
546,539,539,536,14,14,15,13,7,0,3,0,-1,2,1,2,1,1,2,4
257,250,243,243,14,14,13,13,7,7,0,0,1,0,1,1,2,3,1,4
1043,1033,1026,1031,13,14,15,13,10,7,-5,-1,-1,2,0,2,2,3,1,4
260,248,248,243,14,17,15,16,12,0,5,-3,2,-1,-2,2,1,1,1,4
473,473,473,471,20,19,20,21,0,0,2,1,-1,-1,-1,3,3,1,2,4
436,428,421,421,13,14,15,13,8,7,0,-1,-1,2,0,1,2,1,1,4
773,775,771,771,20,19,18,18,-2,4,0,1,1,0,2,1,2,2,2,4
1026,1026,1026,1026,20,19,20,18,0,0,0,1,-1,2,2,1,1,1,1,4
960,956,953,946,17,16,18,18,4,3,7,1,-2,0,-1,3,3,2,3,4
433,426,426,424,20,19,18,18,7,0,2,1,1,0,2,2,1,3,2,4
857,855,857,857,14,14,15,13,2,-2,0,0,-1,2,1,1,2,1,3,4
787,782,775,778,18,19,18,18,5,7,-3,-1,1,0,0,3,1,2,1,4
304,295,290,293,21,19,20,19,9,5,-3,2,-1,1,2,1,1,1,2,4
323,314,309,318,21,19,21,19,9,5,-9,2,-2,2,2,1,1,3,1,4
473,473,468,468,17,16,18,18,0,5,0,1,-2,0,-1,3,3,1,1,4
979,974,974,977,17,16,15,16,5,0,-3,1,1,-1,1,1,1,1,2,4
855,853,853,857,14,17,15,16,2,0,-4,-3,2,-1,-2,2,1,3,3,4
1075,1068,1068,1068,17,16,18,18,7,0,0,1,-2,0,-1,2,1,1,1,4
452,447,450,445,13,14,15,16,5,-3,5,-1,-1,-1,-3,2,2,1,1,4
881,869,869,867,14,17,15,16,12,0,2,-3,2,-1,-2,1,2,2,3,4
733,726,726,728,13,14,12,13,7,0,-2,-1,2,-1,0,2,3,1,2,4
536,529,529,529,21,19,20,21,7,0,0,2,-1,-1,0,2,1,1,1,4
824,820,817,815,21,19,20,21,4,3,2,2,-1,-1,0,1,1,2,1,4
879,871,867,867,21,19,20,18,8,4,0,2,-1,2,3,2,1,1,1,4
1012,1007,1012,1012,13,14,15,16,5,-5,0,-1,-1,-1,-3,3,3,1,1,4
745,740,745,743,20,19,20,21,5,-5,2,1,-1,-1,-1,3,3,3,2,4
1026,1026,1026,1026,20,19,20,18,0,0,0,1,-1,2,2,1,1,1,1,4
602,595,593,588,18,19,18,19,7,2,5,-1,1,-1,-1,2,3,2,2,4
253,250,250,246,14,14,13,13,3,0,4,0,1,0,1,3,2,2,2,4
857,846,839,843,14,14,15,13,11,7,-4,0,-1,2,1,3,2,1,1,4
637,639,637,632,17,16,15,16,-2,2,5,1,1,-1,1,3,2,3,1,4
553,515,510,522,14,14,13,13,38,5,-12,0,1,0,1,1,3,3,2,4
731,726,726,728,20,19,18,18,5,0,-2,1,1,0,2,1,1,1,2,4
696,693,684,689,13,14,12,13,3,9,-5,-1,2,-1,0,2,3,3,1,4
879,876,871,876,18,17,18,18,3,5,-5,1,-1,0,0,2,1,1,1,4
506,496,487,489,14,14,13,13,10,9,-2,0,1,0,1,1,3,1,2,4
239,234,232,234,18,17,18,16,5,2,-2,1,-1,2,2,3,1,2,3,4
293,290,283,283,18,17,18,16,3,7,0,1,-1,2,2,2,3,2,2,4
803,794,787,787,18,19,18,19,9,7,0,-1,1,-1,-1,2,2,1,1,4
321,314,309,314,14,14,13,13,7,5,-5,0,1,0,1,2,3,1,1,4
196,192,192,192,14,14,15,13,4,0,0,0,-1,2,1,3,3,1,3,4
473,489,468,471,13,14,12,13,-16,21,-3,-1,2,-1,0,1,2,1,2,4
698,698,693,698,13,14,12,13,0,5,-5,-1,2,-1,0,1,3,3,1,4
888,886,886,888,21,19,20,21,2,0,-2,2,-1,-1,0,2,1,1,2,4
864,864,857,857,21,19,20,21,0,7,0,2,-1,-1,0,2,2,1,1,4
703,700,698,703,20,19,20,21,3,2,-5,1,-1,-1,-1,1,2,1,1,4
300,300,295,293,14,14,15,13,0,5,2,0,-1,2,1,1,3,1,2,4
642,642,644,642,17,16,18,18,0,-2,2,1,-2,0,-1,1,3,2,1,4
632,625,628,632,20,19,21,21,7,-3,-4,1,-2,0,-1,1,2,1,1,4
227,220,220,220,21,19,20,19,7,0,0,2,-1,1,2,2,1,1,1,4
660,656,649,646,13,14,15,13,4,7,3,-1,-1,2,0,1,1,2,1,4
886,883,876,878,14,14,15,13,3,7,-2,0,-1,2,1,3,2,3,2,4
1000,1000,998,998,20,19,20,21,0,2,0,1,-1,-1,-1,2,2,1,1,4
513,503,503,501,14,17,15,16,10,0,2,-3,2,-1,-2,2,2,2,1,4
935,925,928,925,17,17,15,16,10,-3,3,0,2,-1,1,2,2,1,2,4
665,663,658,660,20,19,18,18,2,5,-2,1,1,0,2,1,2,2,1,4
602,600,597,593,14,17,15,16,2,3,4,-3,2,-1,-2,2,1,2,2,4
1031,1033,1031,1028,13,14,15,16,-2,2,3,-1,-1,-1,-3,1,2,3,2,4
960,960,963,960,17,16,18,16,0,-3,3,1,-2,2,1,1,1,2,1,4
450,447,445,450,13,14,15,16,3,2,-5,-1,-1,-1,-3,3,2,1,3,4
236,222,229,229,14,14,13,13,14,-7,0,0,1,0,1,2,2,1,3,4
618,616,614,618,18,17,18,19,2,2,-4,1,-1,-1,-1,3,2,3,1,4
1047,1045,1040,1040,13,16,15,16,2,5,0,-3,1,-1,-3,2,3,1,1,4
862,860,857,857,14,14,13,13,2,3,0,0,1,0,1,1,2,1,3,4
407,410,400,407,17,16,15,16,-3,10,-7,1,1,-1,1,1,2,2,3,4
646,642,635,637,17,16,18,18,4,7,-2,1,-2,0,-1,1,1,2,1,4
602,597,590,593,18,17,18,19,5,7,-3,1,-1,-1,-1,2,2,1,2,4
182,1075,1078,1075,18,19,18,18,-893,-3,3,-1,1,0,0,1,2,1,2,4
1068,1071,1075,1073,17,16,18,16,-3,-4,2,1,-2,2,1,1,2,2,1,4
236,234,232,232,18,17,18,19,2,2,0,1,-1,-1,-1,2,1,2,2,4
665,667,663,660,17,19,18,18,-2,4,3,-2,1,0,-1,1,2,2,1,4
485,473,473,473,14,14,15,13,12,0,0,0,-1,2,1,2,3,3,1,4
550,543,543,543,18,19,18,18,7,0,0,-1,1,0,0,2,1,1,3,4
660,658,658,653,13,14,15,13,2,0,5,-1,-1,2,0,1,2,2,2,4
264,257,257,257,14,14,13,13,7,0,0,0,1,0,1,2,1,3,1,4
871,864,864,860,14,14,13,13,7,0,4,0,1,0,1,1,2,2,2,4
220,201,194,194,14,17,15,16,19,7,0,-3,2,-1,-2,1,3,2,2,4
253,246,241,239,18,19,18,18,7,5,2,-1,1,0,0,1,2,2,1,4
222,217,215,215,14,14,15,13,5,2,0,0,-1,2,1,2,2,1,1,4
874,867,860,862,14,14,15,13,7,7,-2,0,-1,2,1,2,3,2,1,4
288,286,288,288,18,17,18,16,2,-2,0,1,-1,2,2,2,3,2,2,4
281,278,278,276,14,14,15,13,3,0,2,0,-1,2,1,1,2,2,1,4
213,215,206,206,14,14,13,13,-2,9,0,0,1,0,1,2,1,1,1,4
801,787,778,775,14,17,15,16,14,9,3,-3,2,-1,-2,3,3,1,2,4
1003,1003,1003,1003,20,19,18,18,0,0,0,1,1,0,2,1,1,3,1,4
609,604,602,600,18,17,18,19,5,2,2,1,-1,-1,-1,1,1,2,1,4
1019,1014,1012,1012,20,19,20,18,5,2,0,1,-1,2,2,2,2,1,1,4
325,318,307,304,14,14,13,13,7,11,3,0,1,0,1,2,3,2,1,4
600,597,588,583,14,14,15,16,3,9,5,0,-1,-1,-2,1,2,2,2,4
824,820,820,817,21,19,20,21,4,0,3,2,-1,-1,0,1,1,1,2,4
440,438,438,440,17,16,18,16,2,0,-2,1,-2,2,1,1,2,2,1,4
381,382,374,377,17,19,18,18,-1,8,-3,-2,1,0,-1,2,2,1,2,4
1038,1038,1031,1038,17,16,18,18,0,7,-7,1,-2,0,-1,2,2,1,2,4
487,475,475,475,14,14,15,16,12,0,0,0,-1,-1,-2,1,2,2,2,4
557,550,548,548,14,14,15,13,7,2,0,0,-1,2,1,3,2,1,1,4
979,977,974,974,20,19,20,18,2,3,0,1,-1,2,2,1,2,1,1,4
323,323,323,321,14,14,13,13,0,0,2,0,1,0,1,1,1,1,2,4
879,876,871,876,21,19,20,21,3,5,-5,2,-1,-1,0,2,1,3,3,4
210,206,201,206,18,19,21,19,4,5,-5,-1,-2,2,-1,1,1,1,1,4
637,642,649,658,20,19,18,18,-5,-7,-9,1,1,0,2,3,1,2,2,4
977,972,970,970,13,14,15,13,5,2,0,-1,-1,2,0,2,2,1,3,4
229,227,217,217,14,14,15,13,2,10,0,0,-1,2,1,1,2,2,2,4
644,646,639,642,13,14,12,13,-2,7,-3,-1,2,-1,0,2,3,2,1,4
424,417,417,412,13,14,12,13,7,0,5,-1,2,-1,0,2,1,3,1,4
1033,1024,1021,1026,13,14,12,13,9,3,-5,-1,2,-1,0,2,2,3,1,4
923,923,923,921,21,19,21,21,0,0,2,2,-2,0,0,1,3,1,2,4
253,250,243,239,14,14,15,13,3,7,4,0,-1,2,1,3,2,1,1,4
414,410,407,412,13,14,15,13,4,3,-5,-1,-1,2,0,2,2,1,3,4
503,501,501,496,14,14,13,13,2,0,5,0,1,0,1,2,3,1,1,4
581,578,574,571,18,19,18,18,3,4,3,-1,1,0,0,3,2,2,1,4
810,803,806,801,21,19,20,19,7,-3,5,2,-1,1,2,1,2,1,3,4
304,300,300,300,18,19,18,19,4,0,0,-1,1,-1,-1,3,3,1,1,4
548,543,534,534,18,17,18,16,5,9,0,1,-1,2,2,1,1,1,1,4
421,414,412,412,17,16,18,16,7,2,0,1,-2,2,1,1,2,3,1,4
464,464,461,461,13,14,15,13,0,3,0,-1,-1,2,0,3,1,2,2,4
571,562,555,553,14,14,15,13,9,7,2,0,-1,2,1,3,1,2,1,4
478,478,475,478,20,19,20,21,0,3,-3,1,-1,-1,-1,1,1,2,1,4
1073,1068,187,1071,13,14,13,13,5,881,-884,-1,1,0,0,3,1,1,2,4
520,510,508,510,14,17,15,16,10,2,-2,-3,2,-1,-2,1,1,2,1,4
262,262,262,262,14,14,15,13,0,0,0,0,-1,2,1,1,1,1,1,4
546,529,534,534,14,17,15,16,17,-5,0,-3,2,-1,-2,2,3,3,1,4
419,419,417,414,13,14,15,13,0,2,3,-1,-1,2,0,2,2,3,2,4
215,206,203,206,14,14,15,13,9,3,-3,0,-1,2,1,1,3,2,1,4
689,682,682,684,17,16,18,16,7,0,-2,1,-2,2,1,3,2,2,3,4
571,576,567,571,14,14,13,13,-5,9,-4,0,1,0,1,1,1,3,1,4
799,792,782,782,18,19,18,19,7,10,0,-1,1,-1,-1,2,3,1,1,4
290,288,286,286,18,19,18,19,2,2,0,-1,1,-1,-1,1,2,3,1,4
253,243,243,250,14,14,13,13,10,0,-7,0,1,0,1,3,3,3,2,4
381,374,372,370,20,19,20,18,7,2,2,1,-1,2,2,2,3,2,1,4
506,506,503,506,21,19,20,21,0,3,-3,2,-1,-1,0,1,1,2,1,4
1050,1054,1054,1054,13,14,12,13,-4,0,0,-1,2,-1,0,3,3,1,3,4
349,349,346,346,20,19,20,21,0,3,0,1,-1,-1,-1,2,2,1,1,4
529,527,524,520,18,17,18,16,2,3,4,1,-1,2,2,1,2,3,1,4
881,876,871,876,18,19,18,18,5,5,-5,-1,1,0,0,1,3,3,3,4
637,635,632,632,17,16,18,16,2,3,0,1,-2,2,1,1,2,1,1,4
220,215,210,213,18,17,18,19,5,5,-3,1,-1,-1,-1,1,1,1,2,4
900,888,886,883,18,17,18,19,12,2,3,1,-1,-1,-1,1,2,1,2,4
602,590,581,578,14,14,15,13,12,9,3,0,-1,2,1,2,3,1,2,4
792,792,789,787,14,14,15,13,0,3,2,0,-1,2,1,3,3,2,3,4
321,311,309,309,14,14,15,16,10,2,0,0,-1,-1,-2,2,2,1,1,4
834,822,824,822,14,14,13,13,12,-2,2,0,1,0,1,1,2,1,2,4
1054,1031,1026,1033,13,14,15,13,23,5,-7,-1,-1,2,0,1,1,1,2,4
996,991,991,993,17,16,18,18,5,0,-2,1,-2,0,-1,2,2,2,1,4
360,356,356,356,20,19,20,18,4,0,0,1,-1,2,2,1,1,1,1,4
1064,1059,1057,1057,17,19,18,18,5,2,0,-2,1,0,-1,1,1,2,2,4
255,248,239,239,14,14,13,13,7,9,0,0,1,0,1,2,3,1,1,4
953,949,942,946,20,19,18,18,4,7,-4,1,1,0,2,2,2,1,3,4
970,965,960,963,17,16,15,16,5,5,-3,1,1,-1,1,3,1,3,2,4
1012,1010,1007,1007,20,19,20,21,2,3,0,1,-1,-1,-1,1,2,1,1,4
253,248,248,246,18,17,18,16,5,0,2,1,-1,2,2,1,1,1,2,4
452,452,450,450,13,14,15,13,0,2,0,-1,-1,2,0,2,2,3,1,4
881,869,876,876,14,14,15,16,12,-7,0,0,-1,-1,-2,3,2,1,1,4
323,318,318,318,21,19,21,19,5,0,0,2,-2,2,2,1,1,1,1,4
717,712,707,707,20,19,20,21,5,5,0,1,-1,-1,-1,1,3,1,1,4
740,738,738,733,20,19,20,21,2,0,5,1,-1,-1,-1,1,2,2,2,4
576,574,574,574,21,19,20,21,2,0,0,2,-1,-1,0,1,2,2,2,4
360,360,360,360,13,14,15,13,0,0,0,-1,-1,2,0,3,1,1,1,4
595,597,595,595,18,19,18,19,-2,2,0,-1,1,-1,-1,1,2,1,1,4
1017,1010,1010,1007,13,16,15,16,7,0,3,-3,1,-1,-3,1,2,2,1,4
323,311,318,318,14,14,13,13,12,-7,0,0,1,0,1,3,2,3,3,4
496,468,459,459,14,14,15,13,28,9,0,0,-1,2,1,1,1,3,1,4
576,576,571,571,18,19,18,18,0,5,0,-1,1,0,0,1,1,1,1,4
773,771,771,773,13,16,15,16,2,0,-2,-3,1,-1,-3,1,2,2,1,4
257,253,253,250,18,19,18,18,4,0,3,-1,1,0,0,1,1,3,2,4
918,918,923,918,14,14,13,13,0,-5,5,0,1,0,1,1,3,3,3,4
1073,1073,1073,1071,20,19,18,18,0,0,2,1,1,0,2,3,1,1,2,4
182,1075,1078,1075,18,16,18,16,-893,-3,3,2,-2,2,2,1,2,1,2,4
370,365,367,367,13,14,15,13,5,-2,0,-1,-1,2,0,3,1,2,2,4
991,991,989,991,13,14,15,13,0,2,-2,-1,-1,2,0,2,2,1,2,4
960,956,965,951,17,16,15,16,4,-9,14,1,1,-1,1,3,3,1,1,4
321,311,309,309,21,19,21,19,10,2,0,2,-2,2,2,2,2,1,1,4
817,808,808,810,14,14,15,13,9,0,-2,0,-1,2,1,2,2,2,3,4
574,569,567,567,18,17,18,18,5,2,0,1,-1,0,0,2,2,1,1,4
867,862,860,857,14,17,15,16,5,2,3,-3,2,-1,-2,3,3,2,3,4
974,970,972,979,17,19,18,18,4,-2,-7,-2,1,0,-1,3,1,2,1,4
410,405,396,391,13,14,12,13,5,9,5,-1,2,-1,0,2,2,2,2,4
614,609,604,604,14,14,15,13,5,5,0,0,-1,2,1,3,3,1,1,4
621,616,609,616,18,19,18,19,5,7,-7,-1,1,-1,-1,2,2,3,2,4
210,206,201,199,14,14,13,13,4,5,2,0,1,0,1,1,3,1,2,4
302,300,300,300,14,17,15,16,2,0,0,-3,2,-1,-2,2,3,1,1,4
867,867,867,862,18,19,18,18,0,0,5,-1,1,0,0,1,3,1,1,4
646,642,646,646,20,19,18,18,4,-4,0,1,1,0,2,1,1,1,1,4
224,217,210,213,18,19,18,19,7,7,-3,-1,1,-1,-1,3,2,3,2,4
803,796,796,796,21,19,21,19,7,0,0,2,-2,2,2,2,3,1,1,4
789,785,785,789,14,14,13,13,4,0,-4,0,1,0,1,2,2,2,2,4
328,318,314,318,18,17,18,19,10,4,-4,1,-1,-1,-1,1,1,3,1,4
1031,1026,1021,1033,17,19,18,18,5,5,-12,-2,1,0,-1,3,1,1,2,4
489,478,485,499,21,19,21,21,11,-7,-14,2,-2,0,0,2,1,2,2,4
421,410,407,407,20,19,18,18,11,3,0,1,1,0,2,1,2,1,1,4
295,288,281,276,14,14,15,13,7,7,5,0,-1,2,1,1,2,3,3,4
1073,1064,1064,1059,20,19,20,21,9,0,5,1,-1,-1,-1,1,3,3,3,4
567,560,562,557,18,17,18,18,7,-2,5,1,-1,0,0,3,2,1,1,4
210,210,210,210,21,19,20,21,0,0,0,2,-1,-1,0,1,1,1,1,4
192,189,187,185,14,14,15,13,3,2,2,0,-1,2,1,1,2,3,2,4
473,464,464,459,20,19,18,18,9,0,5,1,1,0,2,1,1,1,1,4
991,984,984,979,20,19,20,21,7,0,5,1,-1,-1,-1,2,3,1,3,4
325,271,267,267,18,17,15,16,54,4,0,1,2,-1,2,2,3,1,1,4
909,897,893,893,14,14,15,13,12,4,0,0,-1,2,1,1,2,2,2,4
970,967,967,970,13,14,15,13,3,0,-3,-1,-1,2,0,1,2,2,1,4
848,843,836,839,14,14,15,13,5,7,-3,0,-1,2,1,1,3,2,1,4
276,281,278,276,14,14,15,13,-5,3,2,0,-1,2,1,1,3,2,1,4
1024,1019,1012,1012,17,16,15,16,5,7,0,1,1,-1,1,2,2,1,1,4
374,372,365,372,13,14,15,13,2,7,-7,-1,-1,2,0,1,2,1,2,4
628,625,625,625,18,19,18,19,3,0,0,-1,1,-1,-1,1,2,2,2,4
1036,1031,1021,1026,13,14,15,16,5,10,-5,-1,-1,-1,-3,3,3,1,3,4
389,393,389,407,20,19,20,21,-4,4,-18,1,-1,-1,-1,1,1,1,3,4
553,550,546,543,21,19,20,21,3,4,3,2,-1,-1,0,1,2,2,1,4
862,848,846,846,14,14,15,13,14,2,0,0,-1,2,1,3,3,2,2,4
419,421,421,417,13,16,15,16,-2,0,4,-3,1,-1,-3,2,1,1,1,4
210,210,206,206,14,17,15,16,0,4,0,-3,2,-1,-2,1,3,1,3,4
921,918,909,914,14,17,15,16,3,9,-5,-3,2,-1,-2,2,1,1,1,4
482,482,478,478,14,14,13,13,0,4,0,0,1,0,1,1,1,1,1,4
637,623,623,623,13,14,15,13,14,0,0,-1,-1,2,0,1,3,1,3,4
839,829,829,829,14,14,15,13,10,0,0,0,-1,2,1,1,3,1,1,4
895,893,890,890,18,19,18,19,2,3,0,-1,1,-1,-1,1,2,1,1,4
210,210,206,206,21,19,20,21,0,4,0,2,-1,-1,0,1,1,1,1,4
239,229,224,222,14,14,13,13,10,5,2,0,1,0,1,1,3,1,2,4
625,618,609,616,14,14,13,13,7,9,-7,0,1,0,1,2,1,3,2,4
937,925,923,923,17,17,18,16,12,2,0,0,-1,2,1,3,2,3,1,4
1043,1040,1043,1047,13,14,12,13,3,-3,-4,-1,2,-1,0,2,3,2,2,4
440,440,433,436,13,14,12,13,0,7,-3,-1,2,-1,0,1,3,2,1,4
576,569,567,571,18,19,18,18,7,2,-4,-1,1,0,0,1,2,1,1,4
548,543,539,541,18,17,18,16,5,4,-2,1,-1,2,2,1,3,1,2,4
824,815,808,810,14,14,15,13,9,7,-2,0,-1,2,1,1,1,2,1,4
557,560,550,548,18,19,20,18,-3,10,2,-1,-1,2,0,1,2,2,3,4
628,623,623,621,18,17,18,19,5,0,2,1,-1,-1,-1,1,3,1,2,4
260,260,255,260,21,19,23,21,0,5,-5,2,-4,2,0,2,2,2,2,4
192,192,192,187,18,19,18,19,0,0,5,-1,1,-1,-1,3,1,1,1,4
740,738,738,740,20,19,20,18,2,0,-2,1,-1,2,2,1,2,2,1,4
325,328,323,321,14,17,15,16,-3,5,2,-3,2,-1,-2,2,1,1,2,4
586,590,588,581,18,19,18,19,-4,2,7,-1,1,-1,-1,1,1,2,1,4
904,900,902,904,21,19,20,21,4,-2,-2,2,-1,-1,0,1,1,2,1,4
281,276,271,278,14,14,15,13,5,5,-7,0,-1,2,1,1,1,1,2,4
642,632,637,625,20,19,18,19,10,-5,12,1,1,-1,1,3,1,3,2,4
543,541,536,536,18,17,18,16,2,5,0,1,-1,2,2,1,2,2,2,4
560,557,557,567,18,17,18,18,3,0,-10,1,-1,0,0,2,1,1,1,4
724,714,717,717,13,14,15,16,10,-3,0,-1,-1,-1,-3,2,2,3,1,4
965,956,953,953,20,19,20,18,9,3,0,1,-1,2,2,3,3,2,2,4
960,958,953,953,17,16,18,18,2,5,0,1,-2,0,-1,3,2,2,2,4
379,377,379,374,20,19,18,18,2,-2,5,1,1,0,2,1,2,1,3,4
972,965,965,965,17,16,18,18,7,0,0,1,-2,0,-1,2,1,3,1,4
768,771,764,773,13,14,12,13,-3,7,-9,-1,2,-1,0,1,2,1,1,4
754,754,750,754,20,19,20,21,0,4,-4,1,-1,-1,-1,1,1,1,1,4
269,267,264,267,14,14,15,13,2,3,-3,0,-1,2,1,2,1,2,1,4
857,853,848,848,14,14,13,13,4,5,0,0,1,0,1,3,3,3,1,4
250,250,241,239,18,17,18,18,0,9,2,1,-1,0,0,2,2,2,1,4
897,890,886,886,14,17,15,16,7,4,0,-3,2,-1,-2,2,1,1,3,4
550,543,541,539,18,19,20,18,7,2,2,-1,-1,2,0,2,3,2,1,4
593,586,581,581,18,19,18,19,7,5,0,-1,1,-1,-1,2,3,1,1,4
295,290,290,288,18,17,18,19,5,0,2,1,-1,-1,-1,3,3,1,2,4
267,257,262,262,21,19,20,21,10,-5,0,2,-1,-1,0,3,1,3,1,4
365,358,358,365,17,19,18,18,7,0,-7,-2,1,0,-1,3,2,2,1,4
808,806,803,801,14,17,15,16,2,3,2,-3,2,-1,-2,2,3,2,1,4
529,522,520,522,14,17,15,16,7,2,-2,-3,2,-1,-2,1,2,1,2,4
353,349,346,346,20,19,20,21,4,3,0,1,-1,-1,-1,2,2,1,1,4
182,1075,1075,1075,18,16,18,18,-893,0,0,2,-2,0,0,1,2,2,2,4
895,895,881,890,14,14,13,13,0,14,-9,0,1,0,1,1,3,1,1,4
953,949,944,942,13,14,12,13,4,5,2,-1,2,-1,0,2,2,2,1,4
267,267,262,257,18,17,18,16,0,5,5,1,-1,2,2,3,1,1,1,4
871,862,857,860,14,14,15,13,9,5,-3,0,-1,2,1,3,1,1,2,4
595,590,586,583,14,14,13,13,5,4,3,0,1,0,1,3,1,1,2,4
646,639,637,632,17,16,15,16,7,2,5,1,1,-1,1,1,2,3,1,4
1071,1064,1064,1064,17,19,18,18,7,0,0,-2,1,0,-1,2,1,1,1,4
196,189,189,185,14,14,13,13,7,0,4,0,1,0,1,3,2,2,2,4
515,508,506,506,14,14,13,13,7,2,0,0,1,0,1,3,2,1,1,4
883,871,869,871,14,17,15,16,12,2,-2,-3,2,-1,-2,2,3,2,1,4
684,682,670,684,20,19,20,18,2,12,-14,1,-1,2,2,3,2,1,1,4
904,897,895,895,14,14,15,16,7,2,0,0,-1,-1,-2,1,2,1,1,4
1068,1059,1059,1066,17,16,18,18,9,0,-7,1,-2,0,-1,1,1,1,2,4
536,534,532,539,14,14,13,13,2,2,-7,0,1,0,1,2,3,2,1,4
363,360,358,356,17,16,18,16,3,2,2,1,-2,2,1,2,1,2,1,4
864,853,848,846,14,14,13,13,11,5,2,0,1,0,1,2,1,1,2,4
417,419,414,417,13,14,12,13,-2,5,-3,-1,2,-1,0,1,2,2,1,4
750,750,740,747,17,16,18,18,0,10,-7,1,-2,0,-1,3,1,3,2,4
914,907,904,907,21,19,20,21,7,3,-3,2,-1,-1,0,1,2,1,2,4
410,410,407,407,17,16,15,16,0,3,0,1,1,-1,1,2,2,1,3,4
248,229,220,227,14,14,13,13,19,9,-7,0,1,0,1,3,3,1,2,4
410,407,407,407,13,14,15,13,3,0,0,-1,-1,2,0,2,3,1,1,4
529,524,520,524,14,14,13,13,5,4,-4,0,1,0,1,1,3,1,3,4
553,548,541,541,14,17,15,16,5,7,0,-3,2,-1,-2,1,1,2,2,4
864,862,860,862,14,17,15,16,2,2,-2,-3,2,-1,-2,2,3,2,3,4
194,187,189,189,14,14,15,16,7,-2,0,0,-1,-1,-2,2,3,2,2,4
520,485,482,487,14,14,13,13,35,3,-5,0,1,0,1,1,2,1,1,4
260,253,250,250,21,19,20,18,7,3,0,2,-1,2,3,2,1,2,2,4
281,269,267,264,14,14,13,13,12,2,3,0,1,0,1,1,2,1,2,4
918,921,914,916,21,19,21,21,-3,7,-2,2,-2,0,0,1,2,1,2,4
524,520,520,520,18,17,18,19,4,0,0,1,-1,-1,-1,1,1,1,1,4
836,834,829,829,18,17,18,19,2,5,0,1,-1,-1,-1,2,3,1,1,4
328,325,323,323,18,19,18,19,3,2,0,-1,1,-1,-1,1,2,1,1,4
586,588,588,583,14,17,15,16,-2,0,5,-3,2,-1,-2,1,2,2,2,4
358,351,342,342,13,16,15,16,7,9,0,-3,1,-1,-3,2,1,1,1,4
674,674,674,672,20,19,18,18,0,0,2,1,1,0,2,1,3,1,2,4
1014,1010,1007,1007,13,14,15,13,4,3,0,-1,-1,2,0,2,2,1,1,4
450,445,445,443,20,19,20,21,5,0,2,1,-1,-1,-1,1,1,1,2,4
510,508,510,482,18,19,18,19,2,-2,28,-1,1,-1,-1,3,2,1,1,4
182,1073,1073,1075,14,16,15,16,-891,0,-2,-2,1,-1,-2,1,3,1,2,4
182,185,1078,1075,14,14,13,13,-3,-893,3,0,1,0,1,1,2,1,2,4
426,424,419,421,13,14,15,13,2,5,-2,-1,-1,2,0,1,2,2,3,4
588,586,576,576,18,17,18,16,2,10,0,1,-1,2,2,2,3,1,1,4
867,857,860,860,14,14,13,13,10,-3,0,0,1,0,1,1,3,2,2,4
871,864,862,862,18,17,18,16,7,2,0,1,-1,2,2,3,2,3,3,4
689,682,679,684,17,19,18,18,7,3,-5,-2,1,0,-1,1,2,3,1,4
597,595,588,590,18,17,18,19,2,7,-2,1,-1,-1,-1,2,1,2,1,4
524,517,520,517,14,14,15,16,7,-3,3,0,-1,-1,-2,3,2,3,2,4
293,281,276,271,14,14,13,13,12,5,5,0,1,0,1,2,1,1,1,4
806,801,794,794,21,19,21,21,5,7,0,2,-2,0,0,1,1,2,2,4
508,506,501,501,18,19,18,19,2,5,0,-1,1,-1,-1,2,1,1,1,4
279,276,290,297,18,17,18,19,3,-14,-7,1,-1,-1,-1,2,3,1,2,4
829,834,829,829,21,19,20,19,-5,5,0,2,-1,1,2,3,3,1,1,4
674,670,667,665,17,16,18,18,4,3,2,1,-2,0,-1,3,1,2,1,4
389,389,389,389,20,19,20,18,0,0,0,1,-1,2,2,1,1,1,1,4
520,506,501,496,14,14,15,13,14,5,5,0,-1,2,1,1,1,1,1,4
689,689,684,684,20,19,20,21,0,5,0,1,-1,-1,-1,1,1,1,3,4
710,703,693,698,13,14,15,13,7,10,-5,-1,-1,2,0,2,3,3,1,4
494,492,485,482,18,17,18,16,2,7,3,1,-1,2,2,2,1,2,1,4
981,982,982,979,20,19,20,21,-1,0,3,1,-1,-1,-1,2,2,2,1,4
853,848,850,846,14,14,15,13,5,-2,4,0,-1,2,1,1,3,2,2,4
417,414,412,417,17,16,15,16,3,2,-5,1,1,-1,1,1,2,1,1,4
384,384,379,377,20,19,20,21,0,5,2,1,-1,-1,-1,1,1,1,2,4
564,557,553,557,21,19,20,18,7,4,-4,2,-1,2,3,2,1,3,1,4
546,536,539,539,18,17,18,16,10,-3,0,1,-1,2,2,2,2,3,1,4
194,192,187,189,18,17,18,19,2,5,-2,1,-1,-1,-1,2,1,1,2,4
677,674,670,670,20,19,18,18,3,4,0,1,1,0,2,2,3,1,1,4
410,400,400,400,13,14,12,13,10,0,0,-1,2,-1,0,2,2,2,2,4
768,768,764,764,20,19,20,18,0,4,0,1,-1,2,2,1,1,1,1,4
813,803,799,801,18,17,18,19,10,4,-2,1,-1,-1,-1,2,2,2,1,4
1047,1045,1040,1040,17,16,18,16,2,5,0,1,-2,2,1,2,3,1,1,4
236,234,234,236,18,17,18,18,2,0,-2,1,-1,0,0,2,1,3,2,4
414,405,407,407,13,14,12,13,9,-2,0,-1,2,-1,0,2,2,3,1,4
372,370,365,365,17,16,18,18,2,5,0,1,-2,0,-1,2,1,3,1,4
916,914,914,918,14,14,13,13,2,0,-4,0,1,0,1,2,3,1,1,4
290,288,288,286,14,14,13,13,2,0,2,0,1,0,1,1,2,2,1,4
360,353,356,356,17,16,18,18,7,-3,0,1,-2,0,-1,1,2,1,1,4
607,600,600,602,18,17,18,19,7,0,-2,1,-1,-1,-1,2,3,1,2,4
958,960,960,965,13,14,12,13,-2,0,-5,-1,2,-1,0,2,1,1,1,4
307,290,286,281,14,14,13,13,17,4,5,0,1,0,1,2,1,1,1,4
286,281,278,278,14,14,15,13,5,3,0,0,-1,2,1,3,3,2,2,4
656,651,644,646,20,19,18,18,5,7,-2,1,1,0,2,3,1,2,1,4
1071,1075,1071,1075,20,19,18,18,-4,4,-4,1,1,0,2,2,2,2,2,4
499,494,489,487,18,17,18,19,5,5,2,1,-1,-1,-1,2,2,2,1,4
1066,1057,1054,1054,13,14,12,13,9,3,0,-1,2,-1,0,2,2,1,3,4
478,473,475,473,20,19,18,18,5,-2,2,1,1,0,2,1,1,2,1,4
1043,1043,1040,1040,20,19,20,18,0,3,0,1,-1,2,2,2,2,1,3,4
918,909,909,914,18,17,18,19,9,0,-5,1,-1,-1,-1,3,1,1,1,4
574,569,560,567,21,19,20,21,5,9,-7,2,-1,-1,0,2,2,2,1,4
618,614,614,614,18,17,18,16,4,0,0,1,-1,2,2,1,3,3,3,4
843,839,839,841,14,17,15,16,4,0,-2,-3,2,-1,-2,1,1,1,2,4
492,492,492,492,14,14,15,16,0,0,0,0,-1,-1,-2,1,3,1,1,4
794,782,787,785,14,14,15,13,12,-5,2,0,-1,2,1,2,1,1,2,4
550,541,506,541,14,14,15,13,9,35,-35,0,-1,2,1,2,2,1,2,4
686,689,684,684,17,16,15,16,-3,5,0,1,1,-1,1,2,1,1,1,4
590,581,581,576,21,19,20,18,9,0,5,2,-1,2,3,1,1,1,3,4
1054,1050,1050,1052,20,19,20,21,4,0,-2,1,-1,-1,-1,1,1,1,2,4
393,393,389,384,20,19,20,21,0,4,5,1,-1,-1,-1,1,1,1,1,4
834,829,822,817,14,14,13,13,5,7,5,0,1,0,1,1,3,2,2,4
222,220,220,215,14,14,13,13,2,0,5,0,1,0,1,2,3,1,1,4
874,871,867,862,14,17,15,16,3,4,5,-3,2,-1,-2,2,1,1,1,4
243,229,224,224,14,14,15,13,14,5,0,0,-1,2,1,1,3,1,1,4
827,824,822,820,14,17,15,16,3,2,2,-3,2,-1,-2,2,3,2,1,4
700,693,689,689,17,16,15,16,7,4,0,1,1,-1,1,2,3,1,1,4
848,841,843,843,14,14,15,16,7,-2,0,0,-1,-1,-2,1,2,3,1,4
522,520,517,517,18,17,18,16,2,3,0,1,-1,2,2,2,3,2,2,4
536,522,515,517,14,14,15,13,14,7,-2,0,-1,2,1,2,2,1,2,4
635,625,623,623,13,14,13,13,10,2,0,-1,1,0,0,2,2,1,1,4
867,864,862,860,21,19,20,18,3,2,2,2,-1,2,3,1,2,1,2,4
820,810,808,810,18,17,18,19,10,2,-2,1,-1,-1,-1,1,3,2,1,4
984,982,977,982,20,19,18,18,2,5,-5,1,1,0,2,1,2,2,2,4
595,590,593,595,18,17,18,19,5,-3,-2,1,-1,-1,-1,1,3,2,1,4
414,410,403,405,20,19,18,21,4,7,-2,1,1,-3,-1,2,2,1,2,4
604,600,600,600,18,19,18,19,4,0,0,-1,1,-1,-1,1,1,1,1,4
822,815,810,817,14,14,15,13,7,5,-7,0,-1,2,1,2,1,1,2,4
628,618,607,621,14,17,15,16,10,11,-14,-3,2,-1,-2,1,1,2,2,4
300,300,295,295,18,19,20,19,0,5,0,-1,-1,1,-1,1,1,1,1,4
328,321,318,318,18,17,18,19,7,3,0,1,-1,-1,-1,1,2,1,3,4
745,745,740,740,13,14,15,13,0,5,0,-1,-1,2,0,1,3,1,3,4
857,848,848,850,14,17,15,16,9,0,-2,-3,2,-1,-2,1,1,1,2,4
719,717,714,717,20,19,18,18,2,3,-3,1,1,0,2,2,3,2,1,4
625,623,618,621,21,19,21,19,2,5,-3,2,-2,2,2,2,3,1,2,4
431,428,424,426,13,14,12,13,3,4,-2,-1,2,-1,0,3,2,2,1,4
679,679,674,679,13,14,15,13,0,5,-5,-1,-1,2,0,1,3,1,3,4
674,670,670,670,17,16,18,18,4,0,0,1,-2,0,-1,1,1,3,3,4
426,417,414,412,13,14,12,13,9,3,2,-1,2,-1,0,1,1,2,1,4
686,684,689,684,20,19,20,21,2,-5,5,1,-1,-1,-1,2,1,1,1,4
185,192,189,187,21,19,21,21,-7,3,2,2,-2,0,0,2,1,2,1,4
684,682,672,672,13,14,12,13,2,10,0,-1,2,-1,0,1,2,2,2,4
374,372,370,370,13,14,12,13,2,2,0,-1,2,-1,0,1,2,1,1,4
623,614,618,609,21,19,21,19,9,-4,9,2,-2,2,2,1,1,1,1,4
421,417,414,417,17,19,18,18,4,3,-3,-2,1,0,-1,3,1,2,3,4
831,824,815,817,14,17,15,16,7,9,-2,-3,2,-1,-2,2,1,3,2,4
196,194,192,196,18,17,18,19,2,2,-4,1,-1,-1,-1,1,2,3,1,4
564,562,562,562,18,17,18,18,2,0,0,1,-1,0,0,2,1,1,1,4
246,246,243,243,21,19,20,18,0,3,0,2,-1,2,3,2,2,1,1,4
253,257,250,250,14,14,13,13,-4,7,0,0,1,0,1,3,1,2,2,4
1036,1031,1026,1031,17,19,18,18,5,5,-5,-2,1,0,-1,3,3,1,3,4
721,712,712,712,13,14,12,13,9,0,0,-1,2,-1,0,3,1,1,3,4
248,236,239,239,18,17,18,18,12,-3,0,1,-1,0,0,1,2,1,1,4
398,396,393,391,17,16,18,18,2,3,2,1,-2,0,-1,1,2,1,2,4
909,902,900,900,21,19,20,19,7,2,0,2,-1,1,2,1,2,1,1,4
829,820,820,822,21,19,20,21,9,0,-2,2,-1,-1,0,3,1,3,2,4
1066,1068,1071,1068,20,19,20,18,-2,-3,3,1,-1,2,2,2,1,2,1,4
1012,1007,1003,1007,20,19,20,18,5,4,-4,1,-1,2,2,1,1,1,1,4
529,529,524,524,14,14,13,13,0,5,0,0,1,0,1,1,3,3,1,4
236,234,232,229,18,17,18,16,2,2,3,1,-1,2,2,2,1,2,3,4
799,792,782,792,18,17,18,16,7,10,-10,1,-1,2,2,2,3,1,1,4
300,295,288,286,18,19,18,19,5,7,2,-1,1,-1,-1,1,1,2,3,4
564,560,524,555,14,17,15,16,4,36,-31,-3,2,-1,-2,2,2,3,2,4
839,834,829,832,14,14,15,16,5,5,-3,0,-1,-1,-2,3,3,3,2,4
384,379,372,374,17,16,15,16,5,7,-2,1,1,-1,1,3,3,2,3,4
993,984,979,984,13,14,15,13,9,5,-5,-1,-1,2,0,1,3,1,1,4
970,970,970,970,20,19,20,21,0,0,0,1,-1,-1,-1,3,1,3,1,4
344,342,342,337,17,16,15,16,2,0,5,1,1,-1,1,2,1,3,1,4
963,960,960,963,20,19,20,21,3,0,-3,1,-1,-1,-1,2,1,1,2,4
400,386,384,384,13,14,12,13,14,2,0,-1,2,-1,0,2,2,3,1,4
208,196,194,196,14,14,13,13,12,2,-2,0,1,0,1,2,1,2,1,4
243,241,234,229,14,14,13,13,2,7,5,0,1,0,1,1,2,1,3,4
960,958,946,942,17,16,15,16,2,12,4,1,1,-1,1,3,2,1,1,4
977,972,967,972,17,16,18,18,5,5,-5,1,-2,0,-1,2,2,2,2,4
426,421,424,454,17,16,18,18,5,-3,-30,1,-2,0,-1,1,1,2,3,4
871,862,862,862,21,19,20,18,9,0,0,2,-1,2,3,1,1,1,1,4
473,471,468,471,13,16,15,16,2,3,-3,-3,1,-1,-3,3,2,3,2,4
494,487,487,487,14,14,13,13,7,0,0,0,1,0,1,2,3,3,3,4
478,471,473,475,20,19,20,21,7,-2,-2,1,-1,-1,-1,1,2,1,2,4
893,893,888,890,14,17,15,16,0,5,-2,-3,2,-1,-2,2,2,2,1,4
466,468,464,459,13,14,12,13,-2,4,5,-1,2,-1,0,2,3,3,1,4
637,632,635,632,20,19,20,18,5,-3,3,1,-1,2,2,1,1,2,1,4
250,236,234,234,14,17,15,16,14,2,0,-3,2,-1,-2,2,2,3,1,4
590,583,581,581,14,17,15,16,7,2,0,-3,2,-1,-2,3,2,1,1,4
974,974,970,970,20,19,18,18,0,4,0,1,1,0,2,1,1,1,1,4
1061,1064,1054,1054,17,16,15,16,-3,10,0,1,1,-1,1,2,3,3,1,4
914,909,900,904,14,14,13,13,5,9,-4,0,1,0,1,3,1,1,1,4
536,534,529,534,14,14,15,13,2,5,-5,0,-1,2,1,2,3,3,3,4
370,370,360,356,13,14,15,13,0,10,4,-1,-1,2,0,1,1,3,3,4
187,182,1078,1075,18,17,18,18,5,-896,3,1,-1,0,0,1,1,1,2,4
424,421,421,424,17,19,18,18,3,0,-3,-2,1,0,-1,2,1,1,2,4
229,229,224,224,21,19,20,21,0,5,0,2,-1,-1,0,1,1,1,1,4
550,550,546,550,18,17,18,18,0,4,-4,1,-1,0,0,2,2,2,2,4
937,939,935,937,13,14,13,13,-2,4,-2,-1,1,0,0,1,2,2,1,4
801,799,794,796,21,19,21,21,2,5,-2,2,-2,0,0,3,2,2,1,4
529,522,522,524,14,14,13,13,7,0,-2,0,1,0,1,1,2,2,1,4
1021,1017,1010,1010,17,19,18,18,4,7,0,-2,1,0,-1,1,1,2,2,4
967,967,967,967,20,19,20,18,0,0,0,1,-1,2,2,2,2,2,2,4
778,773,773,768,17,19,18,18,5,0,5,-2,1,0,-1,1,1,1,1,4
309,304,304,307,21,19,20,21,5,0,-3,2,-1,-1,0,1,3,1,2,4
1040,1045,1036,1040,13,14,15,13,-5,9,-4,-1,-1,2,0,1,3,3,1,4
534,529,527,524,14,17,15,16,5,2,3,-3,2,-1,-2,1,1,2,3,4
295,295,293,293,14,14,15,16,0,2,0,0,-1,-1,-2,1,1,2,2,4
1036,1033,1031,1031,17,19,18,18,3,2,0,-2,1,0,-1,3,2,1,1,4
925,923,921,918,14,17,15,16,2,2,3,-3,2,-1,-2,2,3,2,1,4
989,982,979,982,17,16,18,16,7,3,-3,1,-2,2,1,1,2,1,2,4
1007,1010,1003,1000,20,19,20,18,-3,7,3,1,-1,2,2,1,2,1,2,4
628,621,618,614,14,14,15,13,7,3,4,0,-1,2,1,1,2,3,1,4
262,255,276,255,18,19,18,21,7,-21,21,-1,1,-3,-3,3,2,1,2,4
1050,1050,1043,1045,17,19,18,18,0,7,-2,-2,1,0,-1,3,1,2,1,4
286,281,281,276,18,17,18,18,5,0,5,1,-1,0,0,1,3,1,3,4
487,487,485,482,21,19,21,21,0,2,3,2,-2,0,0,3,1,2,1,4
618,621,618,618,21,19,21,21,-3,3,0,2,-2,0,0,1,2,1,1,4
281,276,264,271,14,17,15,16,5,12,-7,-3,2,-1,-2,3,3,2,3,4
496,487,487,482,18,19,18,19,9,0,5,-1,1,-1,-1,1,1,1,1,4
635,609,609,607,17,17,18,19,26,0,2,0,-1,-1,-2,2,1,1,2,4
196,192,201,206,18,17,18,19,4,-9,-5,1,-1,-1,-1,1,1,1,1,4
506,499,496,499,14,14,15,13,7,3,-3,0,-1,2,1,3,2,3,2,4
522,517,517,513,14,17,15,16,5,0,4,-3,2,-1,-2,2,2,2,2,4
724,719,714,717,13,14,12,13,5,5,-3,-1,2,-1,0,2,2,2,1,4
274,276,274,271,14,14,13,13,-2,2,3,0,1,0,1,2,3,2,1,4
874,874,871,871,18,17,18,18,0,3,0,1,-1,0,0,2,2,1,1,4
900,897,895,895,14,17,15,16,3,2,0,-3,2,-1,-2,1,2,3,1,4
935,923,925,928,13,14,15,13,12,-2,-3,-1,-1,2,0,2,3,2,1,4
281,278,278,274,18,17,18,16,3,0,4,1,-1,2,2,3,2,2,2,4
407,403,391,398,13,14,15,13,4,12,-7,-1,-1,2,0,1,1,2,3,4
874,869,871,871,21,19,20,18,5,-2,0,2,-1,2,3,2,2,1,1,4
733,731,726,726,13,14,15,16,2,5,0,-1,-1,-1,-3,2,3,1,3,4
712,703,665,700,13,14,12,13,9,38,-35,-1,2,-1,0,1,1,3,2,4
1073,1068,1068,1068,20,19,20,21,5,0,0,1,-1,-1,-1,3,1,1,1,4
239,232,236,239,14,17,15,16,7,-4,-3,-3,2,-1,-2,3,2,2,1,4
224,217,215,215,14,14,15,13,7,2,0,0,-1,2,1,3,2,1,3,4
733,733,703,731,17,16,18,16,0,30,-28,1,-2,2,1,2,2,1,1,4
300,290,293,290,18,17,18,19,10,-3,3,1,-1,-1,-1,1,1,2,1,4
895,895,895,890,14,14,13,13,0,0,5,0,1,0,1,3,1,1,3,4
916,909,904,904,21,19,20,21,7,5,0,2,-1,-1,0,2,1,1,1,4
389,379,379,379,20,19,20,21,10,0,0,1,-1,-1,-1,1,1,1,1,4
288,281,267,269,18,17,18,16,7,14,-2,1,-1,2,2,2,1,1,2,4
539,536,539,529,18,17,18,19,3,-3,10,1,-1,-1,-1,1,2,3,1,4
876,876,871,876,21,19,20,21,0,5,-5,2,-1,-1,0,3,3,1,3,4
335,325,328,325,13,14,15,13,10,-3,3,-1,-1,2,0,2,2,1,2,4
773,773,764,764,13,14,12,13,0,9,0,-1,2,-1,0,3,3,1,1,4
998,1000,991,993,17,16,18,16,-2,9,-2,1,-2,2,1,1,2,2,1,4
1061,1061,1057,1054,17,16,15,16,0,4,3,1,1,-1,1,2,2,2,1,4
290,281,278,281,18,19,18,19,9,3,-3,-1,1,-1,-1,1,1,2,1,4
543,342,332,337,14,16,18,18,201,10,-5,-2,-2,0,-4,1,1,1,1,4
241,239,236,234,18,19,18,18,2,3,2,-1,1,0,0,2,1,2,1,4
747,757,750,747,13,14,15,13,-10,7,3,-1,-1,2,0,2,2,1,2,4
623,614,611,609,14,17,15,16,9,3,2,-3,2,-1,-2,3,1,2,1,4
325,325,321,318,14,14,13,13,0,4,3,0,1,0,1,2,2,2,1,4
335,332,328,325,13,14,15,13,3,4,3,-1,-1,2,0,2,1,1,2,4
407,398,398,396,13,14,12,13,9,0,2,-1,2,-1,0,3,3,1,2,4
923,921,918,921,18,17,18,16,2,3,-3,1,-1,2,2,1,2,1,2,4
979,977,977,974,20,19,20,18,2,0,3,1,-1,2,2,3,2,2,1,4
681,682,679,679,17,19,18,18,-1,3,0,-2,1,0,-1,2,2,3,3,4
993,991,989,989,17,19,18,18,2,2,0,-2,1,0,-1,1,2,1,1,4
569,564,562,567,14,14,15,16,5,2,-5,0,-1,-1,-2,2,2,1,1,4
199,187,192,199,18,17,18,19,12,-5,-7,1,-1,-1,-1,2,3,1,2,4
672,665,660,660,17,16,18,18,7,5,0,1,-2,0,-1,2,3,1,1,4
942,937,937,939,13,14,15,13,5,0,-2,-1,-1,2,0,1,1,1,2,4
939,937,937,937,17,16,18,18,2,0,0,1,-2,0,-1,2,3,1,1,4
595,595,593,590,21,19,20,19,0,2,3,2,-1,1,2,1,1,2,1,4
206,203,201,201,14,14,13,13,3,2,0,0,1,0,1,1,2,3,3,4
754,754,757,752,13,14,12,13,0,-3,5,-1,2,-1,0,1,3,2,2,4
958,956,951,956,20,19,20,18,2,5,-5,1,-1,2,2,2,1,1,1,4
817,817,813,817,18,19,18,19,0,4,-4,-1,1,-1,-1,2,2,2,2,4
1010,1012,1000,1010,13,14,15,13,-2,12,-10,-1,-1,2,0,2,1,2,2,4
426,424,410,412,13,14,12,13,2,14,-2,-1,2,-1,0,1,2,2,1,4
712,703,703,703,13,14,15,13,9,0,0,-1,-1,2,0,1,3,3,1,4
206,206,201,203,14,17,15,16,0,5,-2,-3,2,-1,-2,1,1,1,2,4
977,979,979,982,17,16,15,16,-2,0,-3,1,1,-1,1,2,3,1,2,4
602,597,600,597,14,14,13,13,5,-3,3,0,1,0,1,2,2,1,2,4
576,576,571,571,14,17,15,16,0,5,0,-3,2,-1,-2,1,3,1,1,4
353,349,339,342,17,16,15,16,4,10,-3,1,1,-1,1,2,2,2,1,4
508,501,501,501,18,19,18,19,7,0,0,-1,1,-1,-1,2,1,3,1,4
740,736,731,736,13,14,12,13,4,5,-5,-1,2,-1,0,1,1,1,3,4
531,527,524,524,14,14,15,13,4,3,0,0,-1,2,1,2,2,1,1,4
635,625,621,616,13,14,15,13,10,4,5,-1,-1,2,0,2,2,2,2,4
956,951,953,956,20,19,18,18,5,-2,-3,1,1,0,2,1,1,2,1,4
429,424,421,421,13,14,12,13,5,3,0,-1,2,-1,0,2,2,3,1,4
210,199,196,194,18,17,18,16,11,3,2,1,-1,2,2,1,2,1,2,4
1066,1066,1057,1054,13,16,15,16,0,9,3,-3,1,-1,-3,2,2,2,1,4
506,501,501,501,21,19,21,19,5,0,0,2,-2,2,2,1,3,1,1,4
450,445,443,445,17,16,18,18,5,2,-2,1,-2,0,-1,1,1,2,1,4
846,843,843,841,14,14,13,13,3,0,2,0,1,0,1,2,3,1,2,4
824,820,822,820,14,14,15,16,4,-2,2,0,-1,-1,-2,1,1,2,1,4
529,522,520,520,14,14,13,13,7,2,0,0,1,0,1,1,2,1,1,4
351,349,349,351,17,16,18,16,2,0,-2,1,-2,2,1,3,2,2,1,4
750,747,745,745,20,19,20,21,3,2,0,1,-1,-1,-1,3,2,1,1,4
534,529,529,529,21,19,20,21,5,0,0,2,-1,-1,0,1,1,1,1,4
1068,1066,1068,1066,17,16,15,16,2,-2,2,1,1,-1,1,1,2,1,2,4
574,569,564,560,14,14,13,13,5,5,4,0,1,0,1,2,2,2,2,4
787,773,773,768,14,14,12,13,14,0,5,0,2,-1,1,1,3,1,1,4
857,848,843,843,14,17,15,16,9,5,0,-3,2,-1,-2,1,1,1,1,4
1017,1017,1017,1017,20,19,18,18,0,0,0,1,1,0,2,1,1,1,3,4
841,834,827,824,18,17,18,19,7,7,3,1,-1,-1,-1,2,3,2,1,4
974,982,970,967,17,16,15,16,-8,12,3,1,1,-1,1,1,2,1,2,4
794,792,787,789,14,17,15,16,2,5,-2,-3,2,-1,-2,2,1,3,2,4
1052,1045,1045,1047,20,19,20,18,7,0,-2,1,-1,2,2,2,3,1,2,4
384,384,382,384,17,16,18,18,0,2,-2,1,-2,0,-1,3,1,2,1,4
789,787,787,787,14,17,15,16,2,0,0,-3,2,-1,-2,2,3,1,1,4
196,199,192,192,14,14,15,16,-3,7,0,0,-1,-1,-2,1,2,1,1,4
398,393,389,391,20,19,20,21,5,4,-2,1,-1,-1,-1,1,1,1,2,4
564,560,550,562,14,14,13,13,4,10,-12,0,1,0,1,2,2,2,3,4
893,890,886,888,14,17,15,16,3,4,-2,-3,2,-1,-2,2,1,3,2,4
1078,1075,1078,1078,13,14,13,13,3,-3,0,-1,1,0,0,1,2,1,1,4
309,307,295,309,18,17,18,19,2,12,-14,1,-1,-1,-1,1,2,1,1,4
351,351,351,351,17,16,18,18,0,0,0,1,-2,0,-1,1,3,1,1,4
421,424,421,421,13,14,15,13,-3,3,0,-1,-1,2,0,1,2,1,1,4
729,719,712,717,13,14,12,13,10,7,-5,-1,2,-1,0,2,2,1,3,4
417,417,419,414,20,19,20,18,0,-2,5,1,-1,2,2,1,1,2,2,4
571,564,560,564,14,14,15,13,7,4,-4,0,-1,2,1,1,2,2,2,4
935,925,918,921,17,17,15,16,10,7,-3,0,2,-1,1,2,2,3,2,4
721,721,724,721,17,19,18,18,0,-3,3,-2,1,0,-1,1,3,2,1,4
445,445,447,445,13,16,15,16,0,-2,2,-3,1,-1,-3,3,1,2,3,4
764,761,759,761,13,16,15,16,3,2,-2,-3,1,-1,-3,1,2,3,2,4
1050,1050,1050,1052,20,19,20,21,0,0,-2,1,-1,-1,-1,1,1,1,2,4
360,356,353,370,13,14,12,13,4,3,-17,-1,2,-1,0,1,3,2,1,4
522,513,501,501,21,19,21,19,9,12,0,2,-2,2,2,2,2,1,1,4
618,618,616,616,21,19,21,19,0,2,0,2,-2,2,2,1,1,2,2,4
609,604,609,611,18,17,18,19,5,-5,-2,1,-1,-1,-1,1,1,1,2,4
635,632,628,625,20,19,18,19,3,4,3,1,1,-1,1,2,1,1,2,4
405,405,403,403,17,19,15,16,0,2,0,-2,4,-1,1,2,2,1,1,4
367,363,365,370,17,16,18,16,4,-2,-5,1,-2,2,1,2,2,1,1,4
325,318,323,323,14,17,15,16,7,-5,0,-3,2,-1,-2,2,1,3,1,4
372,370,367,365,13,14,12,13,2,3,2,-1,2,-1,0,2,3,2,1,4
281,281,283,276,14,14,15,13,0,-2,7,0,-1,2,1,1,3,2,3,4
571,557,555,557,18,19,23,18,14,2,-2,-1,-4,5,0,1,1,2,1,4
953,944,942,949,13,14,12,13,9,2,-7,-1,2,-1,0,2,2,1,2,4
993,984,984,984,17,19,18,18,9,0,0,-2,1,0,-1,3,3,1,3,4
473,473,473,468,20,19,18,18,0,0,5,1,1,0,2,1,3,1,1,4
414,412,412,412,13,14,12,13,2,0,0,-1,2,-1,0,2,3,1,1,4
942,942,944,946,20,19,20,21,0,-2,-2,1,-1,-1,-1,3,1,2,1,4
290,286,283,283,14,14,13,13,4,3,0,0,1,0,1,1,1,2,2,4
215,210,206,206,14,17,15,16,5,4,0,-3,2,-1,-2,3,3,1,3,4
717,707,710,703,13,16,15,16,10,-3,7,-3,1,-1,-3,3,3,2,1,4
970,972,965,965,13,14,12,13,-2,7,0,-1,2,-1,0,1,2,1,1,4
754,750,747,750,13,14,15,13,4,3,-3,-1,-1,2,0,1,3,2,1,4
614,602,600,595,14,14,13,13,12,2,5,0,1,0,1,1,2,1,1,4
283,278,278,276,21,19,20,21,5,0,2,2,-1,-1,0,2,2,2,1,4
487,475,478,478,18,16,18,18,12,-3,0,2,-2,0,0,1,2,1,1,4
761,750,745,747,13,14,15,13,11,5,-2,-1,-1,2,0,2,3,3,2,4
595,590,588,593,14,17,15,16,5,2,-5,-3,2,-1,-2,1,1,2,2,4
698,696,693,689,20,19,18,18,2,3,4,1,1,0,2,1,2,1,1,4
187,1078,1073,1073,14,14,12,13,-891,5,0,0,2,-1,1,1,1,1,1,4
651,651,646,646,20,19,18,18,0,5,0,1,1,0,2,3,3,1,1,4
611,600,604,607,14,14,15,13,11,-4,-3,0,-1,2,1,2,1,1,2,4
283,281,274,274,14,17,15,16,2,7,0,-3,2,-1,-2,2,1,2,2,4
1033,1031,1005,1026,20,19,23,21,2,26,-21,1,-4,2,-1,2,1,2,1,4
782,775,773,773,14,14,12,13,7,2,0,0,2,-1,1,1,2,3,1,4
1066,1066,1064,1068,17,19,18,18,0,2,-4,-2,1,0,-1,2,2,1,1,4
1052,1050,1045,1050,20,19,20,21,2,5,-5,1,-1,-1,-1,2,1,1,1,4
567,567,562,562,18,17,18,18,0,5,0,1,-1,0,0,1,3,1,1,4
834,827,827,824,14,14,15,13,7,0,3,0,-1,2,1,1,2,2,1,4
1017,1019,1019,1017,20,19,18,18,-2,0,2,1,1,0,2,1,2,2,1,4
513,501,503,503,14,14,13,13,12,-2,0,0,1,0,1,2,1,2,2,4
367,358,351,358,13,14,12,13,9,7,-7,-1,2,-1,0,2,2,1,2,4
586,576,569,569,14,14,15,13,10,7,0,0,-1,2,1,1,3,2,2,4
300,300,295,295,14,14,15,13,0,5,0,0,-1,2,1,1,1,1,1,4
726,721,726,721,17,19,18,18,5,-5,5,-2,1,0,-1,1,1,1,1,4
487,485,487,487,14,14,13,13,2,-2,0,0,1,0,1,1,2,1,1,4
466,464,461,464,20,19,20,18,2,3,-3,1,-1,2,2,2,1,2,1,4
597,600,597,595,18,19,20,19,-3,3,2,-1,-1,1,-1,2,1,2,1,4
607,607,595,600,14,14,13,13,0,12,-5,0,1,0,1,2,2,1,3,4
766,764,766,759,17,16,18,18,2,-2,7,1,-2,0,-1,2,1,2,1,4
255,250,246,250,14,14,13,13,5,4,-4,0,1,0,1,2,2,2,2,4
871,864,862,860,18,19,18,18,7,2,2,-1,1,0,0,3,2,1,2,4
325,321,318,316,18,19,18,19,4,3,2,-1,1,-1,-1,2,2,3,2,4
984,979,972,977,13,16,15,16,5,7,-5,-3,1,-1,-3,1,3,2,2,4
914,907,904,900,18,19,20,19,7,3,4,-1,-1,1,-1,1,2,1,1,4
321,318,311,311,14,14,13,13,3,7,0,0,1,0,1,2,1,2,2,4
454,447,433,431,17,16,15,16,7,14,2,1,1,-1,1,1,2,2,1,4
731,726,721,719,20,19,20,21,5,5,2,1,-1,-1,-1,1,1,1,2,4
717,714,712,714,17,16,15,16,3,2,-2,1,1,-1,1,3,2,3,2,4
571,567,562,564,21,19,20,21,4,5,-2,2,-1,-1,0,3,1,1,2,4
820,810,810,813,14,17,15,16,10,0,-3,-3,2,-1,-2,1,1,1,2,4
548,543,539,539,14,14,13,13,5,4,0,0,1,0,1,1,3,1,1,4
576,567,569,571,14,17,15,16,9,-2,-2,-3,2,-1,-2,1,1,2,1,4
290,288,286,283,21,19,20,21,2,2,3,2,-1,-1,0,1,2,1,2,4
297,290,288,288,14,17,15,16,7,2,0,-3,2,-1,-2,2,1,2,2,4
829,824,822,824,21,19,20,21,5,2,-2,2,-1,-1,0,3,3,2,3,4
857,853,846,846,14,14,13,13,4,7,0,0,1,0,1,1,3,2,2,4
539,541,534,534,14,14,15,13,-2,7,0,0,-1,2,1,1,2,1,1,4
297,290,293,293,14,17,15,16,7,-3,0,-3,2,-1,-2,2,3,2,2,4
766,766,766,764,17,16,15,16,0,0,2,1,1,-1,1,2,2,2,1,4
208,203,201,199,14,17,15,16,5,2,2,-3,2,-1,-2,2,2,1,2,4
417,410,407,407,13,14,12,13,7,3,0,-1,2,-1,0,1,2,3,1,4
243,236,229,229,18,17,18,16,7,7,0,1,-1,2,2,3,2,1,1,4
365,358,349,358,13,14,12,13,7,9,-9,-1,2,-1,0,3,2,2,2,4
450,450,445,443,20,19,20,21,0,5,2,1,-1,-1,-1,3,3,1,2,4
579,578,569,571,18,19,18,18,1,9,-2,-1,1,0,0,2,2,2,1,4
993,989,986,989,13,14,12,13,4,3,-3,-1,2,-1,0,3,3,2,1,4
539,532,532,534,18,19,18,18,7,0,-2,-1,1,0,0,1,2,2,1,4
485,473,475,475,21,19,20,18,12,-2,0,2,-1,2,3,2,3,2,2,4
853,850,843,839,18,19,18,18,3,7,4,-1,1,0,0,3,2,3,3,4
846,839,836,839,14,14,15,13,7,3,-3,0,-1,2,1,2,1,2,3,4
998,993,1003,1007,20,19,20,21,5,-10,-4,1,-1,-1,-1,3,1,1,1,4
907,904,900,923,14,17,15,16,3,4,-23,-3,2,-1,-2,2,1,3,1,4
822,806,808,808,14,14,15,13,16,-2,0,0,-1,2,1,2,1,2,2,4
801,792,789,789,21,19,21,21,9,3,0,2,-2,0,0,1,3,2,2,4
372,374,370,372,13,14,15,13,-2,4,-2,-1,-1,2,0,2,1,1,2,4
886,869,862,862,14,14,15,13,17,7,0,0,-1,2,1,3,2,3,1,4
515,503,501,501,14,17,15,16,12,2,0,-3,2,-1,-2,3,2,1,1,4
1064,1061,1059,1064,17,16,18,18,3,2,-5,1,-2,0,-1,1,2,1,1,4
733,726,726,726,13,16,15,16,7,0,0,-3,1,-1,-3,2,3,1,1,4
300,288,281,283,14,17,15,16,12,7,-2,-3,2,-1,-2,3,2,1,2,4
691,684,686,689,13,14,15,13,7,-2,-3,-1,-1,2,0,2,3,2,1,4
255,255,248,248,18,19,18,18,0,7,0,-1,1,0,0,2,2,1,1,4
937,932,932,932,17,16,15,16,5,0,0,1,1,-1,1,1,1,1,1,4
391,389,391,393,17,16,18,18,2,-2,-2,1,-2,0,-1,2,3,2,3,4
937,932,928,923,20,19,18,19,5,4,5,1,1,-1,1,1,1,1,1,4
726,726,717,721,20,19,20,18,0,9,-4,1,-1,2,2,1,1,3,1,4
314,314,307,311,18,19,18,19,0,7,-4,-1,1,-1,-1,3,3,2,2,4
590,588,586,586,21,19,20,21,2,2,0,2,-1,-1,0,1,2,1,1,4
951,951,944,951,17,16,18,18,0,7,-7,1,-2,0,-1,1,1,2,1,4
886,878,874,871,18,19,18,18,8,4,3,-1,1,0,0,3,2,2,1,4
564,567,564,562,14,14,13,13,-3,3,2,0,1,0,1,2,3,2,1,4
445,438,428,426,13,14,12,13,7,10,2,-1,2,-1,0,1,2,2,1,4
189,1078,1078,182,21,19,20,19,-889,0,896,2,-1,1,2,2,1,1,1,4
506,494,494,492,14,14,13,13,12,0,2,0,1,0,1,1,2,2,1,4
958,956,956,951,20,19,20,18,2,0,5,1,-1,2,2,2,1,1,1,4
260,232,234,234,14,14,15,16,28,-2,0,0,-1,-1,-2,2,2,1,1,4
989,986,989,984,13,14,12,13,3,-3,5,-1,2,-1,0,1,2,1,1,4
356,358,351,353,13,14,15,16,-2,7,-2,-1,-1,-1,-3,3,2,1,2,4
543,539,539,536,18,17,18,18,4,0,3,1,-1,0,0,1,1,1,2,4
567,564,567,564,21,19,20,21,3,-3,3,2,-1,-1,0,1,2,1,2,4
651,653,649,653,17,16,15,16,-2,4,-4,1,1,-1,1,1,2,2,2,4
916,907,904,904,14,14,15,13,9,3,0,0,-1,2,1,2,2,3,1,4
267,257,262,257,18,17,18,16,10,-5,5,1,-1,2,2,3,1,1,3,4
370,365,367,370,17,19,18,18,5,-2,-3,-2,1,0,-1,3,1,2,1,4
604,607,597,604,14,14,13,13,-3,10,-7,0,1,0,1,1,2,2,3,4
1052,1050,1050,1047,13,14,12,13,2,0,3,-1,2,-1,0,2,3,1,2,4
213,208,210,210,18,19,18,19,5,-2,0,-1,1,-1,-1,2,2,3,1,4
412,417,417,419,20,19,18,18,-5,0,-2,1,1,0,2,3,1,1,2,4
335,332,328,325,20,19,21,21,3,4,3,1,-2,0,-1,2,1,1,2,4
803,806,801,801,14,14,15,13,-3,5,0,0,-1,2,1,2,1,1,1,4
398,396,396,391,20,19,20,21,2,0,5,1,-1,-1,-1,1,2,2,2,4
714,707,707,710,13,14,15,13,7,0,-3,-1,-1,2,0,2,1,1,2,4
328,323,321,318,18,17,18,19,5,2,3,1,-1,-1,-1,1,1,2,1,4
904,900,900,900,21,19,20,19,4,0,0,2,-1,1,2,1,3,1,1,4
637,632,628,625,13,14,13,13,5,4,3,-1,1,0,0,1,1,1,2,4
883,881,874,876,14,14,15,16,2,7,-2,0,-1,-1,-2,2,1,2,1,4
281,278,267,264,14,14,13,13,3,11,3,0,1,0,1,1,2,3,2,4
555,553,548,557,14,14,13,13,2,5,-9,0,1,0,1,2,3,1,1,4
815,806,810,810,14,14,15,16,9,-4,0,0,-1,-1,-2,1,1,1,1,4
750,740,738,733,17,16,15,16,10,2,5,1,1,-1,1,1,3,2,2,4
986,982,984,984,13,14,15,13,4,-2,0,-1,-1,2,0,2,2,1,1,4
593,581,581,583,14,17,15,16,12,0,-2,-3,2,-1,-2,2,1,1,2,4
349,349,346,346,17,16,18,18,0,3,0,1,-2,0,-1,2,2,1,1,4
949,944,939,942,20,19,20,18,5,5,-3,1,-1,2,2,2,2,2,1,4
503,496,501,499,14,14,15,16,7,-5,2,0,-1,-1,-2,2,1,3,2,4
473,466,461,464,20,19,20,18,7,5,-3,1,-1,2,2,1,2,2,3,4
886,881,876,878,14,14,15,16,5,5,-2,0,-1,-1,-2,3,3,3,2,4
363,356,351,356,13,14,12,13,7,5,-5,-1,2,-1,0,2,3,3,1,4
293,288,286,283,18,17,18,16,5,2,3,1,-1,2,2,2,2,1,2,4
520,510,506,506,14,14,15,13,10,4,0,0,-1,2,1,3,3,3,1,4
677,672,670,670,20,19,20,18,5,2,0,1,-1,2,2,2,2,1,1,4
886,883,878,881,18,17,18,16,3,5,-3,1,-1,2,2,3,2,2,1,4
970,972,965,960,20,19,20,21,-2,7,5,1,-1,-1,-1,1,2,1,1,4
984,982,979,998,13,14,12,13,2,3,-19,-1,2,-1,0,1,2,3,1,4
745,745,738,738,13,16,15,16,0,7,0,-3,1,-1,-3,3,1,2,2,4
773,773,761,764,17,16,18,16,0,12,-3,1,-2,2,1,1,3,2,3,4
271,262,257,262,18,17,15,16,9,5,-5,1,2,-1,2,3,1,1,3,4
860,853,853,857,14,14,15,13,7,0,-4,0,-1,2,1,2,3,1,3,4
1043,1036,1036,1036,17,16,18,18,7,0,0,1,-2,0,-1,2,1,3,1,4
262,262,260,264,18,19,18,18,0,2,-4,-1,1,0,0,1,1,2,2,4
993,991,986,989,13,14,15,13,2,5,-3,-1,-1,2,0,3,2,2,1,4
625,621,618,616,14,17,15,16,4,3,2,-3,2,-1,-2,2,2,1,2,4
803,801,801,796,18,17,18,16,2,0,5,1,-1,2,2,2,3,1,3,4
967,963,956,958,13,14,15,13,4,7,-2,-1,-1,2,0,2,2,3,2,4
208,199,196,196,14,14,13,13,9,3,0,0,1,0,1,2,2,3,3,4
965,958,951,949,20,19,18,18,7,7,2,1,1,0,2,1,2,1,2,4
389,386,384,379,13,14,12,13,3,2,5,-1,2,-1,0,1,2,1,1,4
304,302,302,304,18,19,18,19,2,0,-2,-1,1,-1,-1,1,2,2,1,4
1005,1000,1003,998,13,14,12,13,5,-3,5,-1,2,-1,0,2,2,1,3,4
771,768,764,764,20,19,18,18,3,4,0,1,1,0,2,2,1,1,1,4
951,946,942,944,13,14,12,13,5,4,-2,-1,2,-1,0,1,1,1,2,4
759,764,759,759,17,16,18,18,-5,5,0,1,-2,0,-1,1,1,1,1,4
239,234,232,229,18,17,18,19,5,2,3,1,-1,-1,-1,1,1,2,1,4
707,705,703,703,17,19,18,18,2,2,0,-2,1,0,-1,1,2,1,1,4
426,426,424,426,20,19,18,18,0,2,-2,1,1,0,2,3,1,2,1,4
311,297,295,297,14,14,15,13,14,2,-2,0,-1,2,1,2,2,1,2,4
595,595,590,590,18,19,18,19,0,5,0,-1,1,-1,-1,1,3,1,1,4
656,656,653,651,17,19,18,18,0,3,2,-2,1,0,-1,1,1,2,1,4
377,374,372,377,13,14,15,13,3,2,-5,-1,-1,2,0,2,1,2,2,4
414,414,417,417,20,19,20,21,0,-3,0,1,-1,-1,-1,2,2,1,1,4
196,194,192,192,18,19,18,19,2,2,0,-1,1,-1,-1,1,2,3,1,4
965,965,960,956,20,19,20,21,0,5,4,1,-1,-1,-1,1,1,1,1,4
234,227,229,234,18,17,18,18,7,-2,-5,1,-1,0,0,1,2,3,1,4
407,407,400,407,13,14,15,13,0,7,-7,-1,-1,2,0,1,1,2,1,4
750,750,750,745,20,19,20,18,0,0,5,1,-1,2,2,3,1,1,1,4
581,564,562,562,14,14,13,13,17,2,0,0,1,0,1,1,2,3,1,4
316,309,309,309,18,17,18,19,7,0,0,1,-1,-1,-1,2,3,1,1,4
925,925,928,923,21,19,21,19,0,-3,5,2,-2,2,2,2,2,1,1,4
632,637,628,628,20,19,18,19,-5,9,0,1,1,-1,1,1,1,1,1,4
876,871,867,867,21,19,20,18,5,4,0,2,-1,2,3,1,3,1,1,4
635,628,623,625,13,14,15,16,7,5,-2,-1,-1,-1,-3,2,1,1,2,4
496,489,487,487,14,14,15,16,7,2,0,0,-1,-1,-2,1,2,3,1,4
567,553,548,548,18,19,18,18,14,5,0,-1,1,0,0,1,1,1,1,4
374,370,363,365,13,14,12,13,4,7,-2,-1,2,-1,0,1,3,2,3,4
454,454,452,445,17,16,15,16,0,2,7,1,1,-1,1,3,1,2,1,4
1003,1003,1000,1003,20,19,20,18,0,3,-3,1,-1,2,2,1,1,2,3,4
543,534,534,534,18,17,18,16,9,0,0,1,-1,2,2,1,3,3,1,4
604,604,597,600,14,17,15,16,0,7,-3,-3,2,-1,-2,1,1,2,3,4
332,328,323,325,17,17,15,16,4,5,-2,0,2,-1,1,1,1,1,2,4
489,478,473,475,14,14,12,13,11,5,-2,0,2,-1,1,2,1,1,2,4
346,342,342,342,20,19,18,18,4,0,0,1,1,0,2,1,1,1,1,4
262,257,257,253,14,14,15,13,5,0,4,0,-1,2,1,1,3,1,1,4
499,492,494,496,14,14,15,13,7,-2,-2,0,-1,2,1,2,1,2,1,4
787,775,775,778,14,14,15,13,12,0,-3,0,-1,2,1,1,2,2,1,4
531,522,522,524,14,14,13,13,9,0,-2,0,1,0,1,2,2,2,1,4
389,379,379,374,13,14,15,13,10,0,5,-1,-1,2,0,3,3,1,1,4
712,710,707,710,20,19,20,21,2,3,-3,1,-1,-1,-1,1,2,1,2,4
1003,1000,996,996,13,14,15,13,3,4,0,-1,-1,2,0,3,2,2,2,4
1043,1038,1040,1036,20,19,20,18,5,-2,4,1,-1,2,2,2,2,1,1,4
553,548,543,541,14,14,15,13,5,5,2,0,-1,2,1,1,3,1,2,4
916,918,916,918,14,14,15,16,-2,2,-2,0,-1,-1,-2,2,3,2,1,4
672,670,670,674,20,19,20,21,2,0,-4,1,-1,-1,-1,2,1,1,1,4
436,436,431,431,13,14,15,16,0,5,0,-1,-1,-1,-3,1,1,1,1,4
813,799,803,803,14,14,15,16,14,-4,0,0,-1,-1,-2,2,2,2,2,4
403,410,400,403,20,19,18,18,-7,10,-3,1,1,0,2,1,2,2,1,4
253,248,246,246,14,14,15,13,5,2,0,0,-1,2,1,1,3,2,2,4
236,229,229,234,18,19,18,18,7,0,-5,-1,1,0,0,2,1,1,3,4
499,499,492,496,14,14,13,13,0,7,-4,0,1,0,1,2,2,1,1,4
794,789,792,787,18,17,18,16,5,-3,5,1,-1,2,2,2,2,1,1,4
506,501,501,501,18,17,18,19,5,0,0,1,-1,-1,-1,1,1,1,1,4
192,187,185,182,21,19,21,21,5,2,3,2,-2,0,0,1,1,2,1,4
942,937,937,937,20,19,20,21,5,0,0,1,-1,-1,-1,3,1,1,1,4
231,224,222,222,18,17,18,19,7,2,0,1,-1,-1,-1,2,1,2,2,4
864,857,857,857,14,14,15,13,7,0,0,0,-1,2,1,2,1,1,1,4
398,398,393,393,20,19,20,18,0,5,0,1,-1,2,2,3,1,1,1,4
403,396,396,393,17,16,18,18,7,0,3,1,-2,0,-1,1,2,2,1,4
314,309,304,304,21,19,20,21,5,5,0,2,-1,-1,0,1,3,1,1,4
764,754,754,754,17,16,18,18,10,0,0,1,-2,0,-1,1,1,1,1,4
907,900,890,890,14,17,15,16,7,10,0,-3,2,-1,-2,2,1,1,1,4
260,243,248,248,21,19,20,18,17,-5,0,2,-1,2,3,2,1,3,1,4
935,928,928,928,13,14,15,13,7,0,0,-1,-1,2,0,2,1,1,1,4
600,595,590,590,21,19,20,21,5,5,0,2,-1,-1,0,1,1,3,1,4
220,222,215,215,21,19,20,21,-2,7,0,2,-1,-1,0,1,2,1,1,4
360,351,346,346,20,19,20,18,9,5,0,1,-1,2,2,1,3,1,1,4
670,672,665,665,17,16,18,16,-2,7,0,1,-2,2,1,3,2,1,1,4
412,412,410,412,13,14,12,13,0,2,-2,-1,2,-1,0,1,3,2,1,4
318,316,314,316,18,19,18,19,2,2,-2,-1,1,-1,-1,1,2,1,2,4
921,909,904,904,18,17,18,16,12,5,0,1,-1,2,2,2,3,1,3,4
869,867,867,867,21,19,20,21,2,0,0,2,-1,-1,0,2,3,1,1,4
339,351,339,344,13,16,15,16,-12,12,-5,-3,1,-1,-3,2,3,2,2,4
1003,1003,1000,1000,20,19,18,18,0,3,0,1,1,0,2,1,1,2,2,4
396,393,384,386,13,16,15,16,3,9,-2,-3,1,-1,-3,2,1,1,2,4
670,663,653,656,17,16,18,16,7,10,-3,1,-2,2,1,1,2,2,1,4
970,970,967,965,20,19,20,18,0,3,2,1,-1,2,2,1,3,2,1,4
639,642,639,637,17,16,15,16,-3,3,2,1,1,-1,1,2,3,2,1,4
670,670,667,677,13,14,12,13,0,3,-10,-1,2,-1,0,1,3,2,2,4
731,724,724,721,17,16,15,16,7,0,3,1,1,-1,1,3,2,2,1,4
534,529,529,529,18,17,18,19,5,0,0,1,-1,-1,-1,1,3,1,1,4
414,412,405,400,13,14,15,13,2,7,5,-1,-1,2,0,2,3,2,2,4
229,227,222,224,18,17,18,16,2,5,-2,1,-1,2,2,3,2,2,1,4
583,581,576,576,14,17,15,16,2,5,0,-3,2,-1,-2,2,3,1,3,4
764,750,750,752,13,14,12,13,14,0,-2,-1,2,-1,0,1,1,3,2,4
1012,1007,1010,1007,13,16,15,16,5,-3,3,-3,1,-1,-3,1,3,2,1,4
621,623,632,637,18,19,18,18,-2,-9,-5,-1,1,0,0,2,3,1,1,4
318,316,314,314,18,19,18,19,2,2,0,-1,1,-1,-1,1,2,1,1,4
290,286,278,281,18,17,18,16,4,8,-3,1,-1,2,2,1,1,2,3,4
815,806,806,806,21,19,20,21,9,0,0,2,-1,-1,0,1,3,1,1,4
984,982,982,979,17,19,18,18,2,0,3,-2,1,0,-1,1,2,2,3,4
510,508,506,508,21,19,20,21,2,2,-2,2,-1,-1,0,1,2,1,2,4
656,651,649,651,20,19,18,18,5,2,-2,1,1,0,2,3,3,2,1,4
677,677,670,679,13,14,12,13,0,7,-9,-1,2,-1,0,2,2,3,1,4
726,740,738,740,20,19,18,18,-14,2,-2,1,1,0,2,1,1,2,1,4
1029,1028,1021,1021,17,16,18,18,1,7,0,1,-2,0,-1,2,2,1,1,4
396,389,389,391,13,14,15,13,7,0,-2,-1,-1,2,0,2,3,1,2,4
185,1073,1068,1068,21,19,20,18,-888,5,0,2,-1,2,3,2,1,1,3,4
342,342,342,339,13,14,12,13,0,0,3,-1,2,-1,0,1,3,1,2,4
787,771,778,764,14,14,13,13,16,-7,14,0,1,0,1,1,2,1,1,4
262,250,239,239,14,14,13,13,12,11,0,0,1,0,1,1,2,1,1,4
454,452,450,450,20,19,18,18,2,2,0,1,1,0,2,1,2,1,1,4
517,513,510,510,14,14,15,13,4,3,0,0,-1,2,1,2,2,1,1,4
210,199,206,210,18,19,18,19,11,-7,-4,-1,1,-1,-1,1,2,1,1,4
370,360,360,358,13,14,15,13,10,0,2,-1,-1,2,0,1,3,1,2,4
625,623,621,623,21,19,21,21,2,2,-2,2,-2,0,0,2,1,2,1,4
393,393,393,393,20,19,18,18,0,0,0,1,1,0,2,1,1,1,1,4
614,506,508,506,14,17,15,16,108,-2,2,-3,2,-1,-2,1,1,2,1,4
611,609,600,600,21,19,20,21,2,9,0,2,-1,-1,0,2,3,1,1,4
731,726,721,721,20,19,20,21,5,5,0,1,-1,-1,-1,3,1,1,1,4
719,717,717,717,20,19,20,18,2,0,0,1,-1,2,2,2,1,1,1,4
595,578,578,574,14,14,13,13,17,0,4,0,1,0,1,3,2,2,2,4
639,637,628,625,13,14,13,13,2,9,3,-1,1,0,0,2,1,1,2,4
923,923,918,921,18,17,18,16,0,5,-3,1,-1,2,2,1,1,1,2,4
276,269,283,293,14,14,13,13,7,-14,-10,0,1,0,1,1,2,2,2,4
293,290,286,288,14,17,15,16,3,4,-2,-3,2,-1,-2,2,1,3,2,4
789,787,782,782,14,17,15,16,2,5,0,-3,2,-1,-2,2,3,1,1,4
785,766,754,754,14,14,15,13,19,12,0,0,-1,2,1,2,2,1,3,4
867,864,857,855,18,17,18,21,3,7,2,1,-1,-3,-3,1,2,3,2,4
194,1075,1073,1073,14,14,15,13,-881,2,0,0,-1,2,1,2,2,1,3,4
1050,1052,1050,1050,20,19,20,21,-2,2,0,1,-1,-1,-1,1,2,1,1,4
342,339,335,339,20,19,20,21,3,4,-4,1,-1,-1,-1,1,2,2,2,4
248,246,239,239,18,17,18,18,2,7,0,1,-1,0,0,3,2,3,1,4
960,956,953,946,13,14,15,13,4,3,7,-1,-1,2,0,3,3,2,3,4
262,260,264,264,21,19,20,18,2,-4,0,2,-1,2,3,1,2,2,2,4
672,651,660,665,13,14,12,13,21,-9,-5,-1,2,-1,0,2,1,1,1,4
618,614,609,611,14,14,15,13,4,5,-2,0,-1,2,1,1,1,1,2,4
281,276,274,271,14,14,15,13,5,2,3,0,-1,2,1,1,1,2,1,4
696,700,698,698,20,19,18,18,-4,2,0,1,1,0,2,2,2,1,1,4
764,764,764,761,13,14,15,13,0,0,3,-1,-1,2,0,3,3,1,2,4
674,670,672,670,20,19,20,21,4,-2,2,1,-1,-1,-1,1,3,2,1,4
602,590,586,583,14,14,15,16,12,4,3,0,-1,-1,-2,2,1,1,2,4
951,942,939,939,20,19,20,18,9,3,0,1,-1,2,2,3,3,2,2,4
963,956,953,951,17,16,15,16,7,3,2,1,1,-1,1,2,3,2,1,4
571,562,569,571,14,14,15,16,9,-7,-2,0,-1,-1,-2,3,3,2,1,4
895,893,890,888,14,17,15,16,2,3,2,-3,2,-1,-2,1,2,1,2,4
293,286,288,295,18,19,18,19,7,-2,-7,-1,1,-1,-1,2,1,2,1,4
318,311,302,300,18,17,18,16,7,9,2,1,-1,2,2,1,2,2,1,4
564,562,555,550,18,19,18,18,2,7,5,-1,1,0,0,2,1,2,2,4
1010,1007,998,1003,17,16,15,16,3,9,-5,1,1,-1,1,2,3,1,3,4
351,351,344,346,17,16,18,18,0,7,-2,1,-2,0,-1,1,1,2,3,4
686,684,691,689,20,19,20,21,2,-7,2,1,-1,-1,-1,2,1,2,1,4
923,918,914,914,14,14,13,13,5,4,0,0,1,0,1,1,3,1,1,4
911,907,907,904,21,19,20,21,4,0,3,2,-1,-1,0,2,2,2,1,4
271,271,267,269,18,19,18,18,0,4,-2,-1,1,0,0,1,1,1,2,4
403,403,403,403,13,14,12,13,0,0,0,-1,2,-1,0,3,3,3,1,4
703,693,698,698,13,14,15,13,10,-5,0,-1,-1,2,0,1,1,1,3,4
311,309,314,309,18,17,18,19,2,-5,5,1,-1,-1,-1,2,3,1,1,4
1068,1071,1073,1073,20,19,20,21,-3,-2,0,1,-1,-1,-1,1,2,1,1,4
450,452,445,450,13,14,15,13,-2,7,-5,-1,-1,2,0,1,2,3,1,4
400,393,391,389,13,14,12,13,7,2,2,-1,2,-1,0,2,1,2,1,4
464,454,459,459,13,14,15,13,10,-5,0,-1,-1,2,0,3,3,1,1,4
234,227,227,224,18,19,18,19,7,0,3,-1,1,-1,-1,3,2,2,3,4
529,506,503,501,14,14,13,13,23,3,2,0,1,0,1,1,3,2,1,4
445,438,438,440,17,16,18,18,7,0,-2,1,-2,0,-1,1,2,2,1,4
817,815,815,815,18,17,18,16,2,0,0,1,-1,2,2,2,1,1,1,4
853,850,843,846,14,17,15,16,3,7,-3,-3,2,-1,-2,1,2,1,2,4
529,524,524,522,14,14,13,13,5,0,2,0,1,0,1,3,1,3,2,4
820,813,810,810,14,17,15,16,7,3,0,-3,2,-1,-2,3,2,1,1,4
635,628,623,628,20,19,18,19,7,5,-5,1,1,-1,1,2,1,1,1,4
686,684,682,679,13,16,15,16,2,2,3,-3,1,-1,-3,2,1,2,1,4
1071,1068,1066,1068,13,14,12,13,3,2,-2,-1,2,-1,0,2,3,2,3,4
562,562,557,560,14,14,15,13,0,5,-3,0,-1,2,1,1,3,1,2,4
846,836,834,834,18,19,18,18,10,2,0,-1,1,0,0,2,2,1,1,4
365,365,365,365,17,16,15,16,0,0,0,1,1,-1,1,1,1,1,1,4
365,360,356,360,17,16,15,16,5,4,-4,1,1,-1,1,3,1,1,1,4
243,232,234,227,21,19,20,21,11,-2,7,2,-1,-1,0,1,2,3,2,4
403,403,403,405,17,16,18,21,0,0,-2,1,-2,-3,-4,3,1,1,2,4
367,363,360,358,17,16,15,16,4,3,2,1,1,-1,1,2,2,1,2,4
1005,1000,993,993,17,19,18,18,5,7,0,-2,1,0,-1,2,2,1,1,4
1017,1017,1012,1017,17,16,18,18,0,5,-5,1,-2,0,-1,1,1,3,1,4
904,900,900,900,18,17,18,19,4,0,0,1,-1,-1,-1,3,1,1,1,4
775,766,761,759,20,19,20,18,9,5,2,1,-1,2,2,2,2,2,1,4
482,478,478,478,14,16,15,16,4,0,0,-2,1,-1,-2,1,1,1,1,4
339,335,337,339,20,19,20,21,4,-2,-2,1,-1,-1,-1,2,2,1,2,4
1047,1036,1028,1031,13,14,15,13,11,8,-3,-1,-1,2,0,2,3,2,1,4
590,588,586,590,18,19,20,19,2,2,-4,-1,-1,1,-1,1,2,1,1,4
515,513,510,515,18,19,18,19,2,3,-5,-1,1,-1,-1,1,2,3,3,4
489,487,485,482,14,17,15,16,2,2,3,-3,2,-1,-2,2,3,2,1,4
464,459,452,454,17,16,18,16,5,7,-2,1,-2,2,1,3,3,2,1,4
623,616,611,611,14,14,13,13,7,5,0,0,1,0,1,1,2,2,2,4
417,414,407,529,20,19,18,19,3,7,-122,1,1,-1,1,3,2,1,3,4
644,642,644,649,20,19,20,21,2,-2,-5,1,-1,-1,-1,2,1,2,2,4
925,923,918,918,18,17,18,16,2,5,0,1,-1,2,2,2,1,1,1,4
984,984,982,982,13,14,12,13,0,2,0,-1,2,-1,0,3,3,2,2,4
187,187,187,187,21,19,21,19,0,0,0,2,-2,2,2,1,3,1,1,4
813,806,810,815,14,17,15,16,7,-4,-5,-3,2,-1,-2,2,3,1,1,4
290,286,286,281,18,19,18,19,4,0,5,-1,1,-1,-1,3,3,1,1,4
937,935,932,932,20,19,20,21,2,3,0,1,-1,-1,-1,1,2,1,1,4
951,949,951,949,13,14,12,13,2,-2,2,-1,2,-1,0,1,2,1,2,4
581,574,571,571,18,17,18,18,7,3,0,1,-1,0,0,1,2,1,1,4
419,419,417,414,13,14,15,13,0,2,3,-1,-1,2,0,2,2,1,2,4
199,196,196,196,21,19,21,19,3,0,0,2,-2,2,2,2,1,3,1,4
639,635,635,632,20,19,20,18,4,0,3,1,-1,2,2,2,2,2,1,4
506,496,492,492,14,17,15,16,10,4,0,-3,2,-1,-2,3,1,1,1,4
998,998,993,996,13,16,15,16,0,5,-3,-3,1,-1,-3,3,3,1,2,4
698,696,693,693,13,14,15,16,2,3,0,-1,-1,-1,-3,1,2,3,3,4
944,935,937,937,20,19,20,21,9,-2,0,1,-1,-1,-1,2,2,1,1,4
492,485,485,489,14,17,15,16,7,0,-4,-3,2,-1,-2,3,2,2,2,4
381,384,379,377,17,16,18,18,-3,5,2,1,-2,0,-1,2,3,1,2,4
815,810,806,810,18,19,20,19,5,4,-4,-1,-1,1,-1,3,1,1,1,4
712,712,710,705,20,19,20,21,0,2,5,1,-1,-1,-1,1,1,2,2,4
379,377,374,374,13,14,15,13,2,3,0,-1,-1,2,0,3,2,1,3,4
468,464,464,468,13,14,15,13,4,0,-4,-1,-1,2,0,1,3,1,1,4
506,506,499,501,14,14,13,13,0,7,-2,0,1,0,1,1,1,2,1,4
426,421,417,417,17,16,18,16,5,4,0,1,-2,2,1,1,1,1,1,4
822,820,815,815,18,17,18,19,2,5,0,1,-1,-1,-1,2,3,1,1,4
407,405,403,403,13,14,12,13,2,2,0,-1,2,-1,0,3,2,1,1,4
548,543,534,539,18,19,18,18,5,9,-5,-1,1,0,0,3,1,1,1,4
548,546,539,539,18,17,18,18,2,7,0,1,-1,0,0,3,2,1,1,4
989,993,991,993,13,14,12,13,-4,2,-2,-1,2,-1,0,1,3,2,1,4
438,433,431,436,13,14,15,16,5,2,-5,-1,-1,-1,-3,2,2,3,1,4
557,560,548,550,18,19,18,18,-3,12,-2,-1,1,0,0,3,2,1,2,4
400,396,389,386,13,14,12,13,4,7,3,-1,2,-1,0,2,2,1,2,4
904,895,893,895,14,17,15,16,9,2,-2,-3,2,-1,-2,1,3,2,1,4
321,318,309,314,14,14,13,13,3,9,-5,0,1,0,1,2,3,3,1,4
257,260,250,253,21,19,20,21,-3,10,-3,2,-1,-1,0,1,2,2,1,4
953,953,949,956,13,14,15,13,0,4,-7,-1,-1,2,0,2,2,2,1,4
412,417,410,412,20,19,20,21,-5,7,-2,1,-1,-1,-1,3,1,2,1,4
967,963,967,970,20,19,20,21,4,-4,-3,1,-1,-1,-1,2,2,2,1,4
935,942,935,935,17,16,15,16,-7,7,0,1,1,-1,1,2,1,2,2,4
524,522,520,520,21,19,20,19,2,2,0,2,-1,1,2,1,2,1,3,4
846,846,843,843,18,19,20,18,0,3,0,-1,-1,2,0,2,2,1,1,4
745,743,740,740,20,19,20,18,2,3,0,1,-1,2,2,1,2,1,1,4
1059,1054,1045,1050,20,19,18,18,5,9,-5,1,1,0,2,1,3,3,1,4
944,942,942,946,17,16,18,16,2,0,-4,1,-2,2,1,2,1,3,1,4
679,677,674,674,13,14,12,13,2,3,0,-1,2,-1,0,1,2,1,3,4
412,412,417,426,20,19,20,21,0,-5,-9,1,-1,-1,-1,3,1,1,1,4
796,794,785,785,18,17,18,19,2,9,0,1,-1,-1,-1,1,2,2,2,4
510,503,503,501,14,14,13,13,7,0,2,0,1,0,1,3,2,2,3,4
876,874,871,871,14,14,15,13,2,3,0,0,-1,2,1,3,2,1,1,4
651,649,649,642,17,16,15,16,2,0,7,1,1,-1,1,1,2,2,1,4
782,775,773,775,14,14,15,16,7,2,-2,0,-1,-1,-2,1,2,3,2,4
846,839,843,843,14,14,15,16,7,-4,0,0,-1,-1,-2,2,1,1,1,4
937,925,928,921,13,14,13,13,12,-3,7,-1,1,0,0,1,2,1,2,4
323,318,316,314,18,17,18,19,5,2,2,1,-1,-1,-1,1,1,2,1,4
447,450,436,436,13,14,15,13,-3,14,0,-1,-1,2,0,2,1,1,1,4
745,740,740,750,20,19,20,18,5,0,-10,1,-1,2,2,1,3,1,1,4
806,794,803,806,14,17,15,16,12,-9,-3,-3,2,-1,-2,1,2,2,3,4
569,562,557,557,21,19,20,18,7,5,0,2,-1,2,3,2,3,1,1,4
853,848,846,843,21,19,20,21,5,2,3,2,-1,-1,0,1,1,2,1,4
707,703,705,703,20,19,23,21,4,-2,2,1,-4,2,-1,1,1,2,1,4
304,300,300,302,14,17,15,16,4,0,-2,-3,2,-1,-2,3,1,3,2,4
944,946,944,942,17,16,15,16,-2,2,2,1,1,-1,1,2,3,2,3,4
602,600,595,595,14,14,15,13,2,5,0,0,-1,2,1,2,1,1,3,4
824,817,817,817,18,17,18,16,7,0,0,1,-1,2,2,1,2,2,2,4
492,496,492,489,14,17,15,16,-4,4,3,-3,2,-1,-2,1,3,1,2,4
796,794,792,794,18,17,18,19,2,2,-2,1,-1,-1,-1,3,2,3,2,4
236,239,236,241,18,19,18,18,-3,3,-5,-1,1,0,0,2,3,2,2,4
796,785,785,792,14,14,13,13,11,0,-7,0,1,0,1,1,2,2,1,4
1017,1021,1017,1021,17,16,18,18,-4,4,-4,1,-2,0,-1,3,1,1,1,4
902,895,890,890,21,19,20,21,7,5,0,2,-1,-1,0,2,1,1,1,4
750,743,743,740,20,19,18,18,7,0,3,1,1,0,2,1,2,2,1,4
792,787,778,778,14,17,15,16,5,9,0,-3,2,-1,-2,3,1,1,1,4
674,663,660,665,13,14,12,13,11,3,-5,-1,2,-1,0,1,2,3,1,4
440,438,438,440,20,19,20,21,2,0,-2,1,-1,-1,-1,1,2,2,1,4
857,853,843,848,18,17,18,16,4,10,-5,1,-1,2,2,1,3,1,1,4
810,803,801,801,18,17,18,19,7,2,0,1,-1,-1,-1,3,2,3,1,4
986,984,977,979,17,16,18,16,2,7,-2,1,-2,2,1,2,1,2,1,4
974,977,974,974,13,14,12,13,-3,3,0,-1,2,-1,0,1,2,1,1,4
201,194,203,208,18,17,18,19,7,-9,-5,1,-1,-1,-1,3,2,2,2,4
541,539,536,536,18,19,18,18,2,3,0,-1,1,0,0,2,1,2,2,4
231,229,232,227,18,17,18,19,2,-3,5,1,-1,-1,-1,2,1,2,2,4
729,703,686,698,13,14,12,13,26,17,-12,-1,2,-1,0,2,3,2,1,4
1045,1043,1040,1040,17,19,18,18,2,3,0,-2,1,0,-1,1,2,1,1,4
893,900,874,900,14,17,15,16,-7,26,-26,-3,2,-1,-2,2,1,2,1,4
888,890,886,890,14,14,15,13,-2,4,-4,0,-1,2,1,2,1,1,1,4
628,623,614,621,18,19,18,19,5,9,-7,-1,1,-1,-1,1,3,1,2,4
393,391,393,391,20,19,20,21,2,-2,2,1,-1,-1,-1,1,2,1,2,4
703,705,700,698,17,19,15,16,-2,5,2,-2,4,-1,1,3,2,2,1,4
660,660,658,660,17,16,18,18,0,2,-2,1,-2,0,-1,1,1,2,1,4
440,438,431,431,20,19,20,21,2,7,0,1,-1,-1,-1,3,2,1,1,4
314,304,297,300,14,14,15,13,10,7,-3,0,-1,2,1,1,1,2,1,4
794,794,789,792,14,17,15,16,0,5,-3,-3,2,-1,-2,2,2,2,3,4
262,260,257,257,14,14,13,13,2,3,0,0,1,0,1,3,2,1,1,4
492,494,485,482,18,17,18,19,-2,9,3,1,-1,-1,-1,1,2,2,1,4
1057,1045,1038,1040,13,14,15,13,12,7,-2,-1,-1,2,0,2,3,2,1,4
248,236,224,224,18,19,20,19,12,12,0,-1,-1,1,-1,3,2,1,1,4
300,290,295,295,21,19,20,19,10,-5,0,2,-1,1,2,1,1,1,1,4
564,560,562,557,14,17,15,16,4,-2,5,-3,2,-1,-2,2,2,1,1,4
1052,1050,1050,1050,20,19,18,18,2,0,0,1,1,0,2,2,1,1,1,4
658,649,651,656,13,14,15,13,9,-2,-5,-1,-1,2,0,2,2,1,1,4
571,560,560,564,14,17,15,16,11,0,-4,-3,2,-1,-2,1,2,2,2,4
862,853,853,853,14,17,15,16,9,0,0,-3,2,-1,-2,3,3,3,1,4
595,571,574,576,14,14,13,13,24,-3,-2,0,1,0,1,1,1,2,1,4
674,674,665,665,13,14,15,13,0,9,0,-1,-1,2,0,3,1,3,1,4
253,248,246,243,18,17,18,18,5,2,3,1,-1,0,0,1,1,2,1,4
527,524,520,517,21,19,20,21,3,4,3,2,-1,-1,0,2,3,1,2,4
271,269,271,267,14,14,13,13,2,-2,4,0,1,0,1,1,2,1,3,4
571,567,567,569,14,14,13,13,4,0,-2,0,1,0,1,3,3,1,2,4
271,262,262,260,21,19,20,21,9,0,2,2,-1,-1,0,1,1,1,2,4
492,487,482,489,14,17,15,16,5,5,-7,-3,2,-1,-2,1,1,1,2,4
527,508,501,510,14,14,15,13,19,7,-9,0,-1,2,1,2,2,3,1,4
979,972,970,972,13,14,12,13,7,2,-2,-1,2,-1,0,3,2,1,2,4
304,297,286,286,18,17,18,16,7,11,0,1,-1,2,2,3,2,1,1,4
192,182,187,187,14,17,15,16,10,-5,0,-3,2,-1,-2,1,1,1,1,4
895,893,890,890,18,19,18,19,2,3,0,-1,1,-1,-1,3,2,1,3,4
192,187,192,194,21,19,21,19,5,-5,-2,2,-2,2,2,3,3,1,2,4
231,234,229,232,21,19,20,19,-3,5,-3,2,-1,1,2,2,1,1,2,4
693,696,696,693,17,16,18,16,-3,0,3,1,-2,2,1,1,2,2,1,4
431,426,426,431,20,19,20,18,5,0,-5,1,-1,2,2,1,1,1,1,4
419,412,403,407,20,19,18,18,7,9,-4,1,1,0,2,2,1,1,1,4
325,318,316,318,14,14,13,13,7,2,-2,0,1,0,1,2,3,2,3,4
942,935,932,932,13,14,15,13,7,3,0,-1,-1,2,0,3,2,1,1,4
1036,1033,1031,1028,17,16,18,18,3,2,3,1,-2,0,-1,3,2,1,2,4
351,339,344,344,20,19,18,18,12,-5,0,1,1,0,2,1,2,2,2,4
227,222,222,222,14,17,15,16,5,0,0,-3,2,-1,-2,2,2,2,2,4
192,194,194,194,18,17,18,16,-2,0,0,1,-1,2,2,1,2,2,2,4
231,224,229,229,18,19,18,19,7,-5,0,-1,1,-1,-1,2,3,3,1,4
625,625,623,625,14,17,15,16,0,2,-2,-3,2,-1,-2,2,2,1,2,4
761,764,757,757,20,19,20,18,-3,7,0,1,-1,2,2,2,3,2,2,4
192,187,1061,192,21,19,20,21,5,-874,869,2,-1,-1,0,3,1,2,1,4
902,897,890,890,18,17,18,16,5,7,0,1,-1,2,2,2,2,1,1,4
262,260,257,255,18,17,18,16,2,3,2,1,-1,2,2,1,2,3,2,4
1019,1014,1012,1012,13,14,15,13,5,2,0,-1,-1,2,0,2,2,3,1,4
231,222,213,210,14,14,13,13,9,9,3,0,1,0,1,2,2,2,1,4
1007,1003,1003,1000,17,16,15,16,4,0,3,1,1,-1,1,1,1,3,2,4
365,367,363,360,17,16,18,16,-2,4,3,1,-2,2,1,1,2,2,1,4
316,311,304,300,18,19,20,19,5,7,4,-1,-1,1,-1,2,2,3,3,4
475,475,468,471,20,19,20,18,0,7,-3,1,-1,2,2,2,2,1,2,4
307,293,295,290,14,17,15,16,14,-2,5,-3,2,-1,-2,2,2,3,1,4
916,914,914,911,14,17,15,16,2,0,3,-3,2,-1,-2,2,1,1,2,4
843,843,841,839,21,19,20,21,0,2,2,2,-1,-1,0,1,1,2,1,4
473,471,473,473,20,19,20,21,2,-2,0,1,-1,-1,-1,1,2,3,1,4
271,264,250,253,14,14,15,13,7,14,-3,0,-1,2,1,3,2,2,1,4
759,757,757,754,13,14,12,13,2,0,3,-1,2,-1,0,1,2,2,3,4
253,250,246,243,14,17,15,16,3,4,3,-3,2,-1,-2,1,2,2,1,4
450,443,440,445,13,16,15,16,7,3,-5,-3,1,-1,-3,1,2,1,1,4
586,586,588,581,14,14,13,13,0,-2,7,0,1,0,1,1,3,2,3,4
501,501,496,496,18,19,18,19,0,5,0,-1,1,-1,-1,1,1,1,3,4
281,271,269,269,14,14,15,13,10,2,0,0,-1,2,1,3,1,2,2,4
1007,1003,998,996,17,16,18,18,4,5,2,1,-2,0,-1,1,3,3,2,4
1036,1033,1028,1031,20,19,20,18,3,5,-3,1,-1,2,2,1,2,2,1,4
1054,1052,1052,1054,20,19,18,18,2,0,-2,1,1,0,2,1,2,2,1,4
286,281,281,283,21,19,20,21,5,0,-2,2,-1,-1,0,3,1,1,2,4
869,869,867,864,14,14,13,13,0,2,3,0,1,0,1,2,2,3,2,4
407,403,396,398,20,19,18,18,4,7,-2,1,1,0,2,3,1,2,1,4
846,836,836,834,18,17,18,18,10,0,2,1,-1,0,0,2,2,2,1,4
220,210,213,213,18,17,18,19,10,-3,0,1,-1,-1,-1,1,3,2,2,4
386,379,367,372,13,14,12,13,7,12,-5,-1,2,-1,0,2,1,2,2,4
801,794,792,792,14,14,15,13,7,2,0,0,-1,2,1,1,2,1,1,4
274,267,269,269,18,17,18,18,7,-2,0,1,-1,0,0,2,3,2,2,4
271,264,260,257,18,19,18,18,7,4,3,-1,1,0,0,1,2,2,1,4
614,609,604,609,14,17,15,16,5,5,-5,-3,2,-1,-2,3,1,1,1,4
801,794,801,801,21,19,21,21,7,-7,0,2,-2,0,0,1,2,1,3,4
431,424,417,412,17,16,18,18,7,7,5,1,-2,0,-1,1,2,1,1,4
916,914,911,907,18,17,18,19,2,3,4,1,-1,-1,-1,2,3,2,2,4
496,492,487,487,14,14,15,13,4,5,0,0,-1,2,1,1,3,1,1,4
353,349,353,356,17,16,18,18,4,-4,-3,1,-2,0,-1,2,2,2,3,4
876,867,862,864,14,14,15,13,9,5,-2,0,-1,2,1,1,3,1,2,4
513,499,496,492,14,14,15,13,14,3,4,0,-1,2,1,2,2,1,1,4
614,604,595,597,18,19,20,19,10,9,-2,-1,-1,1,-1,1,1,1,2,4
1059,1059,1059,1054,13,14,15,13,0,0,5,-1,-1,2,0,1,3,1,1,4
813,801,792,796,14,17,15,16,12,9,-4,-3,2,-1,-2,2,1,1,3,4
581,576,576,576,21,19,20,18,5,0,0,2,-1,2,3,1,1,1,1,4
965,963,960,963,13,14,12,13,2,3,-3,-1,2,-1,0,1,2,1,2,4
745,743,745,745,20,19,20,18,2,-2,0,1,-1,2,2,1,2,1,1,4
419,417,414,410,17,19,18,18,2,3,4,-2,1,0,-1,2,3,2,2,4
367,370,365,365,13,14,12,13,-3,5,0,-1,2,-1,0,2,3,1,3,4
623,618,616,611,14,14,13,13,5,2,5,0,1,0,1,1,3,2,2,4
890,881,881,881,21,19,20,21,9,0,0,2,-1,-1,0,1,1,1,1,4
450,440,445,445,17,16,15,16,10,-5,0,1,1,-1,1,1,3,1,1,4
339,337,332,332,13,14,15,13,2,5,0,-1,-1,2,0,2,3,1,1,4
250,246,239,243,14,14,15,16,4,7,-4,0,-1,-1,-2,2,2,3,1,4
206,213,210,215,21,19,20,21,-7,3,-5,2,-1,-1,0,1,2,1,3,4
187,187,187,185,14,14,13,13,0,0,2,0,1,0,1,3,1,3,2,4
733,731,731,731,17,19,18,18,2,0,0,-2,1,0,-1,2,1,1,1,4
925,916,911,902,14,14,13,13,9,5,9,0,1,0,1,2,2,2,2,4
642,639,635,637,13,14,15,13,3,4,-2,-1,-1,2,0,1,2,2,1,4
799,794,789,787,14,14,15,16,5,5,2,0,-1,-1,-2,2,2,2,1,4
311,307,304,302,18,17,18,16,4,3,2,1,-1,2,2,2,2,1,2,4
262,255,248,248,14,14,13,13,7,7,0,0,1,0,1,1,2,1,1,4
993,989,989,984,17,19,18,18,4,0,5,-2,1,0,-1,1,1,1,1,4
989,982,984,982,20,19,20,18,7,-2,2,1,-1,2,2,1,2,1,2,4
588,588,588,590,14,17,15,16,0,0,-2,-3,2,-1,-2,2,2,2,1,4
410,407,405,410,13,14,15,13,3,2,-5,-1,-1,2,0,2,3,2,2,4
960,953,951,949,20,19,20,18,7,2,2,1,-1,2,2,3,2,1,2,4
923,928,928,928,14,14,13,13,-5,0,0,0,1,0,1,3,1,1,1,4
949,946,946,946,17,16,18,18,3,0,0,1,-2,0,-1,2,1,1,1,4
217,215,215,215,21,19,20,21,2,0,0,2,-1,-1,0,2,3,1,1,4
712,705,705,703,13,14,15,13,7,0,2,-1,-1,2,0,3,2,2,1,4
531,527,532,534,21,19,20,21,4,-5,-2,2,-1,-1,0,2,2,2,1,4
426,419,414,421,17,16,18,18,7,5,-7,1,-2,0,-1,3,2,2,1,4
553,548,548,548,21,19,20,18,5,0,0,2,-1,2,3,1,3,1,3,4
271,269,269,271,14,14,13,13,2,0,-2,0,1,0,1,1,2,2,1,4
862,860,850,853,14,14,15,13,2,10,-3,0,-1,2,1,1,2,2,1,4
353,344,342,342,17,16,18,16,9,2,0,1,-2,2,1,2,2,1,1,4
792,792,792,792,21,19,21,19,0,0,0,2,-2,2,2,1,1,1,1,4
468,471,466,468,13,14,15,13,-3,5,-2,-1,-1,2,0,1,2,2,1,4
229,220,224,222,14,14,13,13,9,-4,2,0,1,0,1,1,1,3,2,4
370,365,363,360,17,16,15,16,5,2,3,1,1,-1,1,1,1,2,1,4
269,257,253,250,18,17,18,16,12,4,3,1,-1,2,2,2,3,1,2,4
332,332,328,323,20,19,18,19,0,4,5,1,1,-1,1,1,1,1,1,4
450,443,431,431,17,16,15,16,7,12,0,1,1,-1,1,3,2,3,1,4
325,325,325,325,14,17,15,16,0,0,0,-3,2,-1,-2,2,2,2,2,4
257,248,246,246,14,17,15,16,9,2,0,-3,2,-1,-2,1,3,2,2,4
707,712,710,710,20,19,18,18,-5,2,0,1,1,0,2,1,1,2,2,4
187,182,1075,1075,14,14,13,13,5,-893,0,0,1,0,1,1,1,2,2,4
693,696,696,696,13,14,15,13,-3,0,0,-1,-1,2,0,3,2,2,2,4
332,325,325,332,13,14,13,13,7,0,-7,-1,1,0,0,1,2,2,1,4
707,707,707,703,20,19,20,18,0,0,4,1,-1,2,2,3,3,1,1,4
951,949,946,949,17,16,18,18,2,3,-3,1,-2,0,-1,3,2,1,2,4
761,759,759,759,20,19,20,21,2,0,0,1,-1,-1,-1,2,1,1,1,4
984,979,979,979,17,16,18,16,5,0,0,1,-2,2,1,3,1,1,3,4
248,248,248,248,18,19,18,18,0,0,0,-1,1,0,0,1,1,1,1,4
951,942,942,937,17,16,18,18,9,0,5,1,-2,0,-1,1,1,1,3,4
733,726,721,721,13,14,15,16,7,5,0,-1,-1,-1,-3,2,1,1,1,4
808,806,806,803,21,19,20,19,2,0,3,2,-1,1,2,2,1,1,2,4
246,241,243,243,21,19,20,21,5,-2,0,2,-1,-1,0,2,2,1,1,4
925,923,923,921,18,17,18,19,2,0,2,1,-1,-1,-1,2,1,1,2,4
269,260,257,262,14,17,15,16,9,3,-5,-3,2,-1,-2,2,2,1,1,4
787,785,794,796,14,14,15,16,2,-9,-2,0,-1,-1,-2,1,2,2,1,4
900,883,874,871,14,14,13,13,17,9,3,0,1,0,1,1,2,2,1,4
789,785,785,782,14,14,15,13,4,0,3,0,-1,2,1,2,2,2,1,4
1071,1064,1059,1057,17,16,15,16,7,5,2,1,1,-1,1,2,3,1,2,4
407,403,407,407,20,19,20,21,4,-4,0,1,-1,-1,-1,1,3,1,1,4
257,246,229,227,14,14,13,13,11,17,2,0,1,0,1,1,2,1,2,4
967,956,956,953,13,14,15,13,11,0,3,-1,-1,2,0,2,3,3,2,4
1024,1019,1019,1024,17,16,15,16,5,0,-5,1,1,-1,1,2,2,2,2,4
356,356,356,358,13,14,15,13,0,0,-2,-1,-1,2,0,1,1,3,2,4
864,860,857,857,18,17,18,18,4,3,0,1,-1,0,0,2,2,3,1,4
307,290,290,286,18,17,18,19,17,0,4,1,-1,-1,-1,2,3,1,1,4
543,539,539,536,18,19,18,18,4,0,3,-1,1,0,0,1,3,1,2,4
367,360,356,356,17,16,18,16,7,4,0,1,-2,2,1,2,1,1,1,4
349,349,351,346,13,14,12,13,0,-2,5,-1,2,-1,0,2,2,1,1,4
743,743,736,740,20,19,20,18,0,7,-4,1,-1,2,2,2,2,3,1,4
276,271,269,267,14,14,15,13,5,2,2,0,-1,2,1,1,1,2,1,4
257,253,248,248,14,14,13,13,4,5,0,0,1,0,1,3,1,1,1,4
958,956,953,951,20,19,20,18,2,3,2,1,-1,2,2,2,3,2,1,4
810,803,792,801,14,17,15,16,7,11,-9,-3,2,-1,-2,3,2,1,1,4
311,304,304,300,14,14,13,13,7,0,4,0,1,0,1,2,1,1,1,4
616,614,607,604,14,14,13,13,2,7,3,0,1,0,1,2,3,2,3,4
557,553,546,543,14,17,15,16,4,7,3,-3,2,-1,-2,1,1,2,1,4
543,536,534,532,14,14,15,13,7,2,2,0,-1,2,1,3,2,1,2,4
1031,1028,1026,1031,13,14,15,13,3,2,-5,-1,-1,2,0,3,2,1,1,4
911,904,904,902,14,14,15,16,7,0,2,0,-1,-1,-2,2,1,1,2,4
970,967,965,965,17,19,18,18,3,2,0,-2,1,0,-1,1,2,3,1,4
567,555,557,557,18,19,18,18,12,-2,0,-1,1,0,0,1,2,1,1,4
187,1075,1078,1078,18,16,18,16,-888,-3,0,2,-2,2,2,3,2,1,1,4
989,991,986,989,17,16,18,18,-2,5,-3,1,-2,0,-1,3,2,2,1,4
436,433,436,431,20,19,18,18,3,-3,5,1,1,0,2,1,2,1,1,4
569,557,555,560,14,14,15,13,12,2,-5,0,-1,2,1,2,1,2,2,4
843,817,817,820,14,14,15,13,26,0,-3,0,-1,2,1,1,2,2,1,4
1000,989,989,984,20,19,20,18,11,0,5,1,-1,2,2,2,3,1,1,4
227,229,229,224,14,14,15,16,-2,0,5,0,-1,-1,-2,2,3,1,1,4
642,637,637,642,20,19,20,18,5,0,-5,1,-1,2,2,3,1,1,3,4
590,586,590,581,18,19,18,19,4,-4,9,-1,1,-1,-1,1,1,1,1,4
534,517,517,520,18,19,18,19,17,0,-3,-1,1,-1,-1,1,2,2,3,4
1040,1033,1028,1031,17,16,18,18,7,5,-3,1,-2,0,-1,3,2,2,1,4
707,703,703,707,20,19,18,18,4,0,-4,1,1,0,2,1,1,1,1,4
414,412,419,417,20,19,18,18,2,-7,2,1,1,0,2,2,3,2,1,4
778,773,768,766,17,16,18,18,5,5,2,1,-2,0,-1,1,3,3,2,4
674,667,667,663,13,14,15,16,7,0,4,-1,-1,-1,-3,3,2,2,2,4
496,492,487,492,21,19,21,21,4,5,-5,2,-2,0,0,1,1,3,1,4
271,269,269,267,14,14,15,13,2,0,2,0,-1,2,1,1,2,2,1,4
182,1075,1073,1073,21,19,20,18,-893,2,0,2,-1,2,3,1,2,1,1,4
986,984,979,977,17,16,18,18,2,5,2,1,-2,0,-1,2,1,1,2,4
574,576,569,571,14,14,15,16,-2,7,-2,0,-1,-1,-2,2,3,2,1,4
979,970,970,970,13,14,12,13,9,0,0,-1,2,-1,0,3,1,1,3,4
543,539,539,539,21,19,20,21,4,0,0,2,-1,-1,0,3,1,1,1,4
574,569,564,567,18,19,18,18,5,5,-3,-1,1,0,0,2,2,2,1,4
888,883,881,881,14,14,15,13,5,2,0,0,-1,2,1,2,2,1,1,4
890,890,881,886,14,17,15,16,0,9,-5,-3,2,-1,-2,1,1,1,1,4
229,227,224,224,14,14,15,13,2,3,0,0,-1,2,1,1,2,1,1,4
400,407,400,393,20,19,20,21,-7,7,7,1,-1,-1,-1,2,3,2,1,4
360,360,358,356,13,14,15,13,0,2,2,-1,-1,2,0,3,3,2,1,4
527,527,524,524,21,19,20,19,0,3,0,2,-1,1,2,2,2,1,1,4
937,925,928,925,17,17,18,16,12,-3,3,0,-1,2,1,3,2,1,2,4
224,215,210,215,18,17,18,16,9,5,-5,1,-1,2,2,3,1,1,3,4
590,590,590,590,21,19,20,19,0,0,0,2,-1,1,2,1,1,1,3,4
710,712,700,707,13,14,15,13,-2,12,-7,-1,-1,2,0,2,1,2,1,4
384,382,377,379,20,19,20,18,2,5,-2,1,-1,2,2,3,2,2,1,4
213,210,210,210,14,14,13,13,3,0,0,0,1,0,1,2,1,1,1,4
639,639,637,632,17,16,18,16,0,2,5,1,-2,2,1,2,2,1,1,4
738,733,733,731,20,19,20,18,5,0,2,1,-1,2,2,2,2,2,1,4
1068,1064,1059,1057,13,14,12,13,4,5,2,-1,2,-1,0,1,1,1,2,4
890,883,878,876,18,17,18,18,7,5,2,1,-1,0,0,3,2,2,1,4
1033,1038,1038,1036,17,16,15,16,-5,0,2,1,1,-1,1,2,2,2,1,4
539,522,517,520,14,14,13,13,17,5,-3,0,1,0,1,1,2,2,3,4
1052,1050,1045,1047,17,16,18,18,2,5,-2,1,-2,0,-1,2,1,3,2,4
960,956,956,965,17,16,15,16,4,0,-9,1,1,-1,1,3,1,1,1,4
201,199,194,196,21,19,21,19,2,5,-2,2,-2,2,2,1,2,2,1,4
703,700,703,710,20,19,20,21,3,-3,-7,1,-1,-1,-1,1,2,1,2,4
925,923,925,918,14,14,15,16,2,-2,7,0,-1,-1,-2,2,3,2,1,4
426,424,417,421,20,19,20,21,2,7,-4,1,-1,-1,-1,3,2,1,1,4
297,290,286,286,14,14,13,13,7,4,0,0,1,0,1,2,1,3,3,4
1073,1071,1073,1078,20,19,18,18,2,-2,-5,1,1,0,2,1,2,3,1,4
689,679,684,689,17,19,18,18,10,-5,-5,-2,1,0,-1,3,3,1,3,4
646,644,644,642,20,19,20,21,2,0,2,1,-1,-1,-1,1,2,2,1,4
681,682,672,759,13,14,15,16,-1,10,-87,-1,-1,-1,-3,2,2,2,1,4
684,677,674,677,17,16,15,16,7,3,-3,1,1,-1,1,3,2,1,2,4
553,546,539,543,21,19,20,21,7,7,-4,2,-1,-1,0,1,2,1,1,4
213,210,210,210,18,19,18,19,3,0,0,-1,1,-1,-1,2,1,1,1,4
396,396,393,396,20,19,20,18,0,3,-3,1,-1,2,2,2,2,1,2,4
1007,1010,1007,1007,17,16,18,16,-3,3,0,1,-2,2,1,1,2,1,1,4
433,426,424,419,13,14,12,13,7,2,5,-1,2,-1,0,2,3,2,2,4
527,522,522,524,18,17,15,16,5,0,-2,1,2,-1,2,2,2,2,1,4
496,496,494,489,14,14,13,13,0,2,5,0,1,0,1,1,3,2,2,4
529,524,524,524,21,19,20,19,5,0,0,2,-1,1,2,1,1,1,1,4
445,440,440,436,13,14,15,13,5,0,4,-1,-1,2,0,1,3,1,1,4
281,276,276,278,18,19,18,19,5,0,-2,-1,1,-1,-1,1,1,1,2,4
431,428,431,440,20,19,18,18,3,-3,-9,1,1,0,2,1,2,1,1,4
946,944,942,944,17,16,18,16,2,2,-2,1,-2,2,1,1,2,1,2,4
691,689,724,750,13,14,12,13,2,-35,-26,-1,2,-1,0,2,3,2,1,4
557,553,555,553,18,19,18,18,4,-2,2,-1,1,0,0,1,1,2,1,4
667,665,660,667,13,14,15,13,2,5,-7,-1,-1,2,0,2,1,1,2,4
787,775,768,771,14,14,12,13,12,7,-3,0,2,-1,1,1,2,1,2,4
998,989,989,984,20,19,18,18,9,0,5,1,1,0,2,3,1,1,1,4
478,475,475,475,17,16,15,16,3,0,0,1,1,-1,1,1,2,2,2,4
888,881,886,886,21,19,20,21,7,-5,0,2,-1,-1,0,2,3,1,1,4
517,515,510,510,18,19,18,19,2,5,0,-1,1,-1,-1,2,1,3,1,4
712,717,712,705,13,14,15,16,-5,5,7,-1,-1,-1,-3,1,3,1,2,4
925,923,923,928,21,19,21,21,2,0,-5,2,-2,0,0,2,3,1,1,4
677,667,665,663,13,14,15,13,10,2,2,-1,-1,2,0,2,2,3,2,4
501,499,499,496,18,19,18,19,2,0,3,-1,1,-1,-1,3,2,2,1,4
712,700,696,698,13,14,15,13,12,4,-2,-1,-1,2,0,1,2,2,1,4
201,194,187,189,14,17,15,16,7,7,-2,-3,2,-1,-2,1,2,3,2,4
806,801,796,794,14,17,15,16,5,5,2,-3,2,-1,-2,1,1,1,2,4
808,796,794,796,14,17,15,16,12,2,-2,-3,2,-1,-2,2,1,2,3,4
243,241,239,241,14,14,15,13,2,2,-2,0,-1,2,1,3,2,1,2,4
974,972,972,970,17,16,18,18,2,0,2,1,-2,0,-1,1,2,2,1,4
918,916,921,918,14,17,15,16,2,-5,3,-3,2,-1,-2,1,2,2,3,4
529,515,515,515,14,14,15,13,14,0,0,0,-1,2,1,3,3,1,1,4
1003,1005,1003,1003,17,19,15,16,-2,2,0,-2,4,-1,1,1,2,1,1,4
227,224,222,220,21,19,20,21,3,2,2,2,-1,-1,0,2,1,2,3,4
246,243,234,234,14,14,13,13,3,9,0,0,1,0,1,2,3,1,3,4
515,508,506,506,18,19,20,19,7,2,0,-1,-1,1,-1,1,2,1,1,4
426,421,421,421,13,14,12,13,5,0,0,-1,2,-1,0,1,1,1,1,4
450,450,450,450,20,19,20,18,0,0,0,1,-1,2,2,3,3,3,1,4
993,991,989,989,20,19,20,21,2,2,0,1,-1,-1,-1,3,2,3,1,4
182,1075,1073,1075,18,19,18,18,-893,2,-2,-1,1,0,0,1,2,3,2,4
871,864,867,867,14,14,15,13,7,-3,0,0,-1,2,1,3,2,3,1,4
276,264,262,262,14,14,15,13,12,2,0,0,-1,2,1,3,2,1,1,4
182,1078,1073,1073,18,16,18,18,-896,5,0,2,-2,0,0,1,1,1,1,4
384,382,377,374,20,19,20,21,2,5,3,1,-1,-1,-1,1,2,2,1,4
384,379,382,384,20,19,18,18,5,-3,-2,1,1,0,2,1,3,2,3,4
374,372,365,370,17,16,18,18,2,7,-5,1,-2,0,-1,1,2,1,1,4
831,822,824,820,14,17,15,16,9,-2,4,-3,2,-1,-2,2,2,1,1,4
703,698,696,728,13,14,15,13,5,2,-32,-1,-1,2,0,3,1,2,2,4
656,651,651,649,13,14,12,13,5,0,2,-1,2,-1,0,1,3,1,2,4
276,271,267,267,14,17,15,16,5,4,0,-3,2,-1,-2,1,1,1,1,4
466,461,454,459,13,14,15,13,5,7,-5,-1,-1,2,0,2,2,1,1,4
843,839,832,836,14,17,15,16,4,7,-4,-3,2,-1,-2,1,3,2,2,4
656,651,646,649,20,19,18,18,5,5,-3,1,1,0,2,1,1,1,2,4
707,703,700,703,13,14,15,13,4,3,-3,-1,-1,2,0,3,3,2,1,4
893,886,881,883,14,14,15,13,7,5,-2,0,-1,2,1,2,3,1,2,4
712,710,714,707,13,14,12,13,2,-4,7,-1,2,-1,0,1,2,2,3,4
443,443,440,438,17,16,15,16,0,3,2,1,1,-1,1,2,2,1,2,4
386,384,382,382,17,19,18,18,2,2,0,-2,1,0,-1,2,3,2,2,4
743,740,736,736,17,16,18,18,3,4,0,1,-2,0,-1,2,1,1,1,4
604,602,600,625,21,19,20,21,2,2,-25,2,-1,-1,0,1,2,1,2,4
515,506,506,510,18,19,18,19,9,0,-4,-1,1,-1,-1,1,1,1,1,4
492,494,492,492,14,17,15,16,-2,2,0,-3,2,-1,-2,1,2,1,1,4
588,586,586,586,18,19,18,19,2,0,0,-1,1,-1,-1,2,1,1,1,4
271,271,269,271,14,14,13,13,0,2,-2,0,1,0,1,1,1,2,1,4
555,543,543,536,14,14,13,13,12,0,7,0,1,0,1,2,1,1,2,4
257,253,248,260,14,14,15,13,4,5,-12,0,-1,2,1,3,1,1,2,4
365,363,358,363,17,16,15,16,2,5,-5,1,1,-1,1,1,2,2,2,4
360,358,356,358,20,19,18,18,2,2,-2,1,1,0,2,1,2,3,2,4
426,426,426,431,13,14,12,13,0,0,-5,-1,2,-1,0,3,1,1,1,4
443,440,436,436,20,19,20,21,3,4,0,1,-1,-1,-1,2,1,1,1,4
187,182,185,182,18,17,18,16,5,-3,3,1,-1,2,2,1,1,2,1,4
295,295,288,288,21,19,20,21,0,7,0,2,-1,-1,0,1,1,2,2,4
731,731,740,743,20,19,20,21,0,-9,-3,1,-1,-1,-1,1,1,1,2,4
485,482,487,482,18,17,18,16,3,-5,5,1,-1,2,2,2,1,1,1,4
318,311,314,309,18,17,18,16,7,-3,5,1,-1,2,2,1,2,1,1,4
234,224,224,224,14,14,13,13,10,0,0,0,1,0,1,1,3,3,1,4
1073,1071,1071,1071,20,19,18,18,2,0,0,1,1,0,2,1,2,2,2,4
853,853,843,839,14,14,15,13,0,10,4,0,-1,2,1,1,3,3,1,4
778,778,768,764,17,16,15,16,0,10,4,1,1,-1,1,1,1,1,1,4
679,674,665,665,20,19,18,18,5,9,0,1,1,0,2,1,1,3,1,4
731,726,717,721,20,19,18,18,5,9,-4,1,1,0,2,1,1,3,3,4
257,243,236,234,18,17,18,18,14,7,2,1,-1,0,0,1,3,2,1,4
208,199,201,206,18,17,18,19,9,-2,-5,1,-1,-1,-1,2,2,1,1,4
304,288,281,278,14,14,15,13,16,7,3,0,-1,2,1,1,2,1,2,4
874,871,867,881,18,17,18,19,3,4,-14,1,-1,-1,-1,2,3,1,1,4
679,674,672,672,13,14,15,13,5,2,0,-1,-1,2,0,1,3,2,2,4
848,848,843,848,18,17,18,16,0,5,-5,1,-1,2,2,1,1,1,1,4
475,471,473,475,17,16,15,16,4,-2,-2,1,1,-1,1,2,2,1,2,4
323,321,316,316,14,14,15,13,2,5,0,0,-1,2,1,3,2,2,2,4
279,274,274,269,18,17,18,18,5,0,5,1,-1,0,0,2,2,2,2,4
475,471,466,471,13,14,15,13,4,5,-5,-1,-1,2,0,2,2,2,2,4
433,426,428,433,20,19,20,18,7,-2,-5,1,-1,2,2,2,1,2,2,4
588,581,581,581,14,17,15,16,7,0,0,-3,2,-1,-2,2,1,3,1,4
672,667,663,667,13,14,12,13,5,4,-4,-1,2,-1,0,2,2,2,2,4
579,576,574,574,14,14,13,13,3,2,0,0,1,0,1,2,1,2,2,4
750,750,747,747,13,14,15,13,0,3,0,-1,-1,2,0,3,1,2,2,4
581,571,569,564,18,17,18,16,10,2,5,1,-1,2,2,1,3,2,2,4
239,234,234,234,18,17,18,16,5,0,0,1,-1,2,2,3,1,1,3,4
1059,1054,1059,1059,17,19,18,18,5,-5,0,-2,1,0,-1,1,1,1,1,4
679,674,674,677,20,19,20,21,5,0,-3,1,-1,-1,-1,1,1,1,2,4
914,900,900,900,18,17,18,16,14,0,0,1,-1,2,2,1,3,1,1,4
848,839,834,834,14,14,13,13,9,5,0,0,1,0,1,3,3,1,1,4
213,206,206,206,18,19,18,19,7,0,0,-1,1,-1,-1,2,1,3,1,4
1052,1045,1045,1045,13,14,15,13,7,0,0,-1,-1,2,0,2,1,1,1,4
841,836,834,832,18,17,18,16,5,2,2,1,-1,2,2,2,2,1,2,4
332,328,323,328,17,17,18,19,4,5,-5,0,-1,-1,-2,1,1,1,1,4
440,436,431,428,13,14,15,13,4,5,3,-1,-1,2,0,3,1,1,2,4
506,501,506,501,14,17,15,16,5,-5,5,-3,2,-1,-2,3,3,3,1,4
482,475,473,473,14,16,15,16,7,2,0,-2,1,-1,-2,1,2,1,1,4
674,674,670,670,13,14,15,16,0,4,0,-1,-1,-1,-3,1,1,3,1,4
974,970,965,967,13,14,12,13,4,5,-2,-1,2,-1,0,3,1,3,2,4
433,426,414,428,13,14,12,13,7,12,-14,-1,2,-1,0,2,3,2,2,4
820,813,810,810,14,14,15,13,7,3,0,0,-1,2,1,1,2,1,1,4
492,492,487,492,14,17,15,16,0,5,-5,-3,2,-1,-2,3,1,3,3,4
569,564,562,560,21,19,20,21,5,2,2,2,-1,-1,0,2,2,1,2,4
897,890,855,890,14,14,15,13,7,35,-35,0,-1,2,1,2,3,2,1,4
473,473,468,468,13,14,15,13,0,5,0,-1,-1,2,0,3,3,3,1,4
937,932,928,925,13,14,15,13,5,4,3,-1,-1,2,0,3,1,1,2,4
810,789,785,782,14,14,13,13,21,4,3,0,1,0,1,1,2,2,1,4
344,342,337,337,13,14,15,13,2,5,0,-1,-1,2,0,2,1,1,3,4
736,731,728,731,20,19,18,18,5,3,-3,1,1,0,2,1,1,2,1,4
623,616,616,621,14,17,15,16,7,0,-5,-3,2,-1,-2,3,2,2,2,4
893,890,890,890,21,19,20,21,3,0,0,2,-1,-1,0,2,1,3,1,4
738,733,724,719,13,14,12,13,5,9,5,-1,2,-1,0,2,2,2,2,4
189,1075,1078,1078,14,16,15,16,-886,-3,0,-2,1,-1,-2,2,2,1,1,4
693,684,682,682,17,16,15,16,9,2,0,1,1,-1,1,1,1,2,2,4
1033,1031,1028,1026,13,14,12,13,2,3,2,-1,2,-1,0,2,1,2,1,4
993,989,986,989,17,16,18,16,4,3,-3,1,-2,2,1,3,1,2,1,4
290,295,288,290,14,17,15,16,-5,7,-2,-3,2,-1,-2,1,1,2,1,4
843,839,836,843,14,17,15,16,4,3,-7,-3,2,-1,-2,3,1,2,1,4
224,217,210,210,14,14,13,13,7,7,0,0,1,0,1,1,2,1,1,4
684,682,679,679,17,16,18,16,2,3,0,1,-2,2,1,1,2,1,1,4
897,900,897,895,14,17,15,16,-3,3,2,-3,2,-1,-2,2,1,2,1,4
815,803,801,803,14,14,13,13,12,2,-2,0,1,0,1,1,2,1,2,4
569,557,562,560,14,17,15,16,12,-5,2,-3,2,-1,-2,2,1,1,2,4
574,567,567,562,21,19,20,18,7,0,5,2,-1,2,3,2,1,1,1,4
290,295,290,293,14,17,15,16,-5,5,-3,-3,2,-1,-2,1,3,1,2,4
1036,1031,1028,1031,20,19,18,18,5,3,-3,1,1,0,2,1,1,2,1,4
351,346,353,351,20,19,20,18,5,-7,2,1,-1,2,2,1,1,2,1,4
271,267,262,262,14,17,15,16,4,5,0,-3,2,-1,-2,3,3,3,1,4
684,684,682,679,17,16,15,16,0,2,3,1,1,-1,1,1,1,2,3,4
618,614,609,607,14,14,15,13,4,5,2,0,-1,2,1,1,1,1,2,4
288,286,281,276,21,19,20,21,2,5,5,2,-1,-1,0,2,3,1,3,4
656,656,653,656,13,14,12,13,0,3,-3,-1,2,-1,0,1,3,2,1,4
738,740,736,731,17,16,18,16,-2,4,5,1,-2,2,1,2,3,1,3,4
989,986,986,996,20,19,20,21,3,0,-10,1,-1,-1,-1,1,2,2,2,4
607,600,600,600,14,14,15,13,7,0,0,0,-1,2,1,2,3,1,1,4
810,806,806,806,18,19,18,19,4,0,0,-1,1,-1,-1,3,3,1,1,4
264,257,253,250,18,19,18,18,7,4,3,-1,1,0,0,2,3,1,2,4
365,360,356,356,20,19,20,18,5,4,0,1,-1,2,2,1,1,1,1,4
546,543,543,546,18,17,18,18,3,0,-3,1,-1,0,0,2,3,3,2,4
693,689,684,689,13,14,15,13,4,5,-5,-1,-1,2,0,1,1,1,1,4
360,360,356,363,17,16,18,18,0,4,-7,1,-2,0,-1,1,1,1,2,4
1007,1005,1005,1003,17,19,18,18,2,0,2,-2,1,0,-1,1,2,2,1,4
801,792,789,787,14,17,15,16,9,3,2,-3,2,-1,-2,1,1,2,3,4
436,436,431,436,13,14,15,13,0,5,-5,-1,-1,2,0,3,3,1,1,4
309,307,304,302,14,14,13,13,2,3,2,0,1,0,1,1,2,1,2,4
412,412,410,410,20,19,18,18,0,2,0,1,1,0,2,1,1,2,2,4
318,290,288,286,18,19,18,19,28,2,2,-1,1,-1,-1,1,3,2,1,4
210,210,213,215,18,19,18,19,0,-3,-2,-1,1,-1,-1,3,1,2,1,4
372,363,344,346,13,14,12,13,9,19,-2,-1,2,-1,0,2,2,2,3,4
965,960,958,965,20,19,20,18,5,2,-7,1,-1,2,2,1,1,2,1,4
400,398,396,398,20,19,20,21,2,2,-2,1,-1,-1,-1,2,1,2,3,4
822,810,810,813,14,14,15,13,12,0,-3,0,-1,2,1,2,1,1,2,4
492,487,485,487,18,17,18,19,5,2,-2,1,-1,-1,-1,1,1,2,1,4
534,527,522,522,14,14,13,13,7,5,0,0,1,0,1,1,2,2,2,4
1026,1021,1017,1017,13,14,15,13,5,4,0,-1,-1,2,0,3,3,1,3,4
553,553,550,550,21,19,20,18,0,3,0,2,-1,2,3,1,1,2,2,4
583,583,581,571,14,14,13,13,0,2,10,0,1,0,1,2,2,1,1,4
925,921,918,921,14,14,13,13,4,3,-3,0,1,0,1,2,2,1,2,4
925,918,923,923,18,19,18,19,7,-5,0,-1,1,-1,-1,2,1,3,1,4
1000,993,991,993,13,14,12,13,7,2,-2,-1,2,-1,0,2,3,2,1,4
337,332,332,332,13,14,13,13,5,0,0,-1,1,0,0,3,1,1,1,4
935,925,923,925,13,14,13,13,10,2,-2,-1,1,0,0,2,2,1,2,4
787,782,782,785,18,17,18,19,5,0,-3,1,-1,-1,-1,1,1,1,2,4
960,956,953,956,13,16,15,16,4,3,-3,-3,1,-1,-3,3,1,2,1,4
660,656,660,656,20,19,18,18,4,-4,4,1,1,0,2,1,3,1,3,4
217,220,215,213,18,17,18,19,-3,5,2,1,-1,-1,-1,2,1,1,2,4
829,824,822,820,14,14,13,13,5,2,2,0,1,0,1,3,1,2,1,4
571,567,564,567,14,14,13,13,4,3,-3,0,1,0,1,3,1,2,3,4
443,440,438,440,13,14,15,13,3,2,-2,-1,-1,2,0,2,1,2,3,4
820,810,808,806,18,17,18,19,10,2,2,1,-1,-1,-1,1,1,2,1,4
461,459,489,464,20,19,21,21,2,-30,25,1,-2,0,-1,2,1,2,1,4
998,996,998,993,20,19,20,18,2,-2,5,1,-1,2,2,3,2,1,1,4
569,569,564,567,21,19,20,21,0,5,-3,2,-1,-1,0,2,2,2,1,4
707,696,689,693,17,16,18,18,11,7,-4,1,-2,0,-1,1,2,1,1,4
510,513,510,508,21,19,20,21,-3,3,2,2,-1,-1,0,1,2,1,2,4
187,182,1078,1078,14,17,15,16,5,-896,0,-3,2,-1,-2,1,1,1,1,4
897,893,890,890,18,19,18,19,4,3,0,-1,1,-1,-1,2,2,1,1,4
503,501,501,496,18,19,18,19,2,0,5,-1,1,-1,-1,2,1,3,1,4
346,339,342,342,20,19,20,18,7,-3,0,1,-1,2,2,1,2,1,1,4
736,736,736,736,17,16,18,18,0,0,0,1,-2,0,-1,1,3,1,1,4
194,196,187,192,18,17,18,16,-2,9,-5,1,-1,2,2,2,1,1,1,4
286,276,276,276,18,19,18,18,10,0,0,-1,1,0,0,1,1,1,1,4
353,351,346,346,17,16,15,16,2,5,0,1,1,-1,1,2,1,3,1,4
890,890,881,881,18,17,18,19,0,9,0,1,-1,-1,-1,1,1,1,1,4
220,213,210,210,18,17,18,19,7,3,0,1,-1,-1,-1,3,2,3,1,4
337,328,328,328,20,19,21,21,9,0,0,1,-2,0,-1,3,1,1,1,4
665,663,665,658,17,16,15,16,2,-2,7,1,1,-1,1,1,2,3,2,4
515,510,513,510,14,14,15,16,5,-3,3,0,-1,-1,-2,1,3,2,1,4
1050,1040,1040,1040,20,19,18,18,10,0,0,1,1,0,2,1,1,1,1,4
881,881,876,874,14,14,15,13,0,5,2,0,-1,2,1,1,3,1,2,4
693,689,679,679,13,14,12,13,4,10,0,-1,2,-1,0,1,1,3,1,4
829,824,820,822,14,14,13,13,5,4,-2,0,1,0,1,1,3,1,2,4
841,834,834,834,18,19,18,18,7,0,0,-1,1,0,0,2,1,1,1,4
932,925,921,914,17,17,18,16,7,4,7,0,-1,2,1,1,2,2,3,4
806,806,801,801,18,19,18,19,0,5,0,-1,1,-1,-1,1,1,3,1,4
932,932,928,928,13,14,15,13,0,4,0,-1,-1,2,0,1,1,1,1,4
900,890,895,890,18,19,18,19,10,-5,5,-1,1,-1,-1,1,1,1,1,4
496,496,489,492,14,14,15,13,0,7,-3,0,-1,2,1,3,3,2,1,4
1017,1014,1017,1019,17,16,15,16,3,-3,-2,1,1,-1,1,3,2,1,2,4
473,468,475,478,17,16,18,18,5,-7,-3,1,-2,0,-1,1,1,2,1,4
604,602,595,597,18,19,18,19,2,7,-2,-1,1,-1,-1,3,2,1,2,4
757,750,747,750,13,14,15,13,7,3,-3,-1,-1,2,0,2,1,2,1,4
579,569,576,574,14,14,15,13,10,-7,2,0,-1,2,1,2,2,1,2,4
421,419,414,414,13,14,12,13,2,5,0,-1,2,-1,0,1,2,2,2,4
487,482,506,475,18,17,18,18,5,-24,31,1,-1,0,0,1,1,1,2,4
731,731,726,731,20,19,20,21,0,5,-5,1,-1,-1,-1,1,3,1,1,4
848,846,839,839,14,14,15,13,2,7,0,0,-1,2,1,3,2,1,3,4
297,248,248,248,18,17,18,18,49,0,0,1,-1,0,0,2,1,1,1,4
250,248,253,253,21,19,20,21,2,-5,0,2,-1,-1,0,2,3,1,1,4
257,253,250,253,14,17,15,16,4,3,-3,-3,2,-1,-2,1,3,2,3,4
337,332,332,332,20,19,20,18,5,0,0,1,-1,2,2,1,1,1,1,4
764,761,761,759,13,14,12,13,3,0,2,-1,2,-1,0,1,2,2,1,4
1031,1031,1028,1024,13,14,12,13,0,3,4,-1,2,-1,0,3,3,2,2,4
276,274,267,262,14,14,15,16,2,7,5,0,-1,-1,-2,1,2,3,1,4
853,848,848,848,18,19,18,18,5,0,0,-1,1,0,0,1,1,1,1,4
801,789,792,787,14,17,15,16,12,-3,5,-3,2,-1,-2,1,2,1,3,4
918,916,916,914,14,14,15,16,2,0,2,0,-1,-1,-2,1,2,2,1,4
604,604,604,600,14,14,13,13,0,0,4,0,1,0,1,1,1,3,1,4
337,342,337,335,17,16,18,18,-5,5,2,1,-2,0,-1,3,3,1,2,4
513,503,506,506,18,17,18,16,10,-3,0,1,-1,2,2,2,2,1,1,4
681,677,667,670,13,14,15,13,4,10,-3,-1,-1,2,0,2,2,2,1,4
1017,1007,1012,1012,17,16,15,16,10,-5,0,1,1,-1,1,3,1,1,1,4
937,935,935,937,17,16,15,16,2,0,-2,1,1,-1,1,3,2,2,3,4
750,747,740,745,13,14,12,13,3,7,-5,-1,2,-1,0,1,2,1,3,4
1019,1014,991,1014,17,16,18,16,5,23,-23,1,-2,2,1,2,2,2,2,4
820,806,799,796,18,19,18,19,14,7,3,-1,1,-1,-1,1,1,2,1,4
867,867,864,864,18,17,18,18,0,3,0,1,-1,0,0,3,3,2,2,4
796,789,792,789,18,19,18,19,7,-3,3,-1,1,-1,-1,1,2,1,2,4
689,672,665,660,13,14,15,13,17,7,5,-1,-1,2,0,1,2,3,1,4
503,494,496,499,21,19,21,19,9,-2,-3,2,-2,2,2,2,2,1,2,4
196,196,194,192,14,14,13,13,0,2,2,0,1,0,1,3,3,2,1,4
625,621,618,621,18,17,18,19,4,3,-3,1,-1,-1,-1,2,2,1,2,4
796,792,782,789,14,17,15,16,4,10,-7,-3,2,-1,-2,3,3,1,2,4
295,290,290,290,21,19,20,19,5,0,0,2,-1,1,2,1,3,1,1,4
400,405,398,400,13,14,12,13,-5,7,-2,-1,2,-1,0,2,2,1,2,4
689,684,679,684,17,16,18,16,5,5,-5,1,-2,2,1,3,3,1,1,4
215,210,210,208,14,14,15,16,5,0,2,0,-1,-1,-2,3,1,1,2,4
956,951,946,946,20,19,18,18,5,5,0,1,1,0,2,1,3,1,1,4
986,986,984,989,20,19,20,21,0,2,-5,1,-1,-1,-1,2,2,1,3,4
517,515,506,499,14,17,15,16,2,9,7,-3,2,-1,-2,2,1,1,2,4
900,890,886,890,14,17,15,16,10,4,-4,-3,2,-1,-2,1,1,1,1,4
248,243,243,243,21,19,20,21,5,0,0,2,-1,-1,0,1,1,1,1,4
989,984,984,982,17,19,18,18,5,0,2,-2,1,0,-1,3,1,3,2,4
367,367,363,365,13,14,15,13,0,4,-2,-1,-1,2,0,2,2,2,1,4
981,979,977,979,20,19,20,21,2,2,-2,1,-1,-1,-1,2,1,2,3,4
960,956,956,958,20,19,18,18,4,0,-2,1,1,0,2,1,1,1,2,4
241,234,232,229,18,17,18,16,7,2,3,1,-1,2,2,2,3,2,3,4
370,363,358,363,13,14,12,13,7,5,-5,-1,2,-1,0,1,2,2,2,4
539,534,529,529,14,14,15,13,5,5,0,0,-1,2,1,3,3,1,1,4
1024,1019,1019,1014,17,19,18,18,5,0,5,-2,1,0,-1,2,2,2,2,4
503,506,501,501,14,14,13,13,-3,5,0,0,1,0,1,2,3,1,1,4
220,210,208,210,14,14,15,13,10,2,-2,0,-1,2,1,1,1,2,1,4
1000,998,993,993,17,16,18,18,2,5,0,1,-2,0,-1,2,3,1,3,4
698,698,693,693,20,19,20,21,0,5,0,1,-1,-1,-1,1,1,1,1,4
548,543,543,539,14,14,15,13,5,0,4,0,-1,2,1,1,3,1,3,4
468,468,464,464,20,19,20,18,0,4,0,1,-1,2,2,1,1,1,1,4
1010,1010,1003,1003,17,16,18,16,0,7,0,1,-2,2,1,2,2,1,1,4
436,426,424,421,20,19,18,18,10,2,3,1,1,0,2,1,1,2,1,4
236,232,239,234,21,19,20,18,4,-7,5,2,-1,2,3,2,2,1,1,4
325,323,321,323,14,14,13,13,2,2,-2,0,1,0,1,2,3,2,1,4
1010,1007,1000,1003,13,14,15,13,3,7,-3,-1,-1,2,0,2,3,2,3,4
224,220,220,224,18,17,18,19,4,0,-4,1,-1,-1,-1,1,1,1,1,4
543,539,543,539,18,17,18,18,4,-4,4,1,-1,0,0,3,3,1,1,4
956,951,949,946,13,14,12,13,5,2,3,-1,2,-1,0,1,3,2,1,4
323,321,304,321,14,14,15,13,2,17,-17,0,-1,2,1,3,2,1,2,4
588,583,576,581,18,17,18,19,5,7,-5,1,-1,-1,-1,2,2,1,3,4
754,754,750,747,13,14,15,13,0,4,3,-1,-1,2,0,1,3,1,2,4
372,374,367,370,17,16,15,16,-2,7,-3,1,1,-1,1,2,1,2,1,4
485,478,473,473,21,19,20,21,7,5,0,2,-1,-1,0,2,1,1,1,4
335,325,328,328,13,14,13,13,10,-3,0,-1,1,0,0,2,2,1,1,4
482,478,478,473,21,19,20,21,4,0,5,2,-1,-1,0,1,1,1,1,4
991,984,979,977,17,16,18,18,7,5,2,1,-2,0,-1,2,1,1,2,4
346,337,332,328,17,16,18,19,9,5,4,1,-2,-1,-2,1,3,1,1,4
365,365,360,360,20,19,20,18,0,5,0,1,-1,2,2,1,1,1,1,4
1000,998,996,996,20,19,18,18,2,2,0,1,1,0,2,2,1,2,2,4
279,267,267,278,14,17,15,16,12,0,-11,-3,2,-1,-2,2,1,1,2,4
895,883,881,878,14,14,13,13,12,2,3,0,1,0,1,3,2,3,2,4
246,232,229,229,14,14,13,13,14,3,0,0,1,0,1,2,2,1,3,4
916,911,946,909,14,17,18,16,5,-35,37,-3,-1,2,-2,2,2,1,1,4
871,867,864,867,14,14,13,13,4,3,-3,0,1,0,1,1,1,2,1,4
262,255,250,257,14,14,13,13,7,5,-7,0,1,0,1,1,2,2,1,4
595,590,590,590,14,14,15,16,5,0,0,0,-1,-1,-2,1,3,1,1,4
1043,1043,1043,1040,13,14,15,13,0,0,3,-1,-1,2,0,2,2,2,1,4
466,464,461,461,13,14,12,13,2,3,0,-1,2,-1,0,2,1,2,2,4
1026,1024,1021,1026,13,14,12,13,2,3,-5,-1,2,-1,0,1,2,1,1,4
860,850,848,848,14,14,13,13,10,2,0,0,1,0,1,2,2,1,1,4
189,182,182,187,14,17,15,16,7,0,-5,-3,2,-1,-2,2,1,1,1,4
187,189,189,189,14,14,13,13,-2,0,0,0,1,0,1,1,2,2,2,4
864,862,850,853,14,14,15,13,2,12,-3,0,-1,2,1,2,3,2,1,4
979,967,970,972,13,14,15,13,12,-3,-2,-1,-1,2,0,1,2,1,2,4
576,562,548,543,14,14,13,13,14,14,5,0,1,0,1,3,1,3,1,4
311,307,309,309,14,14,15,16,4,-2,0,0,-1,-1,-2,2,2,1,1,4
506,501,499,499,18,17,18,16,5,2,0,1,-1,2,2,1,1,2,2,4
581,576,574,576,14,14,15,13,5,2,-2,0,-1,2,1,3,3,2,1,4
351,344,344,346,13,14,15,13,7,0,-2,-1,-1,2,0,3,2,2,1,4
963,956,939,942,13,14,15,13,7,17,-3,-1,-1,2,0,2,3,2,1,4
750,747,745,750,13,14,15,13,3,2,-5,-1,-1,2,0,3,2,1,3,4
874,869,871,867,14,14,13,13,5,-2,4,0,1,0,1,2,2,3,1,4
588,578,569,571,14,14,13,13,10,9,-2,0,1,0,1,2,2,2,1,4
965,965,960,956,13,14,15,13,0,5,4,-1,-1,2,0,1,3,1,1,4
431,431,424,393,13,16,15,16,0,7,31,-3,1,-1,-3,1,1,2,3,4
290,290,281,281,14,14,15,13,0,9,0,0,-1,2,1,1,3,3,1,4
271,267,262,260,21,19,20,21,4,5,2,2,-1,-1,0,1,1,3,2,4
867,864,860,862,18,19,20,18,3,4,-2,-1,-1,2,0,1,2,2,3,4
611,614,607,611,14,14,13,13,-3,7,-4,0,1,0,1,2,1,2,2,4
609,600,593,593,14,17,15,16,9,7,0,-3,2,-1,-2,3,1,2,2,4
1064,1064,1059,1059,20,19,20,18,0,5,0,1,-1,2,2,1,3,1,1,4
269,267,267,267,14,17,15,16,2,0,0,-3,2,-1,-2,2,1,1,1,4
972,974,974,974,20,19,18,18,-2,0,0,1,1,0,2,2,3,1,1,4
311,314,304,307,21,19,20,19,-3,10,-3,2,-1,1,2,2,3,1,2,4
972,972,970,972,17,19,18,18,0,2,-2,-2,1,0,-1,2,2,3,2,4
267,264,262,260,14,17,15,16,3,2,2,-3,2,-1,-2,3,2,1,2,4
215,208,208,203,18,19,18,19,7,0,5,-1,1,-1,-1,1,2,2,2,4
996,998,960,989,20,19,20,18,-2,38,-29,1,-1,2,2,2,3,1,3,4
590,689,581,583,18,16,18,16,-99,108,-2,2,-2,2,2,1,1,1,2,4
736,733,736,731,17,16,18,16,3,-3,5,1,-2,2,1,1,2,1,3,4
1026,1021,1012,1012,17,19,18,18,5,9,0,-2,1,0,-1,1,1,3,1,4
881,874,871,874,14,17,15,16,7,3,-3,-3,2,-1,-2,3,2,1,2,4
271,267,267,264,14,14,15,13,4,0,3,0,-1,2,1,1,3,1,2,4
792,736,733,736,14,19,18,18,56,3,-3,-5,1,0,-4,1,1,2,3,4
843,839,834,836,18,17,18,18,4,5,-2,1,-1,0,0,1,3,1,2,4
890,878,876,878,14,14,15,13,12,2,-2,0,-1,2,1,1,2,1,2,4
681,679,679,679,13,14,12,13,2,0,0,-1,2,-1,0,2,1,1,1,4
960,958,960,956,17,16,15,16,2,-2,4,1,1,-1,1,1,2,1,1,4
459,454,447,450,13,14,12,13,5,7,-3,-1,2,-1,0,3,3,2,1,4
951,949,942,949,17,16,18,18,2,7,-7,1,-2,0,-1,3,2,3,2,4
642,644,642,646,20,19,18,18,-2,2,-4,1,1,0,2,1,2,1,1,4
492,487,487,489,18,17,18,16,5,0,-2,1,-1,2,2,3,3,1,2,4
707,703,700,698,17,16,18,16,4,3,2,1,-2,2,1,3,1,2,3,4
1024,1019,1017,1021,13,14,12,13,5,2,-4,-1,2,-1,0,2,2,1,1,4
412,407,407,407,20,19,20,21,5,0,0,1,-1,-1,-1,1,3,1,3,4
928,914,909,914,14,17,15,16,14,5,-5,-3,2,-1,-2,1,1,3,3,4
536,534,529,529,14,17,15,16,2,5,0,-3,2,-1,-2,2,3,3,1,4
421,431,421,428,17,16,18,16,-10,10,-7,1,-2,2,1,1,1,1,2,4
356,349,351,349,13,14,15,16,7,-2,2,-1,-1,-1,-3,1,2,1,2,4
501,499,492,492,14,17,15,16,2,7,0,-3,2,-1,-2,1,2,3,1,4
939,937,937,937,17,16,18,18,2,0,0,1,-2,0,-1,2,1,1,1,4
1045,1040,1043,1045,20,19,18,18,5,-3,-2,1,1,0,2,1,3,2,1,4
239,227,220,224,18,19,18,19,12,7,-4,-1,1,-1,-1,3,2,1,1,4
989,991,989,984,20,19,20,18,-2,2,5,1,-1,2,2,1,2,1,1,4
529,524,522,520,14,14,13,13,5,2,2,0,1,0,1,1,1,2,1,4
665,663,658,665,20,19,20,21,2,5,-7,1,-1,-1,-1,3,2,2,1,4
787,775,775,773,14,14,15,16,12,0,2,0,-1,-1,-2,3,2,2,1,4
482,482,478,475,18,17,18,18,0,4,3,1,-1,0,0,1,1,1,2,4
417,407,407,410,13,14,15,13,10,0,-3,-1,-1,2,0,1,1,1,2,4
602,597,595,595,18,17,18,16,5,2,0,1,-1,2,2,2,2,1,1,4
482,478,475,473,21,19,20,21,4,3,2,2,-1,-1,0,1,1,2,1,4
925,921,928,932,21,19,21,18,4,-7,-4,2,-2,3,3,2,2,1,1,4
691,682,689,689,17,16,18,16,9,-7,0,1,-2,2,1,2,2,1,3,4
1010,1010,1005,1007,17,16,18,16,0,5,-2,1,-2,2,1,2,2,2,1,4
731,726,726,719,17,16,18,18,5,0,7,1,-2,0,-1,1,1,3,2,4
574,571,571,571,18,17,18,18,3,0,0,1,-1,0,0,2,1,1,1,4
607,600,597,595,14,14,15,16,7,3,2,0,-1,-1,-2,2,3,2,1,4
705,703,700,703,13,14,15,13,2,3,-3,-1,-1,2,0,2,3,2,1,4
963,963,958,953,17,19,18,18,0,5,5,-2,1,0,-1,2,2,2,2,4
684,684,684,682,20,19,20,21,0,0,2,1,-1,-1,-1,1,1,1,2,4
579,571,571,571,14,17,15,16,8,0,0,-3,2,-1,-2,2,3,1,3,4
424,419,417,419,13,14,15,16,5,2,-2,-1,-1,-1,-3,2,2,1,2,4
693,693,689,689,13,16,15,16,0,4,0,-3,1,-1,-3,1,1,1,1,4
916,916,909,914,14,17,15,16,0,7,-5,-3,2,-1,-2,2,2,3,1,4
1075,1068,1068,1073,13,14,15,13,7,0,-5,-1,-1,2,0,2,3,3,3,4
824,829,815,822,14,14,13,13,-5,14,-7,0,1,0,1,1,3,1,2,4
438,431,424,431,13,14,15,13,7,7,-7,-1,-1,2,0,2,3,2,1,4
595,595,593,600,14,17,15,16,0,2,-7,-3,2,-1,-2,1,1,2,3,4
466,454,454,452,13,14,15,13,12,0,2,-1,-1,2,0,2,3,3,2,4
766,766,764,766,20,19,18,18,0,2,-2,1,1,0,2,2,2,1,2,4
389,384,379,379,13,14,12,13,5,5,0,-1,2,-1,0,1,3,3,3,4
1024,1021,1021,1024,17,19,18,18,3,0,-3,-2,1,0,-1,2,1,3,2,4
529,527,524,524,14,17,15,16,2,3,0,-3,2,-1,-2,1,2,1,1,4
853,843,846,839,14,14,13,13,10,-3,7,0,1,0,1,1,3,2,1,4
506,503,501,501,14,14,15,13,3,2,0,0,-1,2,1,1,2,1,1,4
464,464,459,459,20,19,18,18,0,5,0,1,1,0,2,1,1,1,1,4
996,991,991,989,13,14,15,13,5,0,2,-1,-1,2,0,2,2,2,3,4
440,436,436,436,20,19,20,18,4,0,0,1,-1,2,2,1,1,1,1,4
958,958,951,951,13,14,12,13,0,7,0,-1,2,-1,0,2,2,1,1,4
1059,1054,1050,1050,13,16,15,16,5,4,0,-3,1,-1,-3,1,1,1,1,4
231,224,229,229,14,14,15,13,7,-5,0,0,-1,2,1,2,1,3,1,4
515,510,510,510,18,19,18,19,5,0,0,-1,1,-1,-1,1,1,1,1,4
785,782,782,789,18,19,21,19,3,0,-7,-1,-2,2,-1,2,1,1,2,4
714,707,710,707,17,16,15,16,7,-3,3,1,1,-1,1,2,1,2,1,4
524,515,515,520,14,14,13,13,9,0,-5,0,1,0,1,1,1,3,1,4
1036,1026,1026,1024,13,14,12,13,10,0,2,-1,2,-1,0,1,1,1,2,4
628,625,623,623,14,14,13,13,3,2,0,0,1,0,1,1,2,1,3,4
496,489,494,489,18,19,18,19,7,-5,5,-1,1,-1,-1,1,2,2,2,4
316,302,302,300,14,14,15,13,14,0,2,0,-1,2,1,2,2,2,1,4
236,222,210,217,18,17,18,16,14,12,-7,1,-1,2,2,2,2,1,2,4
196,187,182,1075,21,19,21,18,9,5,-893,2,-2,3,3,3,1,1,2,4
731,724,721,721,20,19,20,18,7,3,0,1,-1,2,2,3,2,1,1,4
276,269,269,274,14,14,13,13,7,0,-5,0,1,0,1,1,2,2,2,4
794,794,794,794,14,17,15,16,0,0,0,-3,2,-1,-2,2,2,2,2,4
239,241,232,234,14,14,15,13,-2,9,-2,0,-1,2,1,3,2,2,3,4
457,459,454,454,17,19,18,18,-2,5,0,-2,1,0,-1,2,3,3,1,4
187,1071,1073,1078,21,19,20,21,-884,-2,-5,2,-1,-1,0,1,2,3,1,4
325,318,318,318,18,19,18,19,7,0,0,-1,1,-1,-1,2,1,1,3,4
485,471,471,475,14,14,12,13,14,0,-4,0,2,-1,1,2,2,2,2,4
1007,1007,1003,1000,20,19,20,21,0,4,3,1,-1,-1,-1,3,1,1,2,4
576,578,576,576,18,17,18,18,-2,2,0,1,-1,0,0,1,2,1,1,4
1075,1068,1071,1068,20,19,18,18,7,-3,3,1,1,0,2,2,1,2,1,4
958,960,956,956,20,19,20,21,-2,4,0,1,-1,-1,-1,2,3,1,1,4
459,454,452,450,13,14,15,13,5,2,2,-1,-1,2,0,1,1,2,1,4
421,417,421,417,13,14,12,13,4,-4,4,-1,2,-1,0,1,3,1,3,4
700,691,689,689,13,14,12,13,9,2,0,-1,2,-1,0,2,2,1,1,4
384,384,384,384,17,16,18,16,0,0,0,1,-2,2,1,1,3,1,1,4
689,679,679,682,13,16,15,16,10,0,-3,-3,1,-1,-3,3,1,1,2,4
667,665,660,658,13,16,15,16,2,5,2,-3,1,-1,-3,2,3,3,2,4
602,600,581,586,14,14,15,13,2,19,-5,0,-1,2,1,2,1,1,3,4
316,307,307,302,14,14,13,13,9,0,5,0,1,0,1,2,2,2,2,4
900,900,900,897,18,17,18,16,0,0,3,1,-1,2,2,1,1,3,2,4
989,984,984,984,20,19,18,18,5,0,0,1,1,0,2,1,1,1,3,4
942,939,937,935,20,19,20,18,3,2,2,1,-1,2,2,3,2,1,2,4
217,213,206,213,21,19,20,21,4,7,-7,2,-1,-1,0,2,2,3,2,4
775,773,766,768,13,14,12,13,2,7,-2,-1,2,-1,0,2,3,2,1,4
187,187,185,182,14,14,15,16,0,2,3,0,-1,-1,-2,1,1,2,1,4
642,637,635,637,13,14,13,13,5,2,-2,-1,1,0,0,1,1,2,1,4
1050,1050,1045,1045,13,14,15,13,0,5,0,-1,-1,2,0,1,1,3,1,4
440,433,426,421,17,16,18,18,7,7,5,1,-2,0,-1,3,2,1,1,4
396,393,393,391,17,16,15,16,3,0,2,1,1,-1,1,2,1,3,2,4
353,344,351,349,17,16,18,16,9,-7,2,1,-2,2,1,2,2,1,2,4
1059,1059,1054,1059,20,19,18,18,0,5,-5,1,1,0,2,1,1,1,1,4
318,314,311,314,18,19,18,19,4,3,-3,-1,1,-1,-1,1,1,2,1,4
522,515,515,515,18,17,18,19,7,0,0,1,-1,-1,-1,2,1,1,1,4
902,890,881,881,14,14,13,13,12,9,0,0,1,0,1,2,1,1,3,4
506,494,492,487,14,17,15,16,12,2,5,-3,2,-1,-2,1,2,1,3,4
325,321,318,321,18,19,18,19,4,3,-3,-1,1,-1,-1,2,2,1,2,4
562,557,555,557,21,19,23,18,5,2,-2,2,-4,5,3,1,1,2,1,4
616,614,607,607,14,14,15,13,2,7,0,0,-1,2,1,2,1,2,2,4
796,792,796,794,18,17,18,19,4,-4,2,1,-1,-1,-1,1,3,3,2,4
1007,1003,998,998,20,19,18,18,4,5,0,1,1,0,2,1,1,3,3,4
656,653,651,651,17,16,15,16,3,2,0,1,1,-1,1,1,2,1,1,4
1021,1026,1024,1024,13,14,12,13,-5,2,0,-1,2,-1,0,1,3,2,2,4
283,281,278,278,18,17,18,16,2,3,0,1,-1,2,2,2,1,2,2,4
747,750,747,757,20,19,18,18,-3,3,-10,1,1,0,2,2,1,2,2,4
773,775,773,771,17,16,18,18,-2,2,2,1,-2,0,-1,1,2,1,2,4
907,904,902,904,14,14,13,13,3,2,-2,0,1,0,1,2,3,2,1,4
989,982,982,979,17,19,18,18,7,0,3,-2,1,0,-1,3,2,2,1,4
881,878,871,869,14,17,15,16,3,7,2,-3,2,-1,-2,3,2,3,2,4
515,496,485,778,14,14,15,11,19,11,-293,0,-1,4,3,1,1,2,1,4
1007,1007,1003,1003,17,16,18,18,0,4,0,1,-2,0,-1,1,1,1,3,4
1017,1014,1012,1012,20,19,20,21,3,2,0,1,-1,-1,-1,1,2,1,1,4
286,283,281,283,14,17,15,16,3,2,-2,-3,2,-1,-2,1,2,3,2,4
900,900,890,895,14,17,15,16,0,10,-5,-3,2,-1,-2,1,1,3,3,4
874,871,871,867,14,14,15,16,3,0,4,0,-1,-1,-2,2,1,1,3,4
271,267,260,257,14,17,15,16,4,7,3,-3,2,-1,-2,1,3,2,1,4
335,325,323,323,13,14,15,16,10,2,0,-1,-1,-1,-3,2,2,1,1,4
494,485,482,487,18,19,18,19,9,3,-5,-1,1,-1,-1,2,2,1,1,4
656,656,646,649,13,14,15,13,0,10,-3,-1,-1,2,0,1,1,1,2,4
965,963,953,951,13,14,12,13,2,10,2,-1,2,-1,0,1,2,2,1,4
909,907,895,897,18,17,18,19,2,12,-2,1,-1,-1,-1,3,2,1,2,4
628,628,623,623,14,17,15,16,0,5,0,-3,2,-1,-2,1,1,1,1,4
342,339,344,344,20,19,20,21,3,-5,0,1,-1,-1,-1,1,2,2,2,4
1061,1054,1050,1052,13,14,12,13,7,4,-2,-1,2,-1,0,2,3,1,2,4
782,775,775,775,14,14,13,13,7,0,0,0,1,0,1,1,2,2,2,4
1036,1031,1026,1052,17,16,18,18,5,5,-26,1,-2,0,-1,1,3,1,2,4
224,227,224,227,14,14,13,13,-3,3,-3,0,1,0,1,3,2,1,2,4
869,860,860,857,14,14,15,13,9,0,3,0,-1,2,1,2,2,2,1,4
436,436,424,426,13,16,15,16,0,12,-2,-3,1,-1,-3,3,1,2,1,4
693,689,684,686,20,19,18,18,4,5,-2,1,1,0,2,1,1,1,2,4
1017,1012,1012,1010,13,14,15,13,5,0,2,-1,-1,2,0,1,3,3,2,4
1045,1031,1031,1036,13,14,15,13,14,0,-5,-1,-1,2,0,1,3,3,3,4
827,824,820,820,14,17,15,16,3,4,0,-3,2,-1,-2,2,1,1,3,4
918,914,914,916,14,17,15,16,4,0,-2,-3,2,-1,-2,3,1,1,2,4
1061,1057,1054,1054,13,14,15,13,4,3,0,-1,-1,2,0,2,2,1,1,4
719,717,712,712,20,19,20,18,2,5,0,1,-1,2,2,2,1,1,1,4
860,848,848,848,21,19,20,21,12,0,0,2,-1,-1,0,2,1,1,3,4
717,707,703,703,13,14,12,13,10,4,0,-1,2,-1,0,1,3,1,1,4
1050,1052,1047,1052,20,19,20,18,-2,5,-5,1,-1,2,2,3,2,2,2,4
257,248,253,250,14,17,15,16,9,-5,3,-3,2,-1,-2,3,1,1,2,4
379,372,370,370,17,19,18,18,7,2,0,-2,1,0,-1,3,2,1,1,4
839,834,824,824,18,17,15,16,5,10,0,1,2,-1,2,1,1,1,1,4
346,342,342,339,13,14,12,13,4,0,3,-1,2,-1,0,1,3,1,2,4
960,949,956,956,20,19,20,18,11,-7,0,1,-1,2,2,1,2,3,1,4
684,672,674,674,20,19,20,18,12,-2,0,1,-1,2,2,1,2,1,3,4
405,398,396,400,17,16,15,16,7,2,-4,1,1,-1,1,2,3,2,2,4
248,243,243,243,14,17,15,16,5,0,0,-3,2,-1,-2,1,3,1,1,4
696,689,689,684,13,14,15,13,7,0,5,-1,-1,2,0,2,1,1,1,4
429,424,426,421,17,16,15,16,5,-2,5,1,1,-1,1,2,2,1,1,4
571,569,571,562,14,14,15,13,2,-2,9,0,-1,2,1,3,2,1,1,4
778,773,768,768,17,19,18,18,5,5,0,-2,1,0,-1,1,3,1,1,4
1073,1071,1068,1066,17,16,18,16,2,3,2,1,-2,2,1,3,2,1,2,4
729,736,721,733,13,14,12,13,-7,15,-12,-1,2,-1,0,2,3,1,2,4
510,501,496,496,14,14,15,13,9,5,0,0,-1,2,1,3,1,1,1,4
712,700,698,703,20,19,20,18,12,2,-5,1,-1,2,2,1,2,1,1,4
721,712,714,714,20,19,20,18,9,-2,0,1,-1,2,2,1,3,2,2,4
454,450,452,450,13,14,15,13,4,-2,2,-1,-1,2,0,1,3,2,1,4
351,353,346,346,13,14,12,13,-2,7,0,-1,2,-1,0,1,2,3,1,4
304,290,286,290,14,14,15,13,14,4,-4,0,-1,2,1,3,3,1,1,4
421,421,421,414,20,19,20,21,0,0,7,1,-1,-1,-1,3,3,1,2,4
710,710,703,700,17,19,18,18,0,7,3,-2,1,0,-1,2,2,3,2,4
295,293,288,290,14,14,13,13,2,5,-2,0,1,0,1,3,2,2,3,4
290,286,283,281,21,19,20,19,4,3,2,2,-1,1,2,1,3,2,1,4
944,937,932,932,17,16,18,16,7,5,0,1,-2,2,1,2,3,1,1,4
454,452,452,459,13,14,12,13,2,0,-7,-1,2,-1,0,1,2,2,1,4
707,705,703,703,13,14,12,13,2,2,0,-1,2,-1,0,1,2,1,3,4
445,440,443,440,17,19,18,18,5,-3,3,-2,1,0,-1,1,3,2,1,4
302,300,295,295,18,17,18,19,2,5,0,1,-1,-1,-1,2,1,1,1,4
215,215,210,208,21,19,20,19,0,5,2,2,-1,1,2,1,1,1,2,4
829,820,820,820,14,14,15,13,9,0,0,0,-1,2,1,1,3,1,1,4
473,475,473,473,17,16,15,16,-2,2,0,1,1,-1,1,1,2,3,1,4
187,1073,1078,1078,14,14,15,13,-886,-5,0,0,-1,2,1,3,1,1,1,4
293,286,283,283,14,14,13,13,7,3,0,0,1,0,1,2,3,2,2,4
267,257,260,260,14,17,15,16,10,-3,0,-3,2,-1,-2,1,1,2,2,4
215,215,210,210,21,19,20,19,0,5,0,2,-1,1,2,1,1,1,1,4
562,557,571,560,14,14,13,13,5,-14,11,0,1,0,1,1,3,1,2,4
726,721,721,724,13,14,15,13,5,0,-3,-1,-1,2,0,1,3,1,2,4
309,302,297,297,18,17,18,16,7,5,0,1,-1,2,2,1,2,2,2,4
1071,1071,1068,1068,20,19,20,21,0,3,0,1,-1,-1,-1,2,2,1,1,4
464,454,452,452,13,14,12,13,10,2,0,-1,2,-1,0,1,3,2,2,4
290,288,286,283,18,19,18,19,2,2,3,-1,1,-1,-1,3,2,3,2,4
726,726,726,721,20,19,20,18,0,0,5,1,-1,2,2,1,1,1,1,4
464,461,464,464,20,19,20,18,3,-3,0,1,-1,2,2,3,2,1,1,4
646,642,632,625,13,14,13,13,4,10,7,-1,1,0,0,3,3,1,2,4
951,949,949,951,13,14,12,13,2,0,-2,-1,2,-1,0,3,2,2,3,4
677,674,670,670,17,19,18,18,3,4,0,-2,1,0,-1,2,3,1,3,4
1047,1045,1045,1045,20,19,18,18,2,0,0,1,1,0,2,2,1,1,3,4
658,653,651,653,20,19,20,21,5,2,-2,1,-1,-1,-1,2,2,1,2,4
986,984,974,970,13,14,12,13,2,10,4,-1,2,-1,0,2,1,1,1,4
482,475,468,468,14,16,15,16,7,7,0,-2,1,-1,-2,1,2,1,1,4
965,960,953,951,17,16,18,18,5,7,2,1,-2,0,-1,3,3,2,1,4
625,625,616,611,14,14,13,13,0,9,5,0,1,0,1,2,2,2,2,4
236,234,229,229,21,19,20,19,2,5,0,2,-1,1,2,2,3,1,1,4
998,993,996,996,17,16,18,18,5,-3,0,1,-2,0,-1,3,1,2,2,4
914,911,904,909,14,17,15,16,3,7,-5,-3,2,-1,-2,1,2,3,1,4
501,499,494,496,14,14,15,13,2,5,-2,0,-1,2,1,3,2,2,1,4
536,529,534,524,14,14,13,13,7,-5,10,0,1,0,1,2,3,1,1,4
447,450,450,450,13,14,12,13,-3,0,0,-1,2,-1,0,2,1,3,1,4
815,808,808,806,18,19,18,19,7,0,2,-1,1,-1,-1,1,2,2,1,4
731,736,736,740,13,16,15,16,-5,0,-4,-3,1,-1,-3,1,3,1,1,4
365,365,363,358,13,14,15,13,0,2,5,-1,-1,2,0,3,3,2,2,4
991,991,979,982,13,14,12,13,0,12,-3,-1,2,-1,0,2,2,1,2,4
187,1075,1075,1075,18,16,18,16,-888,0,0,2,-2,2,2,1,2,2,2,4
323,311,304,304,14,17,15,16,12,7,0,-3,2,-1,-2,1,2,3,1,4
850,839,841,834,14,14,15,13,11,-2,7,0,-1,2,1,2,1,2,3,4
210,206,196,199,14,14,13,13,4,10,-3,0,1,0,1,1,3,1,2,4
412,412,407,412,20,19,20,18,0,5,-5,1,-1,2,2,1,1,1,1,4
304,297,293,293,14,14,13,13,7,4,0,0,1,0,1,1,2,2,2,4
773,771,768,768,20,19,20,18,2,3,0,1,-1,2,2,1,2,1,1,4
796,792,785,778,18,19,18,18,4,7,7,-1,1,0,0,1,1,2,1,4
721,717,717,712,20,19,20,21,4,0,5,1,-1,-1,-1,3,1,1,1,4
900,895,886,886,18,19,18,19,5,9,0,-1,1,-1,-1,3,1,1,1,4
255,250,246,243,18,17,18,16,5,4,3,1,-1,2,2,2,2,2,1,4
831,827,820,820,14,17,15,16,4,7,0,-3,2,-1,-2,2,2,1,1,4
407,407,403,403,13,14,12,13,0,4,0,-1,2,-1,0,3,3,1,3,4
314,309,309,307,21,19,21,21,5,0,2,2,-2,0,0,1,3,1,2,4
642,639,637,637,17,16,18,18,3,2,0,1,-2,0,-1,1,2,1,1,4
595,595,593,595,18,19,18,19,0,2,-2,-1,1,-1,-1,3,1,2,1,4
857,853,853,853,18,19,18,18,4,0,0,-1,1,0,0,1,1,3,1,4
890,888,881,881,18,19,18,19,2,7,0,-1,1,-1,-1,3,2,3,1,4
553,546,546,548,14,17,15,16,7,0,-2,-3,2,-1,-2,1,2,2,1,4
965,963,956,960,20,19,18,18,2,7,-4,1,1,0,2,3,2,1,3,4
586,576,576,574,14,14,13,13,10,0,2,0,1,0,1,3,3,3,2,4
192,189,192,187,14,17,15,16,3,-3,5,-3,2,-1,-2,1,2,3,3,4
429,419,417,414,13,14,12,13,10,2,3,-1,2,-1,0,2,2,1,2,4
1031,1026,1028,1026,20,19,20,21,5,-2,2,1,-1,-1,-1,1,1,2,1,4
1014,1007,1005,1007,17,16,18,16,7,2,-2,1,-2,2,1,2,1,2,1,4
829,820,820,813,14,17,15,16,9,0,7,-3,2,-1,-2,3,1,1,2,4
1017,1007,1003,1007,13,14,12,13,10,4,-4,-1,2,-1,0,1,3,1,1,4
918,914,914,914,21,19,21,21,4,0,0,2,-2,0,0,3,1,1,1,4
529,513,515,517,14,17,15,16,16,-2,-2,-3,2,-1,-2,3,2,1,2,4
307,302,295,297,14,17,15,16,5,7,-2,-3,2,-1,-2,2,2,1,2,4
468,466,464,461,13,14,12,13,2,2,3,-1,2,-1,0,1,2,1,2,4
761,761,761,761,13,14,15,16,0,0,0,-1,-1,-1,-3,2,2,2,2,4
726,724,724,726,20,19,20,18,2,0,-2,1,-1,2,2,3,2,2,1,4
531,527,574,524,18,17,15,16,4,-47,50,1,2,-1,2,2,2,2,1,4
696,696,691,691,20,19,18,18,0,5,0,1,1,0,2,2,2,2,2,4
215,206,201,206,14,14,15,16,9,5,-5,0,-1,-1,-2,1,1,1,1,4
895,886,886,886,14,17,15,16,9,0,0,-3,2,-1,-2,3,3,3,1,4
215,222,220,220,14,14,13,13,-7,2,0,0,1,0,1,1,2,1,1,4
485,473,475,475,14,14,13,13,12,-2,0,0,1,0,1,2,3,2,2,4
496,494,499,494,21,19,21,21,2,-5,5,2,-2,0,0,1,2,2,2,4
928,916,914,918,14,17,15,16,12,2,-4,-3,2,-1,-2,1,2,1,1,4
967,970,993,1007,17,16,15,16,-3,-23,-14,1,1,-1,1,2,3,1,3,4
267,257,260,257,14,17,15,16,10,-3,3,-3,2,-1,-2,3,3,2,1,4
468,459,468,468,13,16,15,16,9,-9,0,-3,1,-1,-3,3,1,1,1,4
747,738,728,731,13,14,12,13,9,10,-3,-1,2,-1,0,2,2,2,1,4
494,487,482,482,14,14,13,13,7,5,0,0,1,0,1,2,3,1,1,4
520,515,510,508,14,14,15,16,5,5,2,0,-1,-1,-2,1,3,1,2,4
208,206,199,199,18,19,18,19,2,7,0,-1,1,-1,-1,2,3,2,2,4
879,876,874,871,18,19,20,18,3,2,3,-1,-1,2,0,2,1,2,1,4
773,775,771,773,13,14,15,13,-2,4,-2,-1,-1,2,0,1,2,2,3,4
965,965,958,963,17,16,15,16,0,7,-5,1,1,-1,1,1,3,2,2,4
304,302,300,300,14,14,15,13,2,2,0,0,-1,2,1,1,2,1,1,4
871,860,853,853,14,17,15,16,11,7,0,-3,2,-1,-2,3,2,1,1,4
515,515,510,506,21,19,20,21,0,5,4,2,-1,-1,0,1,1,1,1,4
960,956,956,956,17,16,18,18,4,0,0,1,-2,0,-1,3,1,3,1,4
653,649,646,642,13,14,12,13,4,3,4,-1,2,-1,0,2,2,1,3,4
764,759,759,757,20,19,20,18,5,0,2,1,-1,2,2,3,1,1,2,4
667,665,667,665,20,19,20,18,2,-2,2,1,-1,2,2,2,1,2,1,4
241,241,236,241,14,14,13,13,0,5,-5,0,1,0,1,2,2,2,2,4
679,677,677,679,13,16,15,16,2,0,-2,-3,1,-1,-3,1,2,2,1,4
447,445,445,440,13,14,15,13,2,0,5,-1,-1,2,0,2,1,3,3,4
424,421,421,417,13,14,15,13,3,0,4,-1,-1,2,0,2,1,1,1,4
974,970,970,970,17,16,18,18,4,0,0,1,-2,0,-1,1,1,1,1,4
787,782,782,787,14,14,15,13,5,0,-5,0,-1,2,1,3,1,1,1,4
1064,1059,1057,1057,20,19,20,18,5,2,0,1,-1,2,2,1,3,2,2,4
881,874,876,874,21,19,20,21,7,-2,2,2,-1,-1,0,1,2,1,2,4
548,541,541,541,14,14,13,13,7,0,0,0,1,0,1,1,2,2,2,4
984,972,970,970,13,14,12,13,12,2,0,-1,2,-1,0,3,2,1,1,4
935,935,932,960,17,16,15,16,0,3,-28,1,1,-1,1,2,2,1,1,4
262,260,253,253,21,19,20,18,2,7,0,2,-1,2,3,1,2,1,1,4
276,269,267,269,14,14,15,13,7,2,-2,0,-1,2,1,3,2,3,2,4
864,850,848,846,21,19,20,18,14,2,2,2,-1,2,3,2,2,1,2,4
949,944,942,937,13,16,15,16,5,2,5,-3,1,-1,-3,2,2,1,1,4
686,679,679,674,13,14,15,13,7,0,5,-1,-1,2,0,2,3,3,1,4
621,621,614,614,18,19,18,19,0,7,0,-1,1,-1,-1,2,2,1,1,4
745,738,731,736,13,14,15,16,7,7,-5,-1,-1,-1,-3,1,2,3,3,4
916,900,902,902,14,14,15,13,16,-2,0,0,-1,2,1,2,3,2,2,4
243,286,286,286,14,17,15,16,-43,0,0,-3,2,-1,-2,1,1,1,3,4
553,553,548,553,18,19,18,18,0,5,-5,-1,1,0,0,1,3,1,1,4
586,588,588,586,14,17,15,16,-2,0,2,-3,2,-1,-2,1,2,2,1,4
1031,1028,1026,1031,20,19,20,18,3,2,-5,1,-1,2,2,1,2,1,1,4
325,321,325,321,14,14,13,13,4,-4,4,0,1,0,1,2,2,2,2,4
527,515,513,515,14,14,13,13,12,2,-2,0,1,0,1,2,1,2,1,4
262,253,248,246,18,19,18,18,9,5,2,-1,1,0,0,3,1,1,2,4
621,614,607,602,14,14,13,13,7,7,5,0,1,0,1,2,3,2,2,4
239,234,229,229,14,14,15,13,5,5,0,0,-1,2,1,1,3,1,1,4
264,262,262,262,18,19,18,18,2,0,0,-1,1,0,0,2,1,1,1,4
447,445,443,440,13,14,12,13,2,2,3,-1,2,-1,0,2,3,2,1,4
548,539,534,536,14,14,13,13,9,5,-2,0,1,0,1,1,1,1,2,4
1010,1003,1010,1017,20,19,20,21,7,-7,-7,1,-1,-1,-1,2,1,2,1,4
227,222,222,220,21,19,20,21,5,0,2,2,-1,-1,0,2,2,2,1,4
822,822,815,815,18,17,18,16,0,7,0,1,-1,2,2,2,2,1,1,4
520,520,515,513,18,19,18,19,0,5,2,-1,1,-1,-1,1,1,1,2,4
471,473,473,471,13,14,12,13,-2,0,2,-1,2,-1,0,2,3,1,2,4
496,492,487,492,14,17,15,16,4,5,-5,-3,2,-1,-2,1,1,1,3,4
740,740,738,736,17,16,15,16,0,2,2,1,1,-1,1,1,1,2,1,4
1007,1003,1000,993,17,19,18,18,4,3,7,-2,1,0,-1,1,1,2,1,4
475,468,466,464,17,19,18,18,7,2,2,-2,1,0,-1,2,1,2,1,4
344,337,339,342,20,19,20,21,7,-2,-3,1,-1,-1,-1,2,3,2,1,4
782,775,775,778,14,14,13,13,7,0,-3,0,1,0,1,1,2,2,1,4
621,618,616,616,18,19,18,19,3,2,0,-1,1,-1,-1,2,1,2,2,4
335,325,314,323,17,17,15,16,10,11,-9,0,2,-1,1,2,2,1,1,4
665,660,658,658,20,19,20,21,5,2,0,1,-1,-1,-1,1,1,2,2,4
693,693,693,693,20,19,20,21,0,0,0,1,-1,-1,-1,1,1,1,3,4
989,984,974,974,17,16,15,16,5,10,0,1,1,-1,1,1,1,1,1,4
953,946,942,946,13,14,15,13,7,4,-4,-1,-1,2,0,2,1,1,3,4
321,323,314,318,14,14,15,13,-2,9,-4,0,-1,2,1,2,3,3,1,4
890,890,886,886,21,19,20,21,0,4,0,2,-1,-1,0,1,1,1,1,4
494,489,487,482,21,19,21,21,5,2,5,2,-2,0,0,2,2,1,1,4
1012,1012,1010,1007,17,16,18,18,0,2,3,1,-2,0,-1,1,1,2,1,4
1050,1050,1050,1050,20,19,20,21,0,0,0,1,-1,-1,-1,1,1,1,1,4
464,459,459,459,20,19,20,18,5,0,0,1,-1,2,2,1,1,1,1,4
391,393,389,393,13,14,15,13,-2,4,-4,-1,-1,2,0,2,1,3,1,4
264,253,248,248,14,14,13,13,11,5,0,0,1,0,1,2,3,1,1,4
534,534,534,532,14,17,15,16,0,0,2,-3,2,-1,-2,1,1,1,2,4
782,775,778,775,14,16,15,16,7,-3,3,-2,1,-1,-2,1,2,1,2,4
604,586,586,586,14,17,15,16,18,0,0,-3,2,-1,-2,1,3,1,3,4
187,185,182,1075,14,14,13,13,2,3,-893,0,1,0,1,3,2,1,2,4
215,213,208,208,18,19,18,19,2,5,0,-1,1,-1,-1,1,2,2,2,4
989,984,982,984,20,19,20,21,5,2,-2,1,-1,-1,-1,3,1,2,1,4
989,986,989,991,17,19,18,18,3,-3,-2,-2,1,0,-1,3,2,3,2,4
517,522,517,515,14,17,15,16,-5,5,2,-3,2,-1,-2,2,2,2,1,4
642,635,632,632,20,19,20,18,7,3,0,1,-1,2,2,1,2,1,1,4
621,621,618,616,14,14,15,13,0,3,2,0,-1,2,1,2,2,1,2,4
485,471,468,466,14,14,12,13,14,3,2,0,2,-1,1,2,2,1,2,4
1050,1050,1050,1050,17,16,18,18,0,0,0,1,-2,0,-1,1,1,1,1,4
339,335,337,332,13,14,15,13,4,-2,5,-1,-1,2,0,2,2,3,1,4
496,494,492,492,14,14,13,13,2,2,0,0,1,0,1,1,2,1,1,4
684,674,677,674,13,14,15,13,10,-3,3,-1,-1,2,0,1,3,2,1,4
429,426,419,424,20,19,20,18,3,7,-5,1,-1,2,2,2,1,2,2,4
1024,1019,1017,1017,13,14,12,13,5,2,0,-1,2,-1,0,2,2,1,3,4
562,550,548,546,14,14,13,13,12,2,2,0,1,0,1,1,2,3,2,4
726,726,721,721,20,19,18,18,0,5,0,1,1,0,2,1,3,1,1,4
201,196,196,196,21,19,21,21,5,0,0,2,-2,0,0,3,1,1,1,4
353,351,344,346,13,14,12,13,2,7,-2,-1,2,-1,0,2,3,2,1,4
764,759,757,754,20,19,20,18,5,2,3,1,-1,2,2,1,1,2,1,4
602,595,593,595,18,19,18,19,7,2,-2,-1,1,-1,-1,2,1,2,1,4
1014,1012,1010,1012,13,14,12,13,2,2,-2,-1,2,-1,0,2,3,2,3,4
970,960,953,960,13,14,12,13,10,7,-7,-1,2,-1,0,1,3,2,1,4
890,886,883,888,21,19,20,19,4,3,-5,2,-1,1,2,1,3,2,2,4
1068,1066,1064,1066,17,16,15,16,2,2,-2,1,1,-1,1,1,2,3,2,4
609,600,597,595,14,17,15,16,9,3,2,-3,2,-1,-2,1,1,2,1,4
300,297,295,295,18,17,18,16,3,2,0,1,-1,2,2,3,2,1,1,4
417,410,414,412,13,14,12,13,7,-4,2,-1,2,-1,0,1,2,2,1,4
304,297,293,290,14,14,13,13,7,4,3,0,1,0,1,1,2,2,3,4
616,607,595,597,14,14,13,13,9,12,-2,0,1,0,1,2,2,1,2,4
989,989,979,979,17,16,15,16,0,10,0,1,1,-1,1,3,1,1,1,4
834,836,836,834,14,14,15,13,-2,0,2,0,-1,2,1,3,2,2,1,4
672,674,670,670,13,14,12,13,-2,4,0,-1,2,-1,0,2,1,3,1,4
571,562,560,560,14,14,15,13,9,2,0,0,-1,2,1,1,3,2,2,4
789,787,782,782,18,17,18,19,2,5,0,1,-1,-1,-1,2,1,1,1,4
452,450,445,440,17,16,18,18,2,5,5,1,-2,0,-1,2,3,1,1,4
346,342,342,337,20,19,20,21,4,0,5,1,-1,-1,-1,1,3,1,1,4
473,468,464,468,20,19,20,18,5,4,-4,1,-1,2,2,1,1,1,1,4
335,332,332,332,13,16,15,16,3,0,0,-3,1,-1,-3,2,1,1,1,4
698,700,703,698,17,16,15,16,-2,-3,5,1,1,-1,1,1,2,3,3,4
339,325,323,325,13,14,15,16,14,2,-2,-1,-1,-1,-3,2,2,3,2,4
410,403,398,398,20,19,20,18,7,5,0,1,-1,2,2,2,1,3,1,4
789,782,778,778,14,14,15,13,7,4,0,0,-1,2,1,2,1,1,1,4
506,503,501,499,21,19,21,21,3,2,2,2,-2,0,0,1,2,1,2,4
1038,1036,1033,1031,17,19,18,18,2,3,2,-2,1,0,-1,2,3,2,1,4
557,553,546,548,14,14,15,13,4,7,-2,0,-1,2,1,1,1,2,1,4
893,888,886,886,14,17,15,16,5,2,0,-3,2,-1,-2,2,2,1,1,4
925,918,909,909,14,17,15,16,7,9,0,-3,2,-1,-2,2,3,3,1,4
869,871,869,867,18,17,18,16,-2,2,2,1,-1,2,2,2,1,2,1,4
771,768,768,768,20,19,20,21,3,0,0,1,-1,-1,-1,2,3,1,1,4
255,248,248,243,14,17,15,16,7,0,5,-3,2,-1,-2,2,1,3,1,4
595,595,590,590,14,17,15,16,0,5,0,-3,2,-1,-2,3,1,1,1,4
274,269,290,267,18,19,18,18,5,-21,23,-1,1,0,0,2,2,3,1,4
848,846,843,848,18,19,18,18,2,3,-5,-1,1,0,0,1,2,1,1,4
527,517,517,520,21,19,20,21,10,0,-3,2,-1,-1,0,2,2,2,1,4
974,967,970,967,20,19,18,18,7,-3,3,1,1,0,2,1,2,3,2,4
253,239,239,239,21,19,20,18,14,0,0,2,-1,2,3,3,1,1,3,4
747,747,745,745,13,14,12,13,0,2,0,-1,2,-1,0,2,2,3,3,4
363,358,356,356,13,14,12,13,5,2,0,-1,2,-1,0,2,2,1,1,4
288,276,271,271,14,17,15,16,12,5,0,-3,2,-1,-2,2,1,3,3,4
916,918,911,914,14,14,13,13,-2,7,-3,0,1,0,1,2,3,2,3,4
754,743,733,731,13,14,12,13,11,10,2,-1,2,-1,0,3,2,2,1,4
965,963,960,956,17,19,18,18,2,3,4,-2,1,0,-1,3,2,1,1,4
421,417,410,417,17,16,15,16,4,7,-7,1,1,-1,1,1,1,2,3,4
574,569,569,569,21,19,20,18,5,0,0,2,-1,2,3,2,2,2,2,4
260,257,253,253,21,19,20,21,3,4,0,2,-1,-1,0,2,1,1,3,4
888,883,881,881,14,17,15,16,5,2,0,-3,2,-1,-2,2,2,1,1,4
557,543,539,539,14,17,15,16,14,4,0,-3,2,-1,-2,3,3,1,1,4
201,196,194,196,18,17,18,16,5,2,-2,1,-1,2,2,3,1,2,1,4
424,424,426,421,17,16,18,16,0,-2,5,1,-2,2,1,2,2,1,3,4
506,506,503,503,14,14,15,13,0,3,0,0,-1,2,1,1,3,2,2,4
998,998,998,998,20,19,18,18,0,0,0,1,1,0,2,1,1,1,1,4
337,332,328,325,20,19,21,21,5,4,3,1,-2,0,-1,1,1,1,2,4
637,635,632,632,20,19,20,21,2,3,0,1,-1,-1,-1,1,2,1,1,4
360,358,356,351,20,19,18,18,2,2,5,1,1,0,2,1,2,3,1,4
799,792,787,789,21,19,21,19,7,5,-2,2,-2,2,2,2,3,1,2,4
571,571,567,564,18,19,18,18,0,4,3,-1,1,0,0,1,1,1,2,4
335,321,309,302,13,14,13,13,14,12,7,-1,1,0,0,2,2,1,2,4
721,710,710,714,20,19,20,18,11,0,-4,1,-1,2,2,1,2,2,2,4
194,182,1073,201,14,14,15,16,12,-891,872,0,-1,-1,-2,2,1,3,1,4
820,820,815,820,18,17,18,19,0,5,-5,1,-1,-1,-1,1,3,1,3,4
403,403,379,398,13,14,12,13,0,24,-19,-1,2,-1,0,1,3,1,1,4
909,909,909,904,18,19,18,19,0,0,5,-1,1,-1,-1,1,3,1,1,4
717,717,714,712,20,19,18,18,0,3,2,1,1,0,2,1,1,2,1,4
984,986,989,984,13,14,12,13,-2,-3,5,-1,2,-1,0,3,2,1,3,4
754,757,750,750,17,16,18,16,-3,7,0,1,-2,2,1,1,2,3,1,4
646,646,646,646,17,16,18,18,0,0,0,1,-2,0,-1,3,1,3,1,4
323,311,309,309,14,14,15,16,12,2,0,0,-1,-1,-2,1,2,1,1,4
660,660,656,656,20,19,20,18,0,4,0,1,-1,2,2,1,1,3,1,4
960,956,951,953,20,19,20,18,4,5,-2,1,-1,2,2,3,1,1,2,4
520,510,506,506,14,14,13,13,10,4,0,0,1,0,1,3,1,1,1,4
286,278,257,274,14,14,15,16,8,21,-17,0,-1,-1,-2,1,2,3,2,4
764,754,745,754,17,16,15,16,10,9,-9,1,1,-1,1,1,1,1,1,4
536,539,539,539,14,17,15,16,-3,0,0,-3,2,-1,-2,2,1,3,3,4
785,775,773,778,18,16,18,16,10,2,-5,2,-2,2,2,2,2,1,1,4
557,560,553,567,18,19,18,18,-3,7,-14,-1,1,0,0,1,2,1,1,4
897,893,890,890,14,14,15,13,4,3,0,0,-1,2,1,2,2,1,1,4
356,356,356,356,17,16,18,18,0,0,0,1,-2,0,-1,1,1,1,1,4
187,1075,1075,1073,18,16,18,16,-888,0,2,2,-2,2,2,1,2,2,3,4
886,886,881,881,21,19,20,21,0,5,0,2,-1,-1,0,1,1,1,1,4
979,979,974,972,17,16,18,18,0,5,2,1,-2,0,-1,1,1,3,2,4
836,832,836,841,14,17,15,16,4,-4,-5,-3,2,-1,-2,2,2,2,2,4
895,886,886,893,14,14,13,13,9,0,-7,0,1,0,1,1,3,1,2,4
461,461,457,459,13,14,12,13,0,4,-2,-1,2,-1,0,2,2,2,1,4
539,527,527,529,14,14,15,13,12,0,-2,0,-1,2,1,1,2,2,1,4
403,398,398,398,17,16,18,16,5,0,0,1,-2,2,1,1,1,1,1,4
517,506,499,501,14,17,15,16,11,7,-2,-3,2,-1,-2,2,3,2,1,4
707,707,703,700,20,19,20,18,0,4,3,1,-1,2,2,1,1,1,2,4
337,337,332,332,13,14,15,13,0,5,0,-1,-1,2,0,1,3,1,1,4
323,321,314,271,14,17,15,16,2,7,43,-3,2,-1,-2,3,2,3,1,4
454,454,454,457,20,19,20,21,0,0,-3,1,-1,-1,-1,1,1,1,2,4
681,682,682,682,13,16,15,16,-1,0,0,-3,1,-1,-3,2,2,2,2,4
1021,1019,1021,1012,20,19,20,18,2,-2,9,1,-1,2,2,3,2,1,3,4
1003,998,998,993,20,19,18,18,5,0,5,1,1,0,2,1,3,1,1,4
979,977,974,979,17,16,18,18,2,3,-5,1,-2,0,-1,3,2,3,1,4
792,782,773,771,18,19,18,18,10,9,2,-1,1,0,0,3,1,1,2,4
307,304,304,304,21,19,20,21,3,0,0,2,-1,-1,0,2,1,1,3,4
300,295,295,295,14,17,15,16,5,0,0,-3,2,-1,-2,1,3,3,3,4
426,426,428,431,13,14,15,16,0,-2,-3,-1,-1,-1,-3,3,1,2,3,4
932,925,921,923,13,14,15,13,7,4,-2,-1,-1,2,0,1,2,2,1,4
391,389,389,384,13,16,15,16,2,0,5,-3,1,-1,-3,2,1,1,1,4
597,590,590,588,18,19,18,19,7,0,2,-1,1,-1,-1,2,1,1,2,4
965,970,965,965,17,16,15,16,-5,5,0,1,1,-1,1,1,1,1,1,4
1031,1031,1019,1026,13,14,12,13,0,12,-7,-1,2,-1,0,1,3,2,1,4
384,377,379,379,20,19,20,21,7,-2,0,1,-1,-1,-1,1,2,1,1,4
499,489,487,487,14,14,15,16,10,2,0,0,-1,-1,-2,2,2,1,1,4
693,693,691,693,20,19,20,18,0,2,-2,1,-1,2,2,1,3,2,1,4
243,236,234,229,18,17,18,19,7,2,5,1,-1,-1,-1,3,2,1,1,4
579,576,576,576,18,19,18,18,3,0,0,-1,1,0,0,2,3,1,1,4
989,986,986,984,13,14,12,13,3,0,2,-1,2,-1,0,1,2,2,3,4
374,372,374,374,20,19,20,18,2,-2,0,1,-1,2,2,1,2,1,1,4
963,958,956,956,17,16,15,16,5,2,0,1,1,-1,1,2,2,3,1,4
733,721,721,726,13,14,12,13,12,0,-5,-1,2,-1,0,2,3,1,3,4
604,597,600,609,18,19,20,19,7,-3,-9,-1,-1,1,-1,3,2,1,3,4
827,820,820,824,21,19,20,21,7,0,-4,2,-1,-1,0,2,3,3,1,4
1026,1021,1021,1019,17,16,15,16,5,0,2,1,1,-1,1,1,3,1,2,4
210,201,203,206,18,19,18,19,9,-2,-3,-1,1,-1,-1,3,1,2,1,4
199,196,192,187,18,17,18,16,3,4,5,1,-1,2,2,2,3,3,1,4
581,574,571,571,18,17,18,16,7,3,0,1,-1,2,2,1,2,1,1,4
1068,1068,1064,1064,13,14,15,16,0,4,0,-1,-1,-1,-3,1,1,3,3,4
693,689,689,689,20,19,20,18,4,0,0,1,-1,2,2,1,1,1,1,4
302,302,302,297,14,17,15,16,0,0,5,-3,2,-1,-2,2,2,2,2,4
377,370,370,372,17,16,15,16,7,0,-2,1,1,-1,1,2,1,1,2,4
508,510,508,508,14,17,15,16,-2,2,0,-3,2,-1,-2,2,1,2,2,4
1061,1061,1054,1057,13,14,15,13,0,7,-3,-1,-1,2,0,2,2,1,2,4
522,515,515,510,21,19,20,19,7,0,5,2,-1,1,2,2,1,1,3,4
196,187,185,1075,14,14,15,13,9,2,-890,0,-1,2,1,1,3,2,2,4
461,461,459,464,13,14,15,13,0,2,-5,-1,-1,2,0,2,2,1,3,4
855,850,843,853,14,14,13,13,5,7,-10,0,1,0,1,2,2,3,1,4
356,353,351,356,20,19,18,18,3,2,-5,1,1,0,2,1,2,1,1,4
761,750,743,747,13,14,15,13,11,7,-4,-1,-1,2,0,2,3,2,2,4
829,824,822,820,21,19,20,21,5,2,2,2,-1,-1,0,1,1,2,1,4
871,862,867,867,14,14,13,13,9,-5,0,0,1,0,1,3,3,3,3,4
991,989,989,989,13,16,15,16,2,0,0,-3,1,-1,-3,2,1,1,1,4
674,663,660,665,13,14,12,13,11,3,-5,-1,2,-1,0,1,2,3,1,4
914,909,909,904,14,14,15,13,5,0,5,0,-1,2,1,3,1,1,1,4
506,501,501,501,18,17,18,19,5,0,0,1,-1,-1,-1,1,1,3,1,4
900,895,897,895,14,17,15,16,5,-2,2,-3,2,-1,-2,3,1,2,1,4
1073,1071,1064,1064,20,19,18,18,2,7,0,1,1,0,2,1,2,1,1,4
557,553,548,548,14,17,15,16,4,5,0,-3,2,-1,-2,1,1,1,1,4
839,841,834,836,18,17,18,16,-2,7,-2,1,-1,2,2,1,2,1,2,4
1059,1061,1054,1054,17,19,18,18,-2,7,0,-2,1,0,-1,1,2,1,1,4
220,213,206,206,14,14,13,13,7,7,0,0,1,0,1,1,2,1,1,4
450,443,443,440,13,14,12,13,7,0,3,-1,2,-1,0,1,2,2,1,4
801,796,796,799,18,17,18,19,5,0,-3,1,-1,-1,-1,3,1,1,2,4
803,799,796,796,21,19,21,19,4,3,0,2,-2,2,2,2,2,1,1,4
269,274,267,267,21,19,20,21,-5,7,0,2,-1,-1,0,2,2,1,3,4
846,843,843,843,18,17,18,16,3,0,0,1,-1,2,2,2,1,1,1,4
457,457,450,450,20,19,20,21,0,7,0,1,-1,-1,-1,2,2,3,1,4
1054,1047,1043,1038,13,14,12,13,7,4,5,-1,2,-1,0,1,2,2,2,4
1033,1026,1021,1017,17,16,18,18,7,5,4,1,-2,0,-1,2,1,1,1,4
494,487,478,475,18,19,18,18,7,9,3,-1,1,0,0,2,1,1,2,4
726,721,724,726,17,16,18,18,5,-3,-2,1,-2,0,-1,1,3,2,3,4
960,967,965,965,13,14,15,16,-7,2,0,-1,-1,-1,-3,1,2,1,1,4
286,278,278,281,14,17,15,16,8,0,-3,-3,2,-1,-2,1,2,2,1,4
935,935,923,925,13,14,13,13,0,12,-2,-1,1,0,0,2,2,1,2,4
384,377,372,372,13,14,15,13,7,5,0,-1,-1,2,0,3,2,2,2,4
909,902,907,907,18,19,18,19,7,-5,0,-1,1,-1,-1,1,2,2,2,4
611,604,604,600,18,19,18,19,7,0,4,-1,1,-1,-1,2,1,1,1,4
974,977,965,970,13,14,15,13,-3,12,-5,-1,-1,2,0,1,2,1,3,4
557,553,553,578,18,19,18,19,4,0,-25,-1,1,-1,-1,1,3,1,2,4
1071,1068,1064,1066,13,14,15,13,3,4,-2,-1,-1,2,0,2,3,3,2,4
886,874,871,871,14,14,15,13,12,3,0,0,-1,2,1,1,2,1,1,4
445,443,440,443,13,16,15,16,2,3,-3,-3,1,-1,-3,1,2,1,2,4
960,963,956,956,13,14,12,13,-3,7,0,-1,2,-1,0,1,2,1,1,4
297,293,290,290,18,19,18,19,4,3,0,-1,1,-1,-1,2,2,1,1,4
883,878,876,874,18,19,18,18,5,2,2,-1,1,0,0,2,2,1,2,4
426,428,428,426,13,14,15,13,-2,0,2,-1,-1,2,0,1,2,2,1,4
192,185,185,185,21,19,21,21,7,0,0,2,-2,0,0,1,2,2,2,4
665,660,658,660,13,14,15,13,5,2,-2,-1,-1,2,0,1,3,2,1,4
286,278,271,271,14,17,15,16,8,7,0,-3,2,-1,-2,1,2,1,1,4
485,475,475,475,14,14,13,13,10,0,0,0,1,0,1,2,2,2,2,4
400,396,403,398,17,16,15,16,4,-7,5,1,1,-1,1,2,2,1,1,4
963,956,958,956,13,14,15,13,7,-2,2,-1,-1,2,0,2,1,2,1,4
970,965,970,970,20,19,20,21,5,-5,0,1,-1,-1,-1,1,1,1,1,4
229,224,224,220,14,17,15,16,5,0,4,-3,2,-1,-2,3,1,1,1,4
309,309,300,302,14,14,13,13,0,9,-2,0,1,0,1,1,3,1,2,4
224,220,220,217,14,17,15,16,4,0,3,-3,2,-1,-2,3,1,3,2,4
501,492,489,487,18,17,18,16,9,3,2,1,-1,2,2,1,1,2,3,4
1007,1010,1005,998,20,19,23,18,-3,5,7,1,-4,5,2,1,2,2,1,4
1047,1043,1040,1038,13,14,12,13,4,3,2,-1,2,-1,0,2,2,3,2,4
222,217,220,217,21,19,20,19,5,-3,3,2,-1,1,2,2,2,1,2,4
752,745,743,745,17,16,18,16,7,2,-2,1,-2,2,1,2,1,2,1,4
1021,1031,1026,1021,17,19,18,18,-10,5,5,-2,1,0,-1,1,3,1,1,4
215,203,201,201,18,17,18,16,12,2,0,1,-1,2,2,3,2,1,1,4
440,440,438,438,13,16,15,16,0,2,0,-3,1,-1,-3,1,1,2,2,4
335,332,328,328,17,16,15,16,3,4,0,1,1,-1,1,2,1,1,1,4
771,768,761,764,20,19,20,21,3,7,-3,1,-1,-1,-1,2,3,2,1,4
555,553,550,548,14,17,15,16,2,3,2,-3,2,-1,-2,2,1,2,1,4
862,855,853,853,14,19,15,16,7,2,0,-5,4,-1,-2,1,2,3,3,4
764,761,766,764,17,16,15,16,3,-5,2,1,1,-1,1,3,2,2,1,4
426,419,417,419,13,16,15,16,7,2,-2,-3,1,-1,-3,1,2,1,2,4
909,902,904,904,18,17,18,16,7,-2,0,1,-1,2,2,3,2,1,1,4
517,515,515,515,18,17,18,16,2,0,0,1,-1,2,2,2,1,1,1,4
1068,1064,1066,1064,13,16,15,16,4,-2,2,-3,1,-1,-3,1,1,2,3,4
771,771,768,768,13,14,12,13,0,3,0,-1,2,-1,0,2,2,1,1,4
775,773,766,773,13,16,15,16,2,7,-7,-3,1,-1,-3,2,1,2,1,4
1047,1045,1043,1038,13,14,12,13,2,2,5,-1,2,-1,0,2,3,2,2,4
527,515,515,515,18,17,18,16,12,0,0,1,-1,2,2,2,3,3,1,4
414,410,407,410,17,16,18,18,4,3,-3,1,-2,0,-1,2,2,1,2,4
304,300,293,293,18,17,18,19,4,7,0,1,-1,-1,-1,3,3,2,2,4
384,379,379,377,20,19,20,18,5,0,2,1,-1,2,2,1,1,1,2,4
539,529,524,522,14,14,15,13,10,5,2,0,-1,2,1,3,3,1,2,4
574,567,567,567,18,19,18,18,7,0,0,-1,1,0,0,2,1,1,1,4
257,257,260,253,14,14,15,13,0,-3,7,0,-1,2,1,3,3,2,1,4
651,649,649,651,13,14,15,16,2,0,-2,-1,-1,-1,-3,3,2,2,1,4
215,210,208,210,18,17,18,19,5,2,-2,1,-1,-1,-1,3,1,2,1,4
939,935,937,937,17,19,18,18,4,-2,0,-2,1,0,-1,2,2,1,1,4
543,541,539,539,21,19,20,18,2,2,0,2,-1,2,3,3,2,1,1,4
635,625,623,623,20,19,21,19,10,2,0,1,-2,2,1,2,2,1,1,4
276,271,271,271,18,19,18,18,5,0,0,-1,1,0,0,1,1,1,1,4
192,187,185,187,21,19,21,21,5,2,-2,2,-2,0,0,3,1,2,1,4
534,517,515,508,14,14,13,13,17,2,7,0,1,0,1,1,2,3,2,4
471,468,468,468,17,16,18,18,3,0,0,1,-2,0,-1,2,3,1,3,4
977,967,960,963,13,14,12,13,10,7,-3,-1,2,-1,0,2,2,3,2,4
473,466,461,459,17,16,18,16,7,5,2,1,-2,2,1,3,2,2,1,4
960,960,960,963,13,16,15,16,0,0,-3,-3,1,-1,-3,3,1,1,2,4
239,236,236,236,14,14,15,13,3,0,0,0,-1,2,1,1,2,2,2,4
229,229,234,227,14,14,13,13,0,-5,7,0,1,0,1,1,3,3,2,4
398,393,398,403,20,19,18,18,5,-5,-5,1,1,0,2,1,1,3,1,4
194,1071,1073,1073,14,14,12,13,-877,-2,0,0,2,-1,1,2,2,1,1,4
883,881,876,881,18,17,18,19,2,5,-5,1,-1,-1,-1,2,3,1,1,4
618,611,607,609,18,17,18,19,7,4,-2,1,-1,-1,-1,1,2,2,3,4
271,262,260,262,18,17,15,16,9,2,-2,1,2,-1,2,1,3,2,1,4
768,764,759,759,20,19,20,21,4,5,0,1,-1,-1,-1,1,1,1,1,4
907,902,895,895,18,19,18,19,5,7,0,-1,1,-1,-1,2,2,1,1,4
867,857,857,857,18,17,18,18,10,0,0,1,-1,0,0,3,1,1,1,4
187,185,1078,1075,14,14,15,13,2,-893,3,0,-1,2,1,1,2,1,2,4
271,269,262,267,18,19,20,18,2,7,-5,-1,-1,2,0,3,2,1,1,4
609,600,595,597,18,17,18,16,9,5,-2,1,-1,2,2,1,1,1,2,4
293,283,278,281,18,19,18,19,10,5,-3,-1,1,-1,-1,2,2,2,1,4
576,571,569,571,14,14,15,13,5,2,-2,0,-1,2,1,3,3,2,1,4
846,834,834,843,14,17,15,16,12,0,-9,-3,2,-1,-2,2,3,1,1,4
1047,199,1040,1038,17,17,15,16,848,-841,2,0,2,-1,1,2,2,1,2,4
951,946,946,946,17,16,18,18,5,0,0,1,-2,0,-1,1,3,1,1,4
1000,986,984,984,13,14,12,13,14,2,0,-1,2,-1,0,2,2,1,1,4
874,869,984,862,18,19,23,18,5,-115,122,-1,-4,5,0,2,2,1,1,4
857,855,850,848,14,14,13,13,2,5,2,0,1,0,1,1,2,2,1,4
942,911,909,909,17,17,15,16,31,2,0,0,2,-1,1,1,2,1,3,4
461,457,454,450,13,16,15,16,4,3,4,-3,1,-1,-3,2,2,1,1,4
548,548,536,539,14,17,15,16,0,12,-3,-3,2,-1,-2,1,1,2,1,4
684,682,682,679,20,19,20,18,2,0,3,1,-1,2,2,1,2,2,1,4
817,813,815,820,21,19,20,21,4,-2,-5,2,-1,-1,0,2,2,1,3,4
721,724,719,719,20,19,20,21,-3,5,0,1,-1,-1,-1,1,2,2,2,4
799,796,792,794,21,19,21,19,3,4,-2,2,-2,2,2,2,1,1,2,4
946,946,946,937,20,19,20,21,0,0,9,1,-1,-1,-1,3,1,3,1,4
621,618,614,614,18,19,18,19,3,4,0,-1,1,-1,-1,2,1,1,3,4
1033,1026,1028,1031,20,19,20,21,7,-2,-3,1,-1,-1,-1,2,3,2,3,4
325,309,307,311,14,14,13,13,16,2,-4,0,1,0,1,2,3,2,2,4
407,407,403,405,20,19,18,21,0,4,-2,1,1,-3,-1,1,1,3,2,4
473,473,471,475,13,14,15,13,0,2,-4,-1,-1,2,0,1,3,2,2,4
724,721,714,719,17,16,18,18,3,7,-5,1,-2,0,-1,2,1,2,2,4
468,471,468,468,20,19,18,18,-3,3,0,1,1,0,2,3,2,1,1,4
569,567,553,567,14,14,13,13,2,14,-14,0,1,0,1,2,1,1,1,4
279,271,267,271,18,19,20,18,8,4,-4,-1,-1,2,0,2,3,1,1,4
1026,1026,1024,1026,20,19,20,21,0,2,-2,1,-1,-1,-1,3,3,2,1,4
799,792,792,792,21,19,21,19,7,0,0,2,-2,2,2,2,1,1,1,4
843,843,839,839,21,19,20,18,0,4,0,2,-1,2,3,1,1,1,1,4
360,356,353,351,17,16,15,16,4,3,2,1,1,-1,1,3,3,2,1,4
921,923,918,916,14,17,15,16,-2,5,2,-3,2,-1,-2,2,1,3,2,4
1040,1038,1036,1038,17,16,18,18,2,2,-2,1,-2,0,-1,3,2,1,2,4
871,874,867,867,14,17,15,16,-3,7,0,-3,2,-1,-2,1,2,1,1,4
614,609,607,609,14,17,15,16,5,2,-2,-3,2,-1,-2,3,3,2,1,4
421,417,412,414,17,16,18,18,4,5,-2,1,-2,0,-1,3,1,1,2,4
925,918,911,909,14,14,15,13,7,7,2,0,-1,2,1,2,1,2,3,4
787,775,775,773,14,14,13,13,12,0,2,0,1,0,1,1,2,2,1,4
771,768,766,768,17,16,18,16,3,2,-2,1,-2,2,1,2,3,2,1,4
1075,1075,1073,1073,13,14,12,13,0,2,0,-1,2,-1,0,2,2,3,3,4
822,773,768,766,21,19,20,18,49,5,2,2,-1,2,3,2,1,1,2,4
206,199,196,196,14,17,15,16,7,3,0,-3,2,-1,-2,1,2,3,1,4
1073,1075,1071,1071,17,16,18,16,-2,4,0,1,-2,2,1,1,2,2,2,4
806,794,794,796,18,19,21,19,12,0,-2,-1,-2,2,-1,1,2,2,3,4
459,450,452,454,20,19,20,18,9,-2,-2,1,-1,2,2,3,3,2,1,4
475,475,475,475,13,14,13,13,0,0,0,-1,1,0,0,2,2,2,2,4
581,581,576,578,21,19,20,19,0,5,-2,2,-1,1,2,3,1,1,2,4
815,808,806,806,18,17,18,19,7,2,0,1,-1,-1,-1,1,2,1,1,4
1036,1026,1021,1019,20,19,20,18,10,5,2,1,-1,2,2,3,1,1,2,4
904,907,904,904,14,14,15,13,-3,3,0,0,-1,2,1,1,2,1,3,4
618,621,609,609,14,14,13,13,-3,12,0,0,1,0,1,3,2,1,1,4
625,618,618,616,21,19,21,21,7,0,2,2,-2,0,0,2,3,3,2,4
883,871,874,869,18,17,18,16,12,-3,5,1,-1,2,2,2,1,2,2,4
524,515,515,515,18,19,18,19,9,0,0,-1,1,-1,-1,1,3,1,3,4
700,710,705,707,20,19,23,18,-10,5,-2,1,-4,5,2,2,2,2,1,4
796,789,787,789,14,17,15,16,7,2,-2,-3,2,-1,-2,1,2,1,2,4
909,907,909,904,14,17,15,16,2,-2,5,-3,2,-1,-2,1,2,3,1,4
309,304,304,304,18,17,18,19,5,0,0,1,-1,-1,-1,3,1,1,1,4
468,464,464,464,20,19,20,18,4,0,0,1,-1,2,2,1,1,1,1,4
353,344,337,344,13,14,12,13,9,7,-7,-1,2,-1,0,2,2,1,2,4
253,255,255,253,18,19,18,16,-2,0,2,-1,1,2,2,1,2,2,1,4
393,393,386,389,13,14,15,13,0,7,-3,-1,-1,2,0,1,1,2,1,4
302,293,290,295,14,17,15,16,9,3,-5,-3,2,-1,-2,2,2,1,1,4
951,949,942,939,13,14,15,13,2,7,3,-1,-1,2,0,1,2,1,2,4
524,520,513,513,14,14,13,13,4,7,0,0,1,0,1,1,3,2,2,4
281,276,271,271,14,14,15,13,5,5,0,0,-1,2,1,1,3,1,1,4
794,789,792,789,14,14,15,13,5,-3,3,0,-1,2,1,2,2,3,2,4
721,721,714,714,17,16,15,16,0,7,0,1,1,-1,1,1,1,2,2,4
679,679,677,674,17,16,18,18,0,2,3,1,-2,0,-1,3,1,2,1,4
1003,1003,998,998,17,16,18,16,0,5,0,1,-2,2,1,1,1,1,1,4
414,417,412,410,13,16,15,16,-3,5,2,-3,1,-1,-3,2,3,1,2,4
360,353,351,351,13,14,12,13,7,2,0,-1,2,-1,0,1,2,1,1,4
522,510,506,506,14,17,15,16,12,4,0,-3,2,-1,-2,2,3,1,1,4
339,337,332,335,13,14,15,13,2,5,-3,-1,-1,2,0,2,3,1,2,4
431,433,428,433,20,19,18,18,-2,5,-5,1,1,0,2,1,2,2,2,4
241,234,234,234,14,17,15,16,7,0,0,-3,2,-1,-2,2,1,1,1,4
586,583,574,576,14,14,15,13,3,9,-2,0,-1,2,1,1,2,2,1,4
445,445,443,440,20,19,20,18,0,2,3,1,-1,2,2,3,1,2,1,4
639,635,632,637,17,16,18,18,4,3,-5,1,-2,0,-1,2,2,1,1,4
1014,1010,1007,1010,17,16,18,16,4,3,-3,1,-2,2,1,2,2,1,2,4
1026,1021,1026,1031,20,19,20,21,5,-5,-5,1,-1,-1,-1,1,1,1,1,4
224,220,215,215,21,19,20,19,4,5,0,2,-1,1,2,3,1,3,1,4
820,808,803,803,14,17,15,16,12,5,0,-3,2,-1,-2,1,2,2,2,4
909,907,902,907,14,14,13,13,2,5,-5,0,1,0,1,3,2,2,2,4
1012,1005,998,996,13,14,15,16,7,7,2,-1,-1,-1,-3,3,2,1,2,4
1033,1033,1028,1026,13,14,12,13,0,5,2,-1,2,-1,0,2,2,2,1,4
253,246,243,243,18,19,18,18,7,3,0,-1,1,0,0,1,2,1,1,4
468,473,471,473,13,14,15,16,-5,2,-2,-1,-1,-1,-3,3,1,2,1,4
199,192,187,187,14,14,13,13,7,5,0,0,1,0,1,2,3,1,1,4
447,438,438,438,17,16,18,16,9,0,0,1,-2,2,1,2,2,2,2,4
600,583,576,571,18,17,18,18,17,7,5,1,-1,0,0,1,2,3,1,4
224,220,220,220,14,14,15,13,4,0,0,0,-1,2,1,1,1,1,3,4
822,815,810,815,14,14,15,13,7,5,-5,0,-1,2,1,2,3,1,1,4
220,217,210,210,14,14,15,16,3,7,0,0,-1,-1,-2,1,2,1,1,4
417,414,405,412,13,14,15,13,3,9,-7,-1,-1,2,0,3,2,2,1,4
937,942,937,935,20,19,18,18,-5,5,2,1,1,0,2,1,1,1,2,4
600,602,593,595,14,14,15,16,-2,9,-2,0,-1,-1,-2,1,2,2,1,4
492,489,489,492,14,17,15,16,3,0,-3,-3,2,-1,-2,1,2,2,1,4
757,761,757,757,13,14,12,13,-4,4,0,-1,2,-1,0,2,2,2,2,4
876,871,864,864,21,19,20,21,5,7,0,2,-1,-1,0,1,1,2,2,4
281,274,267,267,14,17,15,16,7,7,0,-3,2,-1,-2,3,2,1,1,4
199,192,192,187,18,17,18,16,7,0,5,1,-1,2,2,2,1,1,1,4
787,787,785,782,18,19,18,19,0,2,3,-1,1,-1,-1,1,3,2,1,4
939,932,923,928,13,14,13,13,7,9,-5,-1,1,0,0,2,1,1,1,4
611,614,611,609,18,19,18,19,-3,3,2,-1,1,-1,-1,2,1,2,1,4
358,351,349,351,17,16,18,16,7,2,-2,1,-2,2,1,2,1,2,1,4
253,246,246,248,18,17,18,18,7,0,-2,1,-1,0,0,3,2,2,1,4
768,761,759,759,13,14,12,13,7,2,0,-1,2,-1,0,1,2,1,1,4
250,243,243,243,14,17,15,16,7,0,0,-3,2,-1,-2,2,1,1,1,4
496,485,487,487,14,14,15,13,11,-2,0,0,-1,2,1,1,2,1,1,4
663,660,658,653,13,14,15,13,3,2,5,-1,-1,2,0,2,3,2,2,4
689,686,677,677,17,16,15,16,3,9,0,1,1,-1,1,3,2,2,2,4
187,187,1078,1073,21,19,20,21,0,-891,5,2,-1,-1,0,1,1,1,1,4
321,316,309,314,14,14,15,13,5,7,-5,0,-1,2,1,2,2,1,1,4
290,281,278,281,21,19,20,19,9,3,-3,2,-1,1,2,1,1,2,1,4
182,1073,1073,1073,18,16,18,18,-891,0,0,2,-2,0,0,1,1,1,1,4
836,834,834,834,14,17,15,16,2,0,0,-3,2,-1,-2,2,1,3,1,4
217,210,199,192,18,19,18,19,7,11,7,-1,1,-1,-1,2,1,2,1,4
283,281,278,278,18,17,18,16,2,3,0,1,-1,2,2,2,1,2,2,4
316,314,314,314,21,19,21,21,2,0,0,2,-2,0,0,2,3,1,1,4
604,602,602,600,14,17,15,16,2,0,2,-3,2,-1,-2,1,2,2,1,4
468,459,452,454,13,14,12,13,9,7,-2,-1,2,-1,0,1,3,2,1,4
274,271,271,271,21,19,20,21,3,0,0,2,-1,-1,0,2,1,1,1,4
436,431,431,428,20,19,20,21,5,0,3,1,-1,-1,-1,1,1,1,2,4
459,457,454,450,13,14,12,13,2,3,4,-1,2,-1,0,1,2,3,1,4
187,182,182,185,18,17,18,16,5,0,-3,1,-1,2,2,3,1,1,2,4
342,342,342,337,13,14,12,13,0,0,5,-1,2,-1,0,3,1,1,3,4
890,888,883,881,14,14,13,13,2,5,2,0,1,0,1,1,2,2,1,4
466,454,454,457,13,14,12,13,12,0,-3,-1,2,-1,0,2,1,1,2,4
782,771,768,768,14,14,15,13,11,3,0,0,-1,2,1,1,2,1,1,4
981,942,949,946,20,19,20,18,39,-7,3,1,-1,2,2,2,1,2,1,4
1000,996,996,993,20,19,18,18,4,0,3,1,1,0,2,2,2,2,1,4
1017,893,890,895,13,17,15,16,124,3,-5,-4,2,-1,-3,1,2,1,3,4
857,850,853,850,14,14,13,13,7,-3,3,0,1,0,1,1,2,1,2,4
335,332,323,328,17,16,18,19,3,9,-5,1,-2,-1,-2,2,1,1,1,4
979,972,965,963,20,19,18,18,7,7,2,1,1,0,2,1,2,1,2,4
241,234,234,236,21,19,20,21,7,0,-2,2,-1,-1,0,2,3,3,2,4
1068,1064,1064,1061,17,16,18,16,4,0,3,1,-2,2,1,1,1,1,2,4
264,264,262,262,18,17,18,18,0,2,0,1,-1,0,0,2,2,1,1,4
583,578,576,576,18,19,18,18,5,2,0,-1,1,0,0,2,2,1,1,4
1064,1059,1054,1052,17,16,18,18,5,5,2,1,-2,0,-1,3,1,1,2,4
246,239,236,239,14,14,15,16,7,3,-3,0,-1,-1,-2,2,3,2,1,4
1054,1054,1052,1052,13,14,15,13,0,2,0,-1,-1,2,0,1,1,2,2,4
1068,1071,1064,1064,13,16,15,16,-3,7,0,-3,1,-1,-3,1,2,1,1,4
339,339,337,337,17,16,15,16,0,2,0,1,1,-1,1,2,2,3,1,4
517,515,515,510,18,17,18,19,2,0,5,1,-1,-1,-1,2,3,1,1,4
1007,1010,1000,998,20,19,18,18,-3,10,2,1,1,0,2,1,2,2,1,4
714,710,710,705,13,16,15,16,4,0,5,-3,1,-1,-3,2,2,2,2,4
902,895,895,895,18,17,18,19,7,0,0,1,-1,-1,-1,2,1,1,1,4
993,986,977,982,13,14,12,13,7,9,-5,-1,2,-1,0,3,2,2,2,4
220,217,215,215,21,19,20,21,3,2,0,2,-1,-1,0,1,2,1,1,4
524,524,524,524,14,14,13,13,0,0,0,0,1,0,1,3,1,3,1,4
229,224,227,220,14,17,15,16,5,-3,7,-3,2,-1,-2,1,1,2,1,4
487,487,482,482,14,14,15,13,0,5,0,0,-1,2,1,3,1,1,1,4
782,785,778,778,14,17,15,16,-3,7,0,-3,2,-1,-2,1,2,1,1,4
726,726,721,721,20,19,20,21,0,5,0,1,-1,-1,-1,1,1,1,1,4
560,557,553,553,14,14,13,13,3,4,0,0,1,0,1,2,3,1,1,4
632,628,625,628,20,19,18,19,4,3,-3,1,1,-1,1,1,1,2,1,4
206,206,203,210,21,19,20,21,0,3,-7,2,-1,-1,0,1,3,2,1,4
787,775,771,771,14,16,15,16,12,4,0,-2,1,-1,-2,1,2,2,2,4
182,1075,1078,182,18,19,18,19,-893,-3,896,-1,1,-1,-1,1,2,1,1,4
743,743,740,740,20,19,20,18,0,3,0,1,-1,2,2,2,2,1,1,4
653,651,651,651,20,19,18,18,2,0,0,1,1,0,2,2,1,3,3,4
389,384,384,384,20,19,18,18,5,0,0,1,1,0,2,1,1,1,1,4
414,419,414,414,17,16,15,16,-5,5,0,1,1,-1,1,2,2,2,2,4
384,382,389,389,20,19,20,21,2,-7,0,1,-1,-1,-1,3,2,3,1,4
600,595,590,588,21,19,20,21,5,5,2,2,-1,-1,0,1,1,1,2,4
808,799,792,789,14,14,13,13,9,7,3,0,1,0,1,2,2,1,2,4
834,834,832,834,14,14,13,13,0,2,-2,0,1,0,1,3,1,2,1,4
510,510,508,506,14,17,15,16,0,2,2,-3,2,-1,-2,1,1,2,1,4
754,743,731,733,17,19,18,18,11,12,-2,-2,1,0,-1,1,2,3,2,4
421,419,419,417,17,16,18,18,2,0,2,1,-2,0,-1,1,2,2,3,4
360,356,356,360,17,16,18,16,4,0,-4,1,-2,2,1,1,1,3,1,4
234,229,227,229,21,19,20,21,5,2,-2,2,-1,-1,0,1,1,2,1,4
1021,1021,1017,1019,20,19,20,21,0,4,-2,1,-1,-1,-1,1,1,3,2,4
253,250,248,243,18,17,18,18,3,2,5,1,-1,0,0,1,2,1,1,4
260,246,248,248,14,17,15,16,14,-2,0,-3,2,-1,-2,2,2,1,1,4
719,717,724,714,13,14,12,13,2,-7,10,-1,2,-1,0,2,1,2,2,4
557,560,553,553,21,19,20,18,-3,7,0,2,-1,2,3,3,2,1,1,4
1068,1061,1057,1073,13,14,15,13,7,4,-16,-1,-1,2,0,1,2,2,1,4
246,241,241,243,14,14,15,13,5,0,-2,0,-1,2,1,2,2,2,1,4
796,789,787,787,14,17,15,16,7,2,0,-3,2,-1,-2,1,2,1,1,4
567,564,567,567,18,19,18,18,3,-3,0,-1,1,0,0,3,2,3,1,4
970,970,965,967,20,19,20,18,0,5,-2,1,-1,2,2,1,1,3,2,4
374,377,374,374,20,19,20,21,-3,3,0,1,-1,-1,-1,1,2,1,1,4
1054,1045,1050,1045,20,19,20,21,9,-5,5,1,-1,-1,-1,1,3,1,3,4
302,300,295,300,21,19,20,21,2,5,-5,2,-1,-1,0,2,1,3,1,4
660,656,660,656,20,19,20,21,4,-4,4,1,-1,-1,-1,1,1,1,1,4
517,508,508,506,14,17,15,16,9,0,2,-3,2,-1,-2,2,2,2,1,4
426,424,424,424,20,19,20,21,2,0,0,1,-1,-1,-1,1,2,2,2,4
893,886,881,881,21,19,20,19,7,5,0,2,-1,1,2,2,1,1,1,4
314,304,300,307,18,17,18,16,10,4,-7,1,-1,2,2,1,1,3,2,4
222,220,215,217,14,14,13,13,2,5,-2,0,1,0,1,2,3,1,2,4
822,820,813,813,14,17,15,16,2,7,0,-3,2,-1,-2,2,3,2,2,4
461,450,454,454,13,14,15,13,11,-4,0,-1,-1,2,0,2,1,1,1,4
665,660,663,665,17,16,18,18,5,-3,-2,1,-2,0,-1,1,1,2,1,4
192,194,192,187,21,19,21,21,-2,2,5,2,-2,0,0,1,2,3,3,4
963,953,944,944,20,19,20,21,10,9,0,1,-1,-1,-1,2,2,2,2,4
719,717,712,712,20,19,20,18,2,5,0,1,-1,2,2,2,3,1,1,4
890,890,886,886,18,19,18,19,0,4,0,-1,1,-1,-1,1,1,1,1,4
897,900,890,895,21,19,20,21,-3,10,-5,2,-1,-1,0,2,1,1,1,4
473,468,468,466,17,19,18,18,5,0,2,-2,1,0,-1,1,1,1,2,4
443,443,436,436,17,19,18,18,0,7,0,-2,1,0,-1,2,2,1,1,4
445,445,440,440,17,16,18,18,0,5,0,1,-2,0,-1,1,1,1,1,4
386,389,379,389,20,19,18,18,-3,10,-10,1,1,0,2,2,1,1,1,4
492,482,485,482,21,19,21,21,10,-3,3,2,-2,0,0,1,1,2,1,4
923,916,918,921,18,19,18,19,7,-2,-3,-1,1,-1,-1,1,2,1,2,4
960,956,951,946,13,14,12,13,4,5,5,-1,2,-1,0,1,3,1,1,4
820,810,806,806,18,19,18,19,10,4,0,-1,1,-1,-1,1,3,1,3,4
764,759,754,757,17,16,18,16,5,5,-3,1,-2,2,1,1,1,3,2,4
794,792,792,792,14,14,13,13,2,0,0,0,1,0,1,2,1,1,3,4
960,956,958,958,17,19,18,18,4,-2,0,-2,1,0,-1,3,3,2,2,4
853,841,829,836,14,14,15,13,12,12,-7,0,-1,2,1,1,2,3,2,4
1017,1019,1017,1021,20,19,18,18,-2,2,-4,1,1,0,2,1,2,1,1,4
1007,1003,1003,1003,17,16,18,18,4,0,0,1,-2,0,-1,3,1,1,3,4
393,391,389,389,20,19,20,21,2,2,0,1,-1,-1,-1,1,2,3,1,4
958,953,956,956,17,16,15,16,5,-3,0,1,1,-1,1,2,2,3,1,4
970,972,972,970,13,14,12,13,-2,0,2,-1,2,-1,0,1,2,2,1,4
255,253,248,250,14,14,15,13,2,5,-2,0,-1,2,1,2,3,1,2,4
651,644,646,646,20,19,20,21,7,-2,0,1,-1,-1,-1,1,2,1,1,4
381,384,374,377,13,16,15,16,-3,10,-3,-3,1,-1,-3,2,1,1,2,4
944,942,937,937,17,19,18,18,2,5,0,-2,1,0,-1,2,1,3,1,4
450,445,436,436,13,14,12,13,5,9,0,-1,2,-1,0,1,1,1,1,4
1026,1026,1021,1019,17,16,15,16,0,5,2,1,1,-1,1,3,1,1,2,4
279,274,271,269,18,17,18,16,5,3,2,1,-1,2,2,2,2,1,2,4
321,314,314,314,21,19,21,19,7,0,0,2,-2,2,2,2,1,1,1,4
761,759,757,754,20,19,20,18,2,2,3,1,-1,2,2,2,1,2,1,4
492,487,485,487,18,19,18,19,5,2,-2,-1,1,-1,-1,1,1,2,1,4
937,935,935,935,17,16,18,18,2,0,0,1,-2,0,-1,3,2,2,2,4
925,916,914,914,18,17,18,16,9,2,0,1,-1,2,2,2,2,3,1,4
473,466,457,459,13,14,15,13,7,9,-2,-1,-1,2,0,1,2,2,1,4
356,351,344,346,20,19,18,18,5,7,-2,1,1,0,2,1,1,2,1,4
693,691,684,689,20,19,20,21,2,7,-5,1,-1,-1,-1,3,2,3,1,4
853,846,843,846,14,17,15,16,7,3,-3,-3,2,-1,-2,3,2,3,2,4
860,848,848,846,14,14,15,13,12,0,2,0,-1,2,1,2,3,1,2,4
937,942,942,942,20,19,20,21,-5,0,0,1,-1,-1,-1,1,1,1,1,4
1021,1019,1017,1017,17,16,18,18,2,2,0,1,-2,0,-1,1,2,1,1,4
960,956,946,942,17,16,18,18,4,10,4,1,-2,0,-1,3,1,1,1,4
614,609,618,611,21,19,21,21,5,-9,7,2,-2,0,0,1,1,1,2,4
503,475,475,478,14,14,15,13,28,0,-3,0,-1,2,1,2,2,2,1,4
531,534,534,532,14,14,15,13,-3,0,2,0,-1,2,1,2,3,1,2,4
325,325,323,325,14,14,13,13,0,2,-2,0,1,0,1,2,2,1,2,4
747,745,750,747,13,16,15,16,2,-5,3,-3,1,-1,-3,2,3,1,2,4
314,314,309,309,18,19,18,19,0,5,0,-1,1,-1,-1,1,1,3,1,4
754,754,754,752,17,16,18,18,0,0,2,1,-2,0,-1,1,1,3,2,4
220,213,208,210,14,14,15,13,7,5,-2,0,-1,2,1,1,2,2,1,4
335,342,332,332,13,14,15,13,-7,10,0,-1,-1,2,0,2,1,1,1,4
510,506,501,499,14,14,13,13,4,5,2,0,1,0,1,1,3,1,2,4
850,841,843,834,14,14,13,13,9,-2,9,0,1,0,1,2,2,3,1,4
731,726,721,724,17,16,18,16,5,5,-3,1,-2,2,1,1,1,1,2,4
932,932,932,932,20,19,20,18,0,0,0,1,-1,2,2,1,1,1,1,4
979,974,979,979,17,16,18,16,5,-5,0,1,-2,2,1,1,1,1,1,4
510,506,508,508,18,19,18,19,4,-2,0,-1,1,-1,-1,1,1,2,2,4
531,527,524,520,14,17,15,16,4,3,4,-3,2,-1,-2,2,2,3,1,4
295,295,288,286,18,17,18,19,0,7,2,1,-1,-1,-1,3,3,2,1,4
911,907,909,909,21,19,21,21,4,-2,0,2,-2,0,0,2,2,1,1,4
787,785,789,792,18,19,18,19,2,-4,-3,-1,1,-1,-1,3,2,2,1,4
646,644,644,649,13,14,15,13,2,0,-5,-1,-1,2,0,1,2,2,2,4
972,963,956,956,13,14,15,13,9,7,0,-1,-1,2,0,2,2,1,1,4
951,944,946,942,20,19,20,18,7,-2,4,1,-1,2,2,1,2,1,1,4
625,623,623,625,14,14,15,16,2,0,-2,0,-1,-1,-2,2,3,1,2,4
660,658,658,660,20,19,20,21,2,0,-2,1,-1,-1,-1,1,2,2,1,4
269,262,255,255,18,17,18,16,7,7,0,1,-1,2,2,2,3,2,2,4
321,314,309,307,14,14,15,13,7,5,2,0,-1,2,1,2,1,1,2,4
890,890,890,890,21,19,20,19,0,0,0,2,-1,1,2,1,1,1,1,4
314,314,309,314,14,14,15,13,0,5,-5,0,-1,2,1,1,3,3,1,4
951,946,944,942,20,19,18,18,5,2,2,1,1,0,2,1,1,2,1,4
904,900,897,897,18,19,18,19,4,3,0,-1,1,-1,-1,3,3,2,2,4
344,337,339,337,13,14,12,13,7,-2,2,-1,2,-1,0,2,1,2,3,4
588,586,581,576,18,17,18,18,2,5,5,1,-1,0,0,2,3,1,3,4
937,937,928,925,13,14,15,13,0,9,3,-1,-1,2,0,3,1,1,2,4
571,567,564,564,18,17,18,16,4,3,0,1,-1,2,2,1,3,2,2,4
593,576,578,576,14,14,15,13,17,-2,2,0,-1,2,1,2,3,2,1,4
820,815,813,817,14,14,15,13,5,2,-4,0,-1,2,1,1,3,2,2,4
698,698,698,693,13,14,15,16,0,0,5,-1,-1,-1,-3,1,1,1,1,4
721,724,719,717,20,19,20,21,-3,5,2,1,-1,-1,-1,1,2,2,1,4
253,246,241,239,18,19,18,18,7,5,2,-1,1,0,0,1,2,2,1,4
550,550,546,550,14,14,13,13,0,4,-4,0,1,0,1,2,2,2,2,4
740,738,740,738,13,16,15,16,2,-2,2,-3,1,-1,-3,3,2,1,2,4
989,984,989,986,17,16,18,18,5,-5,3,1,-2,0,-1,1,1,1,2,4
886,883,878,876,14,17,15,16,3,5,2,-3,2,-1,-2,1,2,2,1,4
984,982,974,974,17,16,15,16,2,8,0,1,1,-1,1,1,2,3,1,4
595,588,586,583,21,19,20,21,7,2,3,2,-1,-1,0,1,2,1,2,4
281,281,278,276,21,19,20,18,0,3,2,2,-1,2,3,3,1,2,1,4
989,986,984,991,13,14,15,13,3,2,-7,-1,-1,2,0,1,2,1,2,4
478,473,478,475,17,16,18,16,5,-5,3,1,-2,2,1,1,1,1,2,4
1052,1050,1052,1052,20,19,20,18,2,-2,0,1,-1,2,2,2,1,2,2,4
1007,1003,1017,1021,17,16,18,18,4,-14,-4,1,-2,0,-1,1,1,1,3,4
944,935,928,923,20,19,21,19,9,7,5,1,-2,2,1,2,2,1,1,4
600,593,590,590,18,17,18,19,7,3,0,1,-1,-1,-1,3,2,1,1,4
182,1075,1073,1075,14,14,12,13,-893,2,-2,0,2,-1,1,1,2,1,2,4
206,208,203,206,14,17,15,16,-2,5,-3,-3,2,-1,-2,3,2,2,1,4
918,916,914,914,18,17,18,16,2,2,0,1,-1,2,2,3,2,3,1,4
1050,1047,1043,1043,17,16,18,16,3,4,0,1,-2,2,1,3,2,2,2,4
243,241,239,239,14,14,13,13,2,2,0,0,1,0,1,3,2,3,1,4
972,967,970,970,20,19,20,21,5,-3,0,1,-1,-1,-1,2,2,1,3,4
243,232,227,229,14,14,13,13,11,5,-2,0,1,0,1,1,2,2,1,4
904,900,895,890,14,17,15,16,4,5,5,-3,2,-1,-2,1,3,1,1,4
893,888,888,890,21,19,20,19,5,0,-2,2,-1,1,2,2,2,2,1,4
374,372,365,363,17,16,18,18,2,7,2,1,-2,0,-1,3,2,3,2,4
300,288,290,297,18,17,18,16,12,-2,-7,1,-1,2,2,1,2,1,2,4
426,426,424,426,17,16,15,16,0,2,-2,1,1,-1,1,1,3,2,3,4
243,234,234,232,18,17,18,16,9,0,2,1,-1,2,2,3,1,1,2,4
960,956,953,956,17,16,18,18,4,3,-3,1,-2,0,-1,3,1,2,1,4
231,229,227,229,14,17,15,16,2,2,-2,-3,2,-1,-2,2,3,2,1,4
745,743,743,740,20,19,18,18,2,0,3,1,1,0,2,1,2,2,1,4
949,949,946,942,13,14,15,16,0,3,4,-1,-1,-1,-3,2,2,3,1,4
482,482,478,478,21,19,20,21,0,4,0,2,-1,-1,0,1,1,1,1,4
508,503,501,501,14,14,15,16,5,2,0,0,-1,-1,-2,2,2,1,1,4
192,182,1075,1071,18,17,18,18,10,-893,4,1,-1,0,0,3,1,2,2,4
736,750,733,731,20,19,20,21,-14,17,2,1,-1,-1,-1,3,1,2,1,4
757,750,754,757,20,19,18,18,7,-4,-3,1,1,0,2,2,3,1,2,4
960,956,953,956,17,19,18,18,4,3,-3,-2,1,0,-1,1,1,2,1,4
316,316,314,314,14,14,13,13,0,2,0,0,1,0,1,2,2,1,3,4
553,548,543,543,14,14,13,13,5,5,0,0,1,0,1,1,3,1,1,4
541,541,536,536,18,19,18,18,0,5,0,-1,1,0,0,2,2,2,2,4
220,213,210,210,14,14,13,13,7,3,0,0,1,0,1,1,2,1,1,4
1007,1005,1005,1003,13,14,15,13,2,0,2,-1,-1,2,0,1,2,2,1,4
714,712,710,707,20,19,20,21,2,2,3,1,-1,-1,-1,2,1,2,1,4
450,447,445,468,20,19,20,21,3,2,-23,1,-1,-1,-1,1,2,3,3,4
550,550,548,548,21,19,20,18,0,2,0,2,-1,2,3,2,2,1,3,4
1040,1031,1033,1036,20,19,20,18,9,-2,-3,1,-1,2,2,1,3,2,1,4
262,260,260,264,21,19,20,21,2,0,-4,2,-1,-1,0,1,2,2,2,4
571,557,557,557,18,17,18,16,14,0,0,1,-1,2,2,1,1,1,1,4
553,548,541,543,21,19,20,18,5,7,-2,2,-1,2,3,1,1,2,1,4
217,208,210,210,18,17,18,19,9,-2,0,1,-1,-1,-1,2,2,3,1,4
595,586,593,597,18,19,18,19,9,-7,-4,-1,1,-1,-1,1,1,2,2,4
939,937,937,935,13,14,12,13,2,0,2,-1,2,-1,0,2,1,1,2,4
621,616,614,618,21,19,21,19,5,2,-4,2,-2,2,2,2,2,1,1,4
909,904,895,895,18,19,18,19,5,9,0,-1,1,-1,-1,1,1,1,1,4
567,564,562,564,14,17,15,16,3,2,-2,-3,2,-1,-2,1,2,1,2,4
665,663,656,653,20,19,20,21,2,7,3,1,-1,-1,-1,1,2,1,2,4
464,466,464,461,17,19,18,18,-2,2,3,-2,1,0,-1,3,2,3,2,4
651,646,644,642,20,19,20,18,5,2,2,1,-1,2,2,1,1,2,1,4
1024,1024,1024,1026,13,14,15,13,0,0,-2,-1,-1,2,0,2,2,2,3,4
1052,1052,1050,1050,13,16,15,16,0,2,0,-3,1,-1,-3,2,2,1,1,4
796,796,792,796,14,14,15,13,0,4,-4,0,-1,2,1,1,3,3,3,4
918,918,916,914,14,14,13,13,0,2,2,0,1,0,1,3,3,2,1,4
492,489,487,492,18,19,18,19,3,2,-5,-1,1,-1,-1,1,2,1,1,4
239,229,232,227,18,17,18,16,10,-3,5,1,-1,2,2,1,3,2,2,4
1059,1061,1059,1057,13,14,12,13,-2,2,2,-1,2,-1,0,1,2,3,2,4
897,886,886,888,18,17,18,16,11,0,-2,1,-1,2,2,2,1,1,2,4
1000,989,989,991,17,16,18,18,11,0,-2,1,-2,0,-1,2,1,1,2,4
824,813,813,817,14,14,13,13,11,0,-4,0,1,0,1,1,2,2,2,4
717,714,707,707,17,16,15,16,3,7,0,1,1,-1,1,3,2,1,1,4
836,832,832,834,18,17,18,18,4,0,-2,1,-1,0,0,2,2,2,1,4
389,386,384,382,13,14,12,13,3,2,2,-1,2,-1,0,3,2,1,2,4
764,768,759,759,17,16,18,16,-4,9,0,1,-2,2,1,1,1,1,1,4
436,428,417,414,13,16,15,16,8,11,3,-3,1,-1,-3,3,2,1,2,4
628,618,609,609,14,17,15,16,10,9,0,-3,2,-1,-2,1,3,1,1,4
405,405,403,403,17,19,18,16,0,2,0,-2,1,2,1,2,2,3,1,4
374,372,365,372,13,14,15,13,2,7,-7,-1,-1,2,0,3,2,1,2,4
696,691,689,689,20,19,20,21,5,2,0,1,-1,-1,-1,2,2,1,1,4
628,623,614,616,18,17,18,16,5,9,-2,1,-1,2,2,1,3,3,2,4
182,1075,1068,1071,14,14,15,13,-893,7,-3,0,-1,2,1,1,2,3,2,4
1047,1047,1045,1050,17,16,18,18,0,2,-5,1,-2,0,-1,2,2,1,3,4
590,583,576,578,21,19,20,19,7,7,-2,2,-1,1,2,1,2,1,2,4
1021,1021,1012,1012,17,16,15,16,0,9,0,1,1,-1,1,1,3,1,1,4
937,939,932,932,20,19,20,18,-2,7,0,1,-1,2,2,1,2,1,1,4
834,829,813,810,14,14,15,16,5,16,3,0,-1,-1,-2,3,3,2,3,4
724,721,721,721,13,14,15,13,3,0,0,-1,-1,2,0,2,3,1,1,4
1064,1057,1050,1050,20,19,20,18,7,7,0,1,-1,2,2,1,2,1,1,4
614,607,604,609,18,17,18,16,7,3,-5,1,-1,2,2,3,2,1,1,4
234,232,229,234,18,19,18,18,2,3,-5,-1,1,0,0,3,2,1,1,4
895,886,876,881,21,19,20,21,9,10,-5,2,-1,-1,0,1,1,1,1,4
609,600,602,597,14,14,15,16,9,-2,5,0,-1,-1,-2,1,3,2,2,4
707,703,698,703,17,16,18,16,4,5,-5,1,-2,2,1,3,1,1,1,4
960,956,956,953,20,19,20,21,4,0,3,1,-1,-1,-1,3,3,3,2,4
201,199,194,192,14,14,13,13,2,5,2,0,1,0,1,1,2,2,3,4
693,691,689,691,20,19,18,18,2,2,-2,1,1,0,2,1,2,3,2,4
827,822,824,822,14,17,15,16,5,-2,2,-3,2,-1,-2,2,2,1,2,4
1050,1050,1045,1047,17,16,18,16,0,5,-2,1,-2,2,1,1,1,1,2,4
384,377,370,370,17,16,18,18,7,7,0,1,-2,0,-1,1,2,3,3,4
360,358,360,360,13,14,12,13,2,-2,0,-1,2,-1,0,1,2,3,3,4
979,977,982,979,17,16,18,18,2,-5,3,1,-2,0,-1,1,2,2,1,4
759,757,754,752,20,19,20,21,2,3,2,1,-1,-1,-1,3,2,1,2,4
445,440,436,436,20,19,18,18,5,4,0,1,1,0,2,3,1,3,3,4
766,768,766,766,13,14,12,13,-2,2,0,-1,2,-1,0,2,1,2,2,4
243,243,239,239,14,17,15,16,0,4,0,-3,2,-1,-2,3,1,1,3,4
360,360,356,356,20,19,18,18,0,4,0,1,1,0,2,1,3,1,1,4
279,274,267,267,14,14,13,13,5,7,0,0,1,0,1,2,2,1,1,4
1073,1064,1059,1059,13,14,15,13,9,5,0,-1,-1,2,0,1,1,1,3,4
1054,1054,1054,1045,20,19,20,18,0,0,9,1,-1,2,2,1,1,1,1,4
895,886,881,878,14,14,15,16,9,5,3,0,-1,-1,-2,3,3,3,2,4
224,222,220,220,14,14,15,16,2,2,0,0,-1,-1,-2,3,2,1,1,4
618,614,614,609,18,19,21,19,4,0,5,-1,-2,2,-1,1,3,1,1,4
1036,1031,1028,1026,17,19,18,18,5,3,2,-2,1,0,-1,3,1,2,1,4
379,384,386,389,17,16,15,16,-5,-2,-3,1,1,-1,1,1,1,2,1,4
914,909,902,909,14,17,15,16,5,7,-7,-3,2,-1,-2,3,1,2,1,4
789,792,787,782,14,14,13,13,-3,5,5,0,1,0,1,2,3,1,1,4
839,839,839,839,18,17,18,18,0,0,0,1,-1,0,0,3,1,3,1,4
384,384,384,389,20,19,18,18,0,0,-5,1,1,0,2,1,1,3,1,4
239,232,229,229,14,14,13,13,7,3,0,0,1,0,1,1,2,1,1,4
264,262,257,257,14,14,15,13,2,5,0,0,-1,2,1,2,1,1,1,4
384,386,384,386,17,16,18,18,-2,2,-2,1,-2,0,-1,1,2,1,2,4
967,967,963,965,13,16,15,16,0,4,-2,-3,1,-1,-3,2,2,2,1,4
381,370,374,370,13,14,12,13,11,-4,4,-1,2,-1,0,2,1,1,3,4
562,560,557,557,18,19,20,18,2,3,0,-1,-1,2,0,1,2,1,3,4
595,590,586,581,14,14,15,13,5,4,5,0,-1,2,1,1,3,3,3,4
705,698,693,703,17,16,15,16,7,5,-10,1,1,-1,1,2,3,3,1,4
600,595,593,590,14,17,15,16,5,2,3,-3,2,-1,-2,1,1,2,1,4
550,546,539,536,18,19,18,18,4,7,3,-1,1,0,0,2,2,1,2,4
754,752,752,752,20,19,18,18,2,0,0,1,1,0,2,1,2,2,2,4
996,993,993,989,13,14,15,13,3,0,4,-1,-1,2,0,2,1,1,1,4
206,201,206,201,21,19,20,19,5,-5,5,2,-1,1,2,3,1,1,1,4
951,946,946,946,17,16,18,18,5,0,0,1,-2,0,-1,3,1,3,1,4
196,185,182,182,18,19,18,19,11,3,0,-1,1,-1,-1,1,2,1,1,4
288,283,281,281,14,14,15,16,5,2,0,0,-1,-1,-2,2,2,1,1,4
1059,1057,1054,1054,17,16,18,16,2,3,0,1,-2,2,1,3,2,1,3,4
1075,1078,1075,1078,20,19,20,21,-3,3,-3,1,-1,-1,-1,2,1,2,1,4
609,602,604,604,14,14,15,16,7,-2,0,0,-1,-1,-2,1,2,1,1,4
979,974,970,970,17,16,18,16,5,4,0,1,-2,2,1,1,1,1,1,4
817,815,813,813,14,14,15,13,2,2,0,0,-1,2,1,2,1,2,2,4
639,635,637,639,13,14,12,13,4,-2,-2,-1,2,-1,0,2,2,1,2,4
696,691,686,686,13,16,15,16,5,5,0,-3,1,-1,-3,2,2,2,2,4
740,740,740,738,20,19,20,21,0,0,2,1,-1,-1,-1,1,1,1,2,4
616,609,611,604,14,17,15,16,7,-2,7,-3,2,-1,-2,2,3,2,3,4
236,234,227,229,18,17,18,19,2,7,-2,1,-1,-1,-1,2,1,2,1,4
998,993,993,993,17,16,15,16,5,0,0,1,1,-1,1,3,1,1,3,4
651,651,646,646,17,19,18,18,0,5,0,-2,1,0,-1,1,1,3,1,4
579,578,576,576,14,14,15,16,1,2,0,0,-1,-1,-2,2,2,1,3,4
417,412,412,414,20,19,20,18,5,0,-2,1,-1,2,2,1,3,1,2,4
794,792,782,782,18,19,18,19,2,10,0,-1,1,-1,-1,2,3,1,1,4
224,215,213,215,21,19,20,19,9,2,-2,2,-1,1,2,3,3,2,1,4
234,229,224,220,21,19,20,19,5,5,4,2,-1,1,2,1,3,1,3,4
527,524,522,524,18,19,18,19,3,2,-2,-1,1,-1,-1,2,1,2,1,4
510,508,503,506,14,17,15,16,2,5,-3,-3,2,-1,-2,1,2,2,3,4
440,440,440,438,20,19,18,18,0,0,2,1,1,0,2,3,3,3,2,4
822,820,820,817,21,19,20,21,2,0,3,2,-1,-1,0,2,3,1,2,4
461,457,450,447,13,14,12,13,4,7,3,-1,2,-1,0,2,2,1,2,4
501,492,487,487,14,14,15,13,9,5,0,0,-1,2,1,3,3,1,1,4
553,548,548,548,14,17,15,16,5,0,0,-3,2,-1,-2,3,1,1,1,4
1003,998,1003,998,13,16,15,16,5,-5,5,-3,1,-1,-3,1,1,3,1,4
625,625,621,623,18,17,18,19,0,4,-2,1,-1,-1,-1,2,2,2,1,4
834,829,829,829,18,19,18,19,5,0,0,-1,1,-1,-1,1,1,1,1,4
989,989,984,986,20,19,20,18,0,5,-2,1,-1,2,2,3,3,1,2,4
581,581,576,576,21,19,20,21,0,5,0,2,-1,-1,0,1,3,1,1,4
482,468,459,461,14,14,15,13,14,9,-2,0,-1,2,1,1,3,1,2,4
1005,1003,998,1003,13,16,15,16,2,5,-5,-3,1,-1,-3,2,3,3,1,4
370,365,365,363,13,14,15,13,5,0,2,-1,-1,2,0,1,1,3,2,4
381,372,372,374,13,14,12,13,9,0,-2,-1,2,-1,0,2,2,2,1,4
447,445,445,445,20,19,18,18,2,0,0,1,1,0,2,2,1,1,1,4
960,960,958,956,13,14,15,13,0,2,2,-1,-1,2,0,1,1,2,3,4
714,710,712,707,17,16,15,16,4,-2,5,1,1,-1,1,2,2,1,1,4
721,717,712,714,20,19,20,18,4,5,-2,1,-1,2,2,1,1,1,2,4
311,309,307,304,21,19,20,21,2,2,3,2,-1,-1,0,2,3,2,1,4
637,637,628,628,20,19,21,21,0,9,0,1,-2,0,-1,1,1,1,1,4
1073,1075,1073,1073,20,19,20,18,-2,2,0,1,-1,2,2,1,2,1,3,4
487,443,443,443,18,16,15,16,44,0,0,2,1,-1,2,3,2,2,2,4
236,234,232,232,14,14,13,13,2,2,0,0,1,0,1,2,3,2,2,4
810,799,794,787,18,19,18,19,11,5,7,-1,1,-1,-1,1,2,2,1,4
220,213,203,206,14,17,15,16,7,10,-3,-3,2,-1,-2,1,2,2,3,4
534,506,510,510,18,19,18,19,28,-4,0,-1,1,-1,-1,1,3,1,1,4
581,571,557,555,14,17,15,16,10,14,2,-3,2,-1,-2,3,1,1,2,4
379,374,374,374,17,16,18,18,5,0,0,1,-2,0,-1,1,1,1,1,4
206,206,203,203,18,17,18,16,0,3,0,1,-1,2,2,3,1,2,2,4
951,951,1073,949,20,19,20,21,0,-122,124,1,-1,-1,-1,1,3,1,2,4
808,796,792,785,14,14,13,13,12,4,7,0,1,0,1,2,3,1,2,4
785,782,778,775,18,17,18,18,3,4,3,1,-1,0,0,2,1,1,2,4
208,203,206,201,14,14,15,13,5,-3,5,0,-1,2,1,2,2,1,1,4
295,293,290,290,18,17,18,19,2,3,0,1,-1,-1,-1,3,2,1,1,4
185,1075,1075,1075,14,16,15,16,-890,0,0,-2,1,-1,-2,2,2,2,2,4
279,278,276,276,21,19,20,21,1,2,0,2,-1,-1,0,2,2,1,1,4
271,257,257,257,21,19,20,18,14,0,0,2,-1,2,3,3,1,1,1,4
257,257,250,253,14,14,15,13,0,7,-3,0,-1,2,1,1,3,2,1,4
1064,1059,1059,1061,13,16,15,16,5,0,-2,-3,1,-1,-3,3,3,3,2,4
471,464,468,464,20,19,18,18,7,-4,4,1,1,0,2,2,1,1,1,4
281,274,271,271,18,17,18,16,7,3,0,1,-1,2,2,3,2,1,1,4
775,782,768,771,17,17,18,18,-7,14,-3,0,-1,0,-1,2,1,1,2,4
646,639,628,628,17,16,15,16,7,11,0,1,1,-1,1,1,2,1,1,4
346,342,339,339,13,14,12,13,4,3,0,-1,2,-1,0,3,3,2,2,4
593,586,581,581,14,14,15,13,7,5,0,0,-1,2,1,2,3,1,1,4
360,358,353,353,17,16,18,18,2,5,0,1,-2,0,-1,1,2,2,2,4
916,902,902,900,14,17,15,16,14,0,2,-3,2,-1,-2,2,2,2,1,4
217,220,215,217,14,14,13,13,-3,5,-2,0,1,0,1,2,1,1,2,4
227,220,224,222,14,17,15,16,7,-4,2,-3,2,-1,-2,2,1,1,2,4
185,182,182,182,21,19,21,19,3,0,0,2,-2,2,2,2,1,1,1,4
614,614,614,611,21,19,21,19,0,0,3,2,-2,2,2,1,1,1,2,4
522,510,506,506,18,19,18,19,12,4,0,-1,1,-1,-1,2,3,1,1,4
974,970,972,974,20,19,20,18,4,-2,-2,1,-1,2,2,1,1,2,1,4
220,217,208,215,18,17,18,19,3,9,-7,1,-1,-1,-1,1,2,2,1,4
876,874,871,869,18,17,18,16,2,3,2,1,-1,2,2,1,2,3,2,4
822,815,815,815,21,19,20,19,7,0,0,2,-1,1,2,2,1,1,1,4
531,532,534,534,18,19,18,18,-1,-2,0,-1,1,0,0,2,2,1,1,4
541,536,534,534,14,14,15,13,5,2,0,0,-1,2,1,2,2,1,1,4
1064,1061,1059,1059,17,16,15,16,3,2,0,1,1,-1,1,1,2,1,1,4
646,646,646,646,20,19,20,21,0,0,0,1,-1,-1,-1,3,1,1,3,4
1054,1054,1052,1050,20,19,20,21,0,2,2,1,-1,-1,-1,1,3,2,1,4
953,951,953,949,17,19,18,18,2,-2,4,-2,1,0,-1,2,1,2,2,4
614,604,607,609,18,17,18,16,10,-3,-2,1,-1,2,2,1,1,2,1,4
579,564,567,567,18,17,18,16,15,-3,0,1,-1,2,2,2,2,1,1,4
867,864,864,862,21,19,20,21,3,0,2,2,-1,-1,0,1,2,2,1,4
1021,1017,1014,1012,13,14,15,13,4,3,2,-1,-1,2,0,1,1,2,3,4
196,192,194,192,18,17,18,19,4,-2,2,1,-1,-1,-1,3,1,2,1,4
745,738,726,728,13,14,12,13,7,12,-2,-1,2,-1,0,3,2,1,2,4
1024,1019,1021,1021,13,14,15,13,5,-2,0,-1,-1,2,0,2,2,3,3,4
886,881,874,874,18,17,18,18,5,7,0,1,-1,0,0,1,1,2,2,4
721,719,717,717,20,19,18,18,2,2,0,1,1,0,2,1,2,1,1,4
871,864,862,864,18,19,18,18,7,2,-2,-1,1,0,0,1,2,1,2,4
768,766,764,764,20,19,20,18,2,2,0,1,-1,2,2,1,2,1,1,4
436,431,428,428,20,19,18,18,5,3,0,1,1,0,2,3,1,2,2,4
1052,1047,1043,1045,13,14,12,13,5,4,-2,-1,2,-1,0,2,2,2,1,4
224,224,220,217,18,19,20,19,0,4,3,-1,-1,1,-1,1,1,1,2,4
974,958,956,958,13,14,12,13,16,2,-2,-1,2,-1,0,1,2,3,2,4
421,414,414,417,13,14,12,13,7,0,-3,-1,2,-1,0,3,2,2,3,4
862,860,860,862,14,14,15,13,2,0,-2,0,-1,2,1,1,2,2,3,4
1036,1024,1021,1021,13,14,12,13,12,3,0,-1,2,-1,0,3,2,3,1,4
407,403,398,398,17,16,18,18,4,5,0,1,-2,0,-1,1,3,3,1,4
1017,1007,1014,1019,20,19,20,18,10,-7,-5,1,-1,2,2,1,1,2,2,4
325,318,318,318,18,19,18,19,7,0,0,-1,1,-1,-1,2,3,1,1,4
215,215,210,210,18,17,18,16,0,5,0,1,-1,2,2,3,3,1,1,4
182,1071,1059,1054,14,14,12,13,-889,12,5,0,2,-1,1,1,2,1,3,4
883,878,876,878,14,14,13,13,5,2,-2,0,1,0,1,2,2,1,2,4
187,182,182,182,21,19,21,21,5,0,0,2,-2,0,0,1,1,1,1,4
890,881,874,881,14,14,15,16,9,7,-7,0,-1,-1,-2,1,3,2,3,4
187,182,185,1078,14,17,15,16,5,-3,-893,-3,2,-1,-2,1,1,2,1,4
564,564,564,562,18,17,18,18,0,0,2,1,-1,0,0,2,2,2,1,4
201,194,189,192,14,17,15,16,7,5,-3,-3,2,-1,-2,3,2,2,1,4
986,984,984,982,17,19,18,18,2,0,2,-2,1,0,-1,2,1,1,2,4
1045,1045,1043,1045,13,14,15,13,0,2,-2,-1,-1,2,0,3,1,2,1,4
379,384,384,377,13,14,12,13,-5,0,7,-1,2,-1,0,1,3,1,2,4
229,220,220,220,14,17,15,16,9,0,0,-3,2,-1,-2,3,3,3,1,4
672,672,670,670,13,14,12,13,0,2,0,-1,2,-1,0,2,2,1,3,4
398,396,389,389,20,19,20,18,2,7,0,1,-1,2,2,1,2,1,1,4
576,571,564,569,14,17,15,16,5,7,-5,-3,2,-1,-2,1,1,2,2,4
658,653,646,646,13,14,12,13,5,7,0,-1,2,-1,0,2,2,3,1,4
670,667,665,665,20,19,20,21,3,2,0,1,-1,-1,-1,3,2,1,1,4
895,886,878,890,14,17,15,16,9,8,-12,-3,2,-1,-2,3,1,2,1,4
515,506,503,503,14,14,13,13,9,3,0,0,1,0,1,1,1,2,2,4
857,843,843,867,14,14,15,13,14,0,-24,0,-1,2,1,3,1,1,1,4
342,335,335,337,13,14,15,13,7,0,-2,-1,-1,2,0,3,2,2,1,4
904,902,900,893,14,14,15,13,2,2,7,0,-1,2,1,1,2,1,2,4
543,529,527,524,14,14,15,13,14,2,3,0,-1,2,1,1,3,2,1,4
386,389,389,386,17,16,18,16,-3,0,3,1,-2,2,1,2,1,1,2,4
286,278,281,281,14,17,15,16,8,-3,0,-3,2,-1,-2,1,2,1,3,4
438,440,436,436,17,16,18,18,-2,4,0,1,-2,0,-1,2,3,1,1,4
356,349,342,342,20,19,20,21,7,7,0,1,-1,-1,-1,3,2,1,1,4
1005,1003,1003,996,17,16,18,18,2,0,7,1,-2,0,-1,2,3,1,2,4
199,196,192,196,14,14,15,13,3,4,-4,0,-1,2,1,2,3,1,1,4
203,206,203,203,18,17,18,16,-3,3,0,1,-1,2,2,2,1,2,2,4
932,932,928,925,13,16,15,16,0,4,3,-3,1,-1,-3,1,1,1,2,4
337,332,337,337,20,19,18,18,5,-5,0,1,1,0,2,3,1,1,1,4
236,232,234,234,18,19,18,18,4,-2,0,-1,1,0,0,2,2,3,1,4
792,792,782,787,18,17,18,16,0,10,-5,1,-1,2,2,1,3,1,1,4
494,489,492,492,21,19,21,19,5,-3,0,2,-2,2,2,2,2,1,1,4
600,588,590,593,14,14,15,13,12,-2,-3,0,-1,2,1,1,2,1,2,4
674,670,665,667,20,19,20,18,4,5,-2,1,-1,2,2,1,3,1,2,4
754,761,759,759,13,14,15,13,-7,2,0,-1,-1,2,0,1,2,1,3,4
431,428,428,424,13,14,15,13,3,0,4,-1,-1,2,0,3,2,2,2,4
468,461,461,461,13,14,15,13,7,0,0,-1,-1,2,0,3,2,2,2,4
199,192,187,187,14,14,13,13,7,5,0,0,1,0,1,2,1,3,1,4
981,977,977,974,17,19,18,18,4,0,3,-2,1,0,-1,2,2,2,1,4
478,468,464,464,13,16,15,16,10,4,0,-3,1,-1,-3,1,1,1,1,4
403,398,400,421,13,14,12,13,5,-2,-21,-1,2,-1,0,3,3,2,1,4
949,946,942,951,17,16,15,16,3,4,-9,1,1,-1,1,2,1,1,1,4
231,232,234,234,14,14,13,13,-1,-2,0,0,1,0,1,2,2,1,3,4
656,651,651,656,20,19,18,18,5,0,-5,1,1,0,2,1,3,1,1,4
433,426,426,426,20,19,20,18,7,0,0,1,-1,2,2,2,1,1,1,4
703,707,703,698,13,14,15,13,-4,4,5,-1,-1,2,0,1,1,1,1,4
623,621,618,623,14,14,15,13,2,3,-5,0,-1,2,1,3,2,1,3,4
360,353,351,356,13,14,15,13,7,2,-5,-1,-1,2,0,1,2,3,1,4
707,707,698,696,17,16,18,18,0,9,2,1,-2,0,-1,1,1,1,2,4
414,412,417,414,13,14,15,13,2,-5,3,-1,-1,2,0,2,3,3,2,4
443,436,436,436,13,16,15,16,7,0,0,-3,1,-1,-3,2,1,1,1,4
595,583,578,578,14,17,15,16,12,5,0,-3,2,-1,-2,1,2,2,2,4
482,475,468,468,14,14,15,13,7,7,0,0,-1,2,1,1,2,3,1,4
550,543,539,543,18,17,18,18,7,4,-4,1,-1,0,0,2,3,1,1,4
274,269,269,269,18,17,18,16,5,0,0,1,-1,2,2,2,2,2,2,4
262,250,246,243,14,14,13,13,12,4,3,0,1,0,1,1,2,2,1,4
820,817,815,815,18,19,18,19,3,2,0,-1,1,-1,-1,1,2,1,1,4
323,321,321,318,18,19,21,19,2,0,3,-1,-2,2,-1,3,2,2,1,4
829,832,827,827,14,17,15,16,-3,5,0,-3,2,-1,-2,1,2,2,2,4
468,464,464,466,13,14,15,13,4,0,-2,-1,-1,2,0,1,3,1,2,4
367,367,360,363,17,16,15,16,0,7,-3,1,1,-1,1,2,2,1,2,4
213,213,208,210,14,14,15,13,0,5,-2,0,-1,2,1,2,2,2,1,4
604,586,586,586,18,17,18,19,18,0,0,1,-1,-1,-1,3,1,1,1,4
862,860,860,860,14,17,15,16,2,0,0,-3,2,-1,-2,1,2,2,2,4
431,431,428,428,17,16,18,18,0,3,0,1,-2,0,-1,1,3,2,2,4
201,185,1075,1068,14,17,15,16,16,-890,7,-3,2,-1,-2,3,2,2,1,4
555,550,548,548,14,14,15,13,5,2,0,0,-1,2,1,2,2,3,3,4
300,295,297,300,21,19,20,21,5,-2,-3,2,-1,-1,0,1,1,2,1,4
984,986,984,984,20,19,20,21,-2,2,0,1,-1,-1,-1,1,2,1,1,4
206,203,199,201,14,14,13,13,3,4,-2,0,1,0,1,3,2,2,3,4
649,644,639,637,13,14,12,13,5,5,2,-1,2,-1,0,2,2,2,3,4
1014,1007,1003,1000,13,14,12,13,7,4,3,-1,2,-1,0,2,3,3,2,4
182,1073,1071,1068,14,14,15,13,-891,2,3,0,-1,2,1,1,3,2,3,4
935,932,928,925,13,14,13,13,3,4,3,-1,1,0,0,2,1,1,2,4
286,281,278,278,21,19,20,21,5,3,0,2,-1,-1,0,1,1,2,2,4
325,295,290,288,14,14,15,13,30,5,2,0,-1,2,1,2,1,1,2,4
890,881,878,883,18,17,18,19,9,3,-5,1,-1,-1,-1,1,1,2,2,4
843,829,820,824,14,14,13,13,14,9,-4,0,1,0,1,3,1,1,3,4
974,979,974,979,13,16,15,16,-5,5,-5,-3,1,-1,-3,1,1,1,3,4
1014,1010,1010,1007,20,19,18,18,4,0,3,1,1,0,2,2,2,2,1,4
609,607,604,604,18,17,18,19,2,3,0,1,-1,-1,-1,3,2,3,1,4
473,475,471,478,20,19,20,18,-2,4,-7,1,-1,2,2,1,2,2,1,4
346,342,342,335,17,19,18,18,4,0,7,-2,1,0,-1,1,3,1,2,4
1052,1050,1040,1043,13,14,15,13,2,10,-3,-1,-1,2,0,2,1,3,2,4
1029,1021,1021,1021,17,16,18,18,8,0,0,1,-2,0,-1,2,3,1,1,4
440,436,436,436,13,14,15,13,4,0,0,-1,-1,2,0,1,1,1,1,4
625,618,616,618,14,14,13,13,7,2,-2,0,1,0,1,2,1,2,1,4
888,878,876,878,18,17,18,19,10,2,-2,1,-1,-1,-1,2,2,1,2,4
440,438,433,436,13,14,12,13,2,5,-3,-1,2,-1,0,1,2,2,1,4
974,970,960,960,17,16,18,16,4,10,0,1,-2,2,1,1,1,3,1,4
524,520,520,520,21,19,20,21,4,0,0,2,-1,-1,0,3,1,1,1,4
541,536,536,543,14,14,15,13,5,0,-7,0,-1,2,1,2,2,2,1,4
231,224,224,224,21,19,20,19,7,0,0,2,-1,1,2,2,1,1,1,4
731,726,724,726,17,16,18,16,5,2,-2,1,-2,2,1,1,1,2,1,4
843,839,839,836,18,19,18,18,4,0,3,-1,1,0,0,3,1,1,2,4
747,754,745,750,20,19,20,21,-7,9,-5,1,-1,-1,-1,2,1,1,3,4
199,196,196,201,21,19,21,21,3,0,-5,2,-2,0,0,2,1,1,3,4
1050,1047,1040,1038,17,16,18,18,3,7,2,1,-2,0,-1,1,2,1,2,4
897,900,893,895,14,17,15,16,-3,7,-2,-3,2,-1,-2,2,1,2,1,4
391,389,379,384,20,19,20,21,2,10,-5,1,-1,-1,-1,2,3,1,1,4
374,370,370,374,17,16,18,18,4,0,-4,1,-2,0,-1,1,3,3,1,4
824,815,817,815,18,19,18,19,9,-2,2,-1,1,-1,-1,1,3,2,1,4
846,843,841,839,14,14,13,13,3,2,2,0,1,0,1,2,3,2,1,4
946,946,942,944,13,16,15,16,0,4,-2,-3,1,-1,-3,1,3,1,2,4
210,206,201,199,21,19,21,19,4,5,2,2,-2,2,2,1,1,1,2,4
325,328,325,323,14,14,15,13,-3,3,2,0,-1,2,1,2,1,2,1,4
316,307,302,302,14,14,15,13,9,5,0,0,-1,2,1,2,2,2,2,4
374,367,370,374,13,14,12,13,7,-3,-4,-1,2,-1,0,1,2,1,3,4
981,979,977,979,20,19,20,18,2,2,-2,1,-1,2,2,2,1,2,1,4
452,445,445,447,20,19,20,18,7,0,-2,1,-1,2,2,2,3,1,2,4
290,288,283,290,14,14,13,13,2,5,-7,0,1,0,1,1,2,2,1,4
443,440,438,438,20,19,20,18,3,2,0,1,-1,2,2,2,1,2,2,4
750,745,738,740,13,16,15,16,5,7,-2,-3,1,-1,-3,1,3,2,1,4
909,904,900,900,14,17,15,16,5,4,0,-3,2,-1,-2,1,1,1,1,4
614,607,602,607,14,14,13,13,7,5,-5,0,1,0,1,3,2,2,2,4
182,1078,1078,1078,14,16,15,16,-896,0,0,-2,1,-1,-2,1,1,1,1,4
271,276,271,274,14,14,13,13,-5,5,-3,0,1,0,1,1,1,1,2,4
414,412,407,410,13,16,15,16,2,5,-3,-3,1,-1,-3,2,1,1,2,4
773,773,768,768,13,14,12,13,0,5,0,-1,2,-1,0,3,3,1,3,4
801,799,801,801,14,14,15,13,2,-2,0,0,-1,2,1,1,2,1,1,4
681,679,674,682,13,14,12,13,2,5,-8,-1,2,-1,0,2,3,1,2,4
958,956,951,951,20,19,20,18,2,5,0,1,-1,2,2,2,3,1,1,4
562,548,548,548,21,19,20,18,14,0,0,2,-1,2,3,1,1,1,1,4
323,314,314,314,14,14,13,13,9,0,0,0,1,0,1,3,3,3,3,4
229,227,222,222,21,19,20,21,2,5,0,2,-1,-1,0,1,2,2,2,4
405,403,400,400,13,14,12,13,2,3,0,-1,2,-1,0,2,3,2,2,4
834,832,829,829,18,19,18,19,2,3,0,-1,1,-1,-1,1,2,1,1,4
335,325,323,328,13,14,13,13,10,2,-5,-1,1,0,0,2,2,3,1,4
492,487,492,487,21,19,21,21,5,-5,5,2,-2,0,0,3,1,3,1,4
743,738,738,740,20,19,20,21,5,0,-2,1,-1,-1,-1,2,2,2,1,4
564,557,560,557,14,14,13,13,7,-3,3,0,1,0,1,2,3,2,1,4
946,1031,942,946,13,16,15,13,-85,89,-4,-3,1,2,0,3,1,1,3,4
843,834,834,829,21,19,20,19,9,0,5,2,-1,1,2,1,1,3,1,4
642,642,644,639,20,19,18,18,0,-2,5,1,1,0,2,3,1,2,2,4
740,740,738,736,13,16,15,16,0,2,2,-3,1,-1,-3,3,1,2,1,4
604,595,590,588,14,14,15,13,9,5,2,0,-1,2,1,3,3,1,2,4
949,946,944,935,13,14,15,13,3,2,9,-1,-1,2,0,2,3,2,2,4
461,454,459,459,17,16,15,16,7,-5,0,1,1,-1,1,2,1,1,1,4
1054,1054,1050,1052,20,19,20,18,0,4,-2,1,-1,2,2,3,1,1,2,4
1040,1040,1036,1036,13,14,12,13,0,4,0,-1,2,-1,0,1,3,1,1,4
609,600,602,597,14,14,13,13,9,-2,5,0,1,0,1,1,1,2,2,4
407,403,405,405,20,19,23,21,4,-2,0,1,-4,2,-1,1,1,2,2,4
473,468,473,478,17,16,18,16,5,-5,-5,1,-2,2,1,1,1,1,1,4
431,424,421,428,20,19,20,21,7,3,-7,1,-1,-1,-1,1,2,1,2,4
391,393,391,391,20,19,18,18,-2,2,0,1,1,0,2,2,1,2,2,4
960,960,958,960,20,19,18,18,0,2,-2,1,1,0,2,1,1,2,1,4
199,192,189,189,18,19,18,19,7,3,0,-1,1,-1,-1,2,1,2,2,4
182,182,1078,1078,18,19,18,18,0,-896,0,-1,1,0,0,1,1,1,1,4
213,208,206,206,18,19,18,19,5,2,0,-1,1,-1,-1,2,2,3,1,4
295,290,290,293,18,19,18,19,5,0,-3,-1,1,-1,-1,3,1,3,2,4
827,824,820,820,14,14,13,13,3,4,0,0,1,0,1,2,3,3,1,4
574,567,569,571,21,19,20,21,7,-2,-2,2,-1,-1,0,2,1,2,1,4
707,703,703,698,13,14,12,13,4,0,5,-1,2,-1,0,1,1,1,1,4
213,206,194,196,21,19,21,19,7,12,-2,2,-2,2,2,2,1,2,1,4
215,215,215,215,18,17,18,19,0,0,0,1,-1,-1,-1,1,1,1,1,4
1066,1064,1061,1064,20,19,20,21,2,3,-3,1,-1,-1,-1,2,1,2,1,4
370,374,367,374,13,14,12,13,-4,7,-7,-1,2,-1,0,3,1,2,1,4
867,864,864,867,18,17,18,16,3,0,-3,1,-1,2,2,1,2,2,1,4
391,389,384,382,17,16,15,16,2,5,2,1,1,-1,1,2,1,1,2,4
557,553,555,553,18,19,18,18,4,-2,2,-1,1,0,0,1,1,2,3,4
403,396,393,393,17,16,18,18,7,3,0,1,-2,0,-1,1,2,1,1,4
989,986,984,984,17,16,18,16,3,2,0,1,-2,2,1,3,2,1,1,4
1033,1031,1031,1031,17,19,18,18,2,0,0,-2,1,0,-1,2,1,1,1,4
236,239,236,236,14,14,15,13,-3,3,0,0,-1,2,1,2,1,2,2,4
632,632,628,628,20,19,21,21,0,4,0,1,-2,0,-1,1,1,1,1,4
700,710,700,698,20,19,20,21,-10,10,2,1,-1,-1,-1,2,2,2,1,4
876,876,869,869,18,19,18,18,0,7,0,-1,1,0,0,3,3,2,2,4
300,295,300,300,18,17,18,16,5,-5,0,1,-1,2,2,3,1,1,1,4
651,644,646,651,17,19,18,18,7,-2,-5,-2,1,0,-1,1,2,1,3,4
1054,1059,1050,1050,13,14,12,13,-5,9,0,-1,2,-1,0,3,1,3,1,4
773,773,771,773,17,16,18,18,0,2,-2,1,-2,0,-1,1,1,2,1,4
900,895,890,890,18,19,18,19,5,5,0,-1,1,-1,-1,3,1,3,1,4
951,944,946,942,17,16,18,16,7,-2,4,1,-2,2,1,1,2,1,1,4
703,693,684,679,17,16,18,16,10,9,5,1,-2,2,1,1,1,1,1,4
951,951,946,949,20,19,20,21,0,5,-3,1,-1,-1,-1,3,3,1,2,4
579,571,571,571,18,19,18,18,8,0,0,-1,1,0,0,2,1,1,1,4
888,888,878,876,14,14,15,13,0,10,2,0,-1,2,1,2,2,2,3,4
766,761,757,759,20,19,20,18,5,4,-2,1,-1,2,2,2,2,2,1,4
761,759,757,759,13,14,15,13,2,2,-2,-1,-1,2,0,2,3,2,3,4
520,515,520,515,14,17,15,16,5,-5,5,-3,2,-1,-2,3,1,1,3,4
916,907,904,904,14,17,15,16,9,3,0,-3,2,-1,-2,2,2,3,3,4
611,614,611,614,21,19,21,21,-3,3,-3,2,-2,0,0,2,1,2,1,4
471,473,466,468,17,16,15,16,-2,7,-2,1,1,-1,1,2,1,2,1,4
965,956,960,958,17,16,18,18,9,-4,2,1,-2,0,-1,1,1,1,2,4
900,897,893,890,18,17,18,19,3,4,3,1,-1,-1,-1,1,2,2,1,4
876,878,871,871,14,17,15,16,-2,7,0,-3,2,-1,-2,3,2,1,1,4
548,541,536,539,18,17,18,16,7,5,-3,1,-1,2,2,1,2,2,1,4
824,815,815,815,21,19,20,19,9,0,0,2,-1,1,2,1,1,1,1,4
609,614,604,600,14,14,13,13,-5,10,4,0,1,0,1,3,1,1,3,4
972,972,965,970,13,14,12,13,0,7,-5,-1,2,-1,0,2,2,3,1,4
900,897,895,890,14,17,15,16,3,2,5,-3,2,-1,-2,1,2,1,1,4
210,210,210,213,18,17,18,19,0,0,-3,1,-1,-1,-1,1,3,3,2,4
839,834,832,829,14,14,13,13,5,2,3,0,1,0,1,1,1,2,3,4
808,803,796,796,21,19,21,21,5,7,0,2,-2,0,0,2,2,3,1,4
203,192,189,185,14,14,13,13,11,3,4,0,1,0,1,2,3,2,2,4
925,925,937,923,14,14,15,13,0,-12,14,0,-1,2,1,2,2,1,1,4
302,297,293,295,14,14,15,13,5,4,-2,0,-1,2,1,2,2,2,3,4
799,794,789,787,14,14,13,13,5,5,2,0,1,0,1,2,2,2,1,4
295,295,290,293,14,17,15,16,0,5,-3,-3,2,-1,-2,3,3,3,2,4
241,239,239,236,14,14,15,16,2,0,3,0,-1,-1,-2,2,1,1,2,4
1038,1038,1033,1036,17,16,18,18,0,5,-3,1,-2,0,-1,2,2,2,1,4
187,182,1078,1078,21,19,20,18,5,-896,0,2,-1,2,3,1,1,1,1,4
928,923,923,921,18,19,18,19,5,0,2,-1,1,-1,-1,1,1,1,2,4
564,560,550,560,14,14,15,13,4,10,-10,0,-1,2,1,2,2,2,2,4
719,714,703,710,13,14,12,13,5,11,-7,-1,2,-1,0,2,2,1,2,4
609,609,607,609,21,19,20,21,0,2,-2,2,-1,-1,0,1,1,2,3,4
942,946,942,949,13,14,12,13,-4,4,-7,-1,2,-1,0,3,3,1,2,4
447,440,440,440,20,19,18,18,7,0,0,1,1,0,2,2,1,1,1,4
665,670,670,665,20,19,20,18,-5,0,5,1,-1,2,2,1,1,3,1,4
297,290,293,295,18,19,18,19,7,-3,-2,-1,1,-1,-1,2,3,2,1,4
1026,1024,1017,1017,20,19,20,18,2,7,0,1,-1,2,2,1,2,1,1,4
328,325,323,323,18,19,18,19,3,2,0,-1,1,-1,-1,1,2,1,3,4
548,548,543,543,14,17,15,16,0,5,0,-3,2,-1,-2,3,1,1,1,4
967,963,956,956,20,19,20,18,4,7,0,1,-1,2,2,2,2,3,1,4
475,468,468,466,13,14,12,13,7,0,2,-1,2,-1,0,2,3,1,2,4
445,440,438,436,17,19,18,18,5,2,2,-2,1,0,-1,3,3,2,1,4
185,1078,1078,1078,21,19,20,18,-893,0,0,2,-1,2,3,2,1,1,1,4
1050,1045,1045,1045,20,19,20,18,5,0,0,1,-1,2,2,1,3,1,1,4
850,846,848,848,14,14,15,13,4,-2,0,0,-1,2,1,2,2,3,1,4
597,595,590,595,18,17,18,16,2,5,-5,1,-1,2,2,2,1,1,3,4
604,604,600,604,18,19,18,19,0,4,-4,-1,1,-1,-1,1,3,3,1,4
991,991,989,989,17,16,15,16,0,2,0,1,1,-1,1,2,2,1,1,4
998,991,989,989,17,19,18,18,7,2,0,-2,1,0,-1,1,2,1,1,4
365,367,363,365,20,19,20,18,-2,4,-2,1,-1,2,2,1,2,2,1,4
960,958,953,956,13,14,15,13,2,5,-3,-1,-1,2,0,1,2,2,1,4
293,286,286,286,18,19,18,19,7,0,0,-1,1,-1,-1,2,1,1,1,4
1047,1043,1045,1045,20,19,20,18,4,-2,0,1,-1,2,2,2,2,3,3,4
787,785,773,773,14,14,12,13,2,12,0,0,2,-1,1,3,2,1,1,4
900,900,890,890,21,19,20,21,0,10,0,2,-1,-1,0,3,1,1,1,4
309,300,297,297,14,14,13,13,9,3,0,0,1,0,1,3,3,2,2,4
1061,1059,1054,1054,17,16,18,18,2,5,0,1,-2,0,-1,2,1,1,3,4
907,904,904,900,18,17,18,19,3,0,4,1,-1,-1,-1,2,1,1,1,4
187,182,1078,1075,21,19,20,21,5,-896,3,2,-1,-1,0,1,1,1,2,4
853,843,834,834,14,14,13,13,10,9,0,0,1,0,1,1,3,3,1,4
789,789,773,773,14,14,12,13,0,16,0,0,2,-1,1,2,2,1,1,4
667,663,651,656,13,14,15,13,4,12,-5,-1,-1,2,0,2,2,3,1,4
396,391,391,391,17,16,18,18,5,0,0,1,-2,0,-1,2,2,2,2,4
363,360,358,358,13,14,15,13,3,2,0,-1,-1,2,0,2,3,2,2,4
918,914,914,914,21,19,21,19,4,0,0,2,-2,2,2,3,1,3,1,4
810,806,803,801,18,17,18,16,4,3,2,1,-1,2,2,1,3,2,3,4
590,586,583,586,18,19,18,19,4,3,-3,-1,1,-1,-1,1,1,2,1,4
264,262,267,260,18,17,18,16,2,-5,7,1,-1,2,2,2,3,3,2,4
351,349,346,342,20,19,20,18,2,3,4,1,-1,2,2,1,2,1,3,4
321,318,314,316,14,14,13,13,3,4,-2,0,1,0,1,2,3,1,2,4
1017,1012,1012,1012,13,14,15,13,5,0,0,-1,-1,2,0,1,1,3,1,4
269,260,250,253,14,14,15,13,9,10,-3,0,-1,2,1,2,2,2,3,4
450,445,445,445,20,19,20,21,5,0,0,1,-1,-1,-1,3,1,1,1,4
433,431,433,431,17,16,15,16,2,-2,2,1,1,-1,1,2,1,2,1,4
510,503,501,499,18,17,18,19,7,2,2,1,-1,-1,-1,1,2,1,2,4
494,487,492,496,14,17,15,16,7,-5,-4,-3,2,-1,-2,2,3,1,1,4
412,407,405,400,17,16,18,18,5,2,5,1,-2,0,-1,1,1,2,2,4
1010,996,989,989,13,14,12,13,14,7,0,-1,2,-1,0,2,2,1,1,4
588,583,583,588,14,14,15,13,5,0,-5,0,-1,2,1,2,2,2,2,4
883,881,881,876,18,19,18,18,2,0,5,-1,1,0,0,2,1,1,3,4
314,304,304,304,21,19,20,21,10,0,0,2,-1,-1,0,1,3,1,1,4
517,508,510,508,18,17,18,19,9,-2,2,1,-1,-1,-1,2,2,1,2,4
557,555,553,553,14,14,15,16,2,2,0,0,-1,-1,-2,3,2,1,1,4
569,553,548,546,14,17,15,16,16,5,2,-3,2,-1,-2,2,1,1,2,4
839,834,834,834,14,14,15,13,5,0,0,0,-1,2,1,1,1,1,1,4
646,642,642,642,17,16,18,16,4,0,0,1,-2,2,1,1,1,1,3,4
588,581,581,583,14,14,13,13,7,0,-2,0,1,0,1,2,1,3,2,4
1003,998,998,1000,13,14,15,13,5,0,-2,-1,-1,2,0,3,1,1,2,4
764,761,764,759,20,19,20,21,3,-3,5,1,-1,-1,-1,1,2,1,1,4
625,618,623,623,21,19,21,21,7,-5,0,2,-2,0,0,2,1,1,1,4
679,679,674,670,20,19,20,18,0,5,4,1,-1,2,2,1,1,1,1,4
222,210,208,203,14,14,13,13,12,2,5,0,1,0,1,2,3,2,2,4
796,792,789,789,21,19,21,19,4,3,0,2,-2,2,2,1,3,2,2,4
869,867,867,864,14,17,15,16,2,0,3,-3,2,-1,-2,2,1,3,2,4
864,860,855,864,18,19,18,18,4,5,-9,-1,1,0,0,2,2,2,2,4
644,637,632,632,13,14,15,13,7,5,0,-1,-1,2,0,2,3,1,1,4
895,890,895,897,18,19,20,19,5,-5,-2,-1,-1,1,-1,3,1,1,2,4
817,806,803,803,14,14,13,13,11,3,0,0,1,0,1,2,3,2,2,4
646,646,642,644,17,16,15,16,0,4,-2,1,1,-1,1,1,3,1,2,4
932,935,935,932,13,14,15,13,-3,0,3,-1,-1,2,0,1,2,2,1,4
907,900,900,900,21,19,20,21,7,0,0,2,-1,-1,0,2,1,1,1,4
1068,1064,1066,1064,17,16,18,16,4,-2,2,1,-2,2,1,3,3,2,1,4
447,445,440,445,13,14,15,13,2,5,-5,-1,-1,2,0,2,1,1,1,4
199,201,201,194,14,14,15,13,-2,0,7,0,-1,2,1,2,3,1,2,4
764,761,766,764,20,19,20,21,3,-5,2,1,-1,-1,-1,3,2,2,1,4
215,210,206,210,14,14,13,13,5,4,-4,0,1,0,1,1,3,1,1,4
841,827,815,817,14,17,15,16,14,12,-2,-3,2,-1,-2,2,2,1,2,4
759,752,750,754,20,19,18,18,7,2,-4,1,1,0,2,1,2,1,1,4
958,953,951,951,17,16,18,18,5,2,0,1,-2,0,-1,2,2,1,1,4
743,740,736,740,20,19,20,21,3,4,-4,1,-1,-1,-1,2,1,3,3,4
496,487,482,487,14,14,15,13,9,5,-5,0,-1,2,1,3,3,1,1,4
1026,1024,1021,1021,17,16,15,16,2,3,0,1,1,-1,1,3,2,1,1,4
253,248,248,243,18,17,18,16,5,0,5,1,-1,2,2,3,1,1,1,4
829,822,817,820,18,17,18,19,7,5,-3,1,-1,-1,-1,1,2,2,1,4
487,475,473,473,14,14,15,16,12,2,0,0,-1,-1,-2,1,2,1,1,4
827,824,824,822,14,14,13,13,3,0,2,0,1,0,1,2,1,3,2,4
750,747,743,740,17,16,18,18,3,4,3,1,-2,0,-1,3,2,2,1,4
400,398,398,396,17,16,15,16,2,0,2,1,1,-1,1,2,1,1,2,4
253,250,253,248,18,17,18,18,3,-3,5,1,-1,0,0,1,2,1,1,4
766,757,754,757,13,14,15,13,9,3,-3,-1,-1,2,0,2,2,3,2,4
553,543,539,543,14,17,15,16,10,4,-4,-3,2,-1,-2,1,3,3,1,4
553,550,550,553,18,19,18,18,3,0,-3,-1,1,0,0,1,2,2,1,4
665,653,646,656,13,14,15,13,12,7,-10,-1,-1,2,0,1,2,1,1,4
918,918,914,916,18,19,18,19,0,4,-2,-1,1,-1,-1,1,1,1,2,4
403,403,393,396,20,19,20,18,0,10,-3,1,-1,2,2,1,1,1,2,4
831,829,829,829,21,19,20,19,2,0,0,2,-1,1,2,2,1,1,1,4
602,600,588,590,18,17,18,16,2,12,-2,1,-1,2,2,2,3,2,1,4
614,614,614,609,18,19,18,19,0,0,5,-1,1,-1,-1,3,1,1,1,4
363,360,358,360,13,14,15,13,3,2,-2,-1,-1,2,0,2,3,2,1,4
236,227,220,220,14,14,15,13,9,7,0,0,-1,2,1,2,2,1,1,4
904,904,900,918,18,17,18,16,0,4,-18,1,-1,2,2,3,3,1,1,4
960,956,951,951,17,16,15,16,4,5,0,1,1,-1,1,1,3,3,1,4
192,189,189,187,14,17,15,16,3,0,2,-3,2,-1,-2,1,2,2,1,4
928,921,923,923,18,17,18,16,7,-2,0,1,-1,2,2,1,2,1,3,4
478,471,466,466,13,14,12,13,7,5,0,-1,2,-1,0,1,2,2,2,4
740,738,731,726,13,14,15,13,2,7,5,-1,-1,2,0,3,2,3,1,4
834,827,829,827,14,14,13,13,7,-2,2,0,1,0,1,1,2,1,2,4
923,921,909,909,21,19,21,21,2,12,0,2,-2,0,0,3,2,1,1,4
309,307,304,302,14,17,15,16,2,3,2,-3,2,-1,-2,1,2,1,2,4
773,768,757,764,13,14,15,13,5,11,-7,-1,-1,2,0,1,3,2,1,4
714,714,714,712,17,19,18,18,0,0,2,-2,1,0,-1,2,2,2,3,4
900,895,890,888,18,19,18,19,5,5,2,-1,1,-1,-1,1,1,1,2,4
806,794,787,782,18,17,18,19,12,7,5,1,-1,-1,-1,1,2,1,1,4
996,991,991,991,13,16,15,16,5,0,0,-3,1,-1,-3,2,2,2,2,4
1057,1050,1050,1050,17,16,18,16,7,0,0,1,-2,2,1,2,1,1,1,4
754,752,747,745,20,19,20,18,2,5,2,1,-1,2,2,1,2,2,1,4
1019,1010,1007,1010,13,14,12,13,9,3,-3,-1,2,-1,0,2,2,1,2,4
1005,1000,993,998,17,16,15,16,5,7,-5,1,1,-1,1,2,2,1,3,4
670,663,667,665,17,16,18,18,7,-4,2,1,-2,0,-1,1,2,2,1,4
768,771,771,771,20,19,20,21,-3,0,0,1,-1,-1,-1,1,2,2,2,4
316,309,309,302,21,19,21,21,7,0,7,2,-2,0,0,2,1,1,2,4
820,801,792,792,14,17,15,16,19,9,0,-3,2,-1,-2,1,3,1,3,4
220,210,220,213,14,14,15,16,10,-10,7,0,-1,-1,-2,1,1,1,2,4
436,433,428,426,17,19,18,18,3,5,2,-2,1,0,-1,1,2,2,1,4
813,801,801,801,18,19,18,19,12,0,0,-1,1,-1,-1,2,1,1,3,4
222,220,220,215,18,19,18,19,2,0,5,-1,1,-1,-1,2,1,1,1,4
1019,1017,1019,1017,17,16,18,18,2,-2,2,1,-2,0,-1,2,1,2,1,4
515,508,506,508,21,19,20,21,7,2,-2,2,-1,-1,0,3,2,3,2,4
316,314,323,328,14,17,15,16,2,-9,-5,-3,2,-1,-2,2,1,1,1,4
398,400,391,393,17,16,15,16,-2,9,-2,1,1,-1,1,1,2,2,3,4
1021,1019,1017,1021,13,14,12,13,2,2,-4,-1,2,-1,0,1,2,1,3,4
325,323,311,318,18,17,18,16,2,12,-7,1,-1,2,2,2,1,2,1,4
824,820,815,815,18,17,18,19,4,5,0,1,-1,-1,-1,1,1,1,1,4
576,564,564,564,14,14,13,13,12,0,0,0,1,0,1,1,2,2,2,4
609,609,604,609,18,19,18,19,0,5,-5,-1,1,-1,-1,3,1,1,3,4
855,853,848,848,18,17,18,18,2,5,0,1,-1,0,0,2,1,1,1,4
876,871,871,869,18,17,18,18,5,0,2,1,-1,0,0,3,3,3,2,4
332,325,328,328,20,19,21,19,7,-3,0,1,-2,2,1,1,2,1,1,4
454,452,447,445,17,16,18,18,2,5,2,1,-2,0,-1,3,2,2,3,4
724,724,719,726,13,14,12,13,0,5,-7,-1,2,-1,0,2,2,2,1,4
304,304,300,300,14,14,13,13,0,4,0,0,1,0,1,1,1,1,1,4
555,548,536,539,14,14,13,13,7,12,-3,0,1,0,1,2,3,2,1,4
274,262,257,271,14,14,13,13,12,5,-14,0,1,0,1,2,3,1,1,4
335,325,321,321,13,14,13,13,10,4,0,-1,1,0,0,2,2,2,2,4
323,316,314,316,14,14,13,13,7,2,-2,0,1,0,1,3,2,1,2,4
417,412,414,417,13,14,15,13,5,-2,-3,-1,-1,2,0,3,1,2,3,4
309,297,295,295,14,14,15,16,12,2,0,0,-1,-1,-2,3,2,1,1,4
227,220,290,217,18,19,20,19,7,-70,73,-1,-1,1,-1,2,1,1,2,4
553,550,543,541,18,19,18,18,3,7,2,-1,1,0,0,1,2,1,2,4
867,864,862,864,21,19,20,21,3,2,-2,2,-1,-1,0,3,2,1,2,4
276,278,276,276,14,17,15,16,-2,2,0,-3,2,-1,-2,3,2,1,1,4
1007,1005,1007,1007,17,19,15,16,2,-2,0,-2,4,-1,1,1,2,3,1,4
304,293,283,288,14,14,15,13,11,10,-5,0,-1,2,1,3,2,2,2,4
979,974,970,974,20,19,20,18,5,4,-4,1,-1,2,2,1,3,1,3,4
928,923,925,923,14,14,15,16,5,-2,2,0,-1,-1,-2,1,1,2,1,4
752,745,740,740,20,19,18,18,7,5,0,1,1,0,2,2,1,1,1,4
473,475,475,475,13,14,15,13,-2,0,0,-1,-1,2,0,1,2,2,2,4
398,393,389,384,13,14,12,13,5,4,5,-1,2,-1,0,3,3,1,3,4
787,773,771,766,14,14,15,13,14,2,5,0,-1,2,1,1,1,2,2,4
295,290,290,290,21,19,20,19,5,0,0,2,-1,1,2,1,3,1,1,4
1068,1066,1064,1064,13,16,15,16,2,2,0,-3,1,-1,-3,3,2,1,3,4
614,611,604,604,18,19,18,19,3,7,0,-1,1,-1,-1,3,2,1,3,4
367,360,356,356,20,19,18,18,7,4,0,1,1,0,2,2,1,1,1,4
827,822,815,817,18,17,18,19,5,7,-2,1,-1,-1,-1,2,2,1,2,4
750,747,745,747,20,19,20,21,3,2,-2,1,-1,-1,-1,1,2,1,2,4
436,436,433,436,17,16,18,18,0,3,-3,1,-2,0,-1,1,1,2,1,4
257,253,253,253,21,19,20,18,4,0,0,2,-1,2,3,1,3,1,3,4
888,886,883,886,21,19,20,19,2,3,-3,2,-1,1,2,2,1,2,1,4
759,759,757,759,20,19,20,18,0,2,-2,1,-1,2,2,3,1,2,1,4
400,410,403,398,20,19,20,21,-10,7,5,1,-1,-1,-1,2,2,1,1,4
696,639,637,642,13,14,15,13,57,2,-5,-1,-1,2,0,2,2,1,1,4
196,192,185,192,14,14,15,13,4,7,-7,0,-1,2,1,3,3,2,1,4
986,977,979,979,17,16,18,16,9,-2,0,1,-2,2,1,2,2,1,1,4
255,246,246,246,14,14,15,13,9,0,0,0,-1,2,1,2,2,2,2,4
1071,1071,1064,1064,17,16,15,16,0,7,0,1,1,-1,1,2,2,1,1,4
321,321,311,314,14,17,15,16,0,10,-3,-3,2,-1,-2,2,2,2,1,4
850,839,832,829,14,17,15,16,11,7,3,-3,2,-1,-2,2,3,2,3,4
520,510,515,513,21,19,20,21,10,-5,2,2,-1,-1,0,1,1,1,2,4
656,651,646,653,13,14,15,13,5,5,-7,-1,-1,2,0,1,3,1,2,4
295,290,293,293,18,17,18,19,5,-3,0,1,-1,-1,-1,1,3,2,2,4
384,374,370,372,13,14,12,13,10,4,-2,-1,2,-1,0,1,1,3,2,4
724,724,721,724,20,19,18,18,0,3,-3,1,1,0,2,2,2,1,2,4
649,651,651,646,13,14,15,13,-2,0,5,-1,-1,2,0,2,1,1,1,4
918,907,909,909,14,14,13,13,11,-2,0,0,1,0,1,3,2,1,1,4
635,628,625,628,20,19,21,21,7,3,-3,1,-2,0,-1,2,1,2,1,4
658,663,658,656,13,16,15,16,-5,5,2,-3,1,-1,-3,2,2,2,1,4
656,651,651,651,20,19,20,21,5,0,0,1,-1,-1,-1,1,1,1,1,4
351,349,342,346,20,19,20,21,2,7,-4,1,-1,-1,-1,1,2,1,1,4
679,677,674,677,13,14,12,13,2,3,-3,-1,2,-1,0,1,2,3,2,4
443,436,438,436,13,14,15,13,7,-2,2,-1,-1,2,0,2,3,2,3,4
916,918,914,916,21,19,21,21,-2,4,-2,2,-2,0,0,2,1,1,2,4
1005,1003,998,996,13,14,12,13,2,5,2,-1,2,-1,0,2,1,1,2,4
611,614,607,607,14,14,13,13,-3,7,0,0,1,0,1,2,1,2,2,4
492,485,482,487,21,19,21,19,7,3,-5,2,-2,2,2,3,2,1,1,4
1024,1017,1021,1017,17,16,18,18,7,-4,4,1,-2,0,-1,2,1,1,1,4
396,398,391,393,13,14,15,16,-2,7,-2,-1,-1,-1,-3,2,3,2,1,4
271,271,267,264,18,17,18,18,0,4,3,1,-1,0,0,3,1,1,2,4
1045,1043,1040,1040,13,14,15,13,2,3,0,-1,-1,2,0,1,2,1,1,4
335,321,316,323,17,17,15,16,14,5,-7,0,2,-1,1,2,2,2,3,4
600,597,593,590,14,14,13,13,3,4,3,0,1,0,1,1,2,2,1,4
778,778,768,771,13,14,12,13,0,10,-3,-1,2,-1,0,1,1,3,2,4
194,187,182,187,18,17,18,16,7,5,-5,1,-1,2,2,2,1,1,1,4
370,363,367,365,13,14,15,16,7,-4,2,-1,-1,-1,-3,3,2,2,1,4
199,194,189,187,18,17,18,19,5,5,2,1,-1,-1,-1,2,2,2,1,4
714,707,712,707,13,16,15,16,7,-5,5,-3,1,-1,-3,2,1,1,1,4
618,614,609,614,18,19,18,19,4,5,-5,-1,1,-1,-1,1,3,1,1,4
457,450,450,450,17,16,15,16,7,0,0,1,1,-1,1,2,1,1,1,4
513,499,496,494,14,14,15,13,14,3,2,0,-1,2,1,2,2,3,2,4
942,937,932,932,17,16,18,16,5,5,0,1,-2,2,1,1,1,1,1,4
222,220,210,215,21,19,20,19,2,10,-5,2,-1,1,2,2,3,3,1,4
621,618,614,614,18,19,18,19,3,4,0,-1,1,-1,-1,2,1,1,1,4
393,391,391,393,20,19,20,18,2,0,-2,1,-1,2,2,1,2,2,1,4
543,534,529,529,18,19,18,19,9,5,0,-1,1,-1,-1,1,3,1,1,4
796,803,794,792,14,14,15,16,-7,9,2,0,-1,-1,-2,1,2,2,1,4
229,229,224,224,14,17,15,16,0,5,0,-3,2,-1,-2,1,1,3,1,4
569,567,571,564,14,14,15,13,2,-4,7,0,-1,2,1,2,3,1,2,4
461,457,461,457,20,19,20,18,4,-4,4,1,-1,2,2,2,2,2,2,4
691,691,693,691,17,16,15,16,0,-2,2,1,1,-1,1,2,2,3,2,4
895,895,890,888,14,14,15,13,0,5,2,0,-1,2,1,3,1,1,2,4
576,576,569,564,14,14,13,13,0,7,5,0,1,0,1,1,3,2,2,4
276,274,271,276,18,17,18,18,2,3,-5,1,-1,0,0,1,2,1,1,4
286,276,276,281,14,17,15,16,10,0,-5,-3,2,-1,-2,1,1,3,1,4
206,201,203,210,14,14,15,13,5,-2,-7,0,-1,2,1,3,3,2,1,4
590,576,567,567,14,17,15,16,14,9,0,-3,2,-1,-2,3,3,3,3,4
1019,1021,1003,1021,17,16,18,18,-2,18,-18,1,-2,0,-1,2,3,3,1,4
810,803,796,794,14,14,13,13,7,7,2,0,1,0,1,1,2,3,2,4
914,907,900,900,14,14,15,13,7,7,0,0,-1,2,1,3,2,3,1,4
951,949,949,946,13,14,15,16,2,0,3,-1,-1,-1,-3,1,2,2,3,4
815,813,810,808,18,17,18,19,2,3,2,1,-1,-1,-1,1,2,1,2,4
239,236,217,229,14,17,15,16,3,19,-12,-3,2,-1,-2,3,2,2,1,4
271,269,264,262,14,17,15,16,2,5,2,-3,2,-1,-2,1,2,2,1,4
360,356,351,353,13,14,15,13,4,5,-2,-1,-1,2,0,1,3,1,2,4
923,921,914,914,14,17,15,16,2,7,0,-3,2,-1,-2,1,2,3,1,4
890,886,886,888,14,14,13,13,4,0,-2,0,1,0,1,1,3,1,2,4
710,707,707,707,20,19,20,21,3,0,0,1,-1,-1,-1,2,3,1,3,4
1012,1003,998,996,13,14,12,13,9,5,2,-1,2,-1,0,1,3,3,2,4
450,447,445,445,20,19,18,18,3,2,0,1,1,0,2,3,2,1,1,4
862,850,848,846,14,14,15,13,12,2,2,0,-1,2,1,1,2,1,2,4
801,801,801,801,18,19,21,19,0,0,0,-1,-2,2,-1,1,1,1,3,4
421,417,417,417,20,19,18,18,4,0,0,1,1,0,2,1,3,1,1,4
815,787,768,766,14,14,15,16,28,19,2,0,-1,-1,-2,1,1,3,2,4
960,956,956,960,20,19,20,21,4,0,-4,1,-1,-1,-1,3,1,1,1,4
740,733,731,726,20,19,20,18,7,2,5,1,-1,2,2,1,2,1,1,4
379,372,374,370,17,19,18,18,7,-2,4,-2,1,0,-1,3,2,1,1,4
520,522,515,515,18,17,18,19,-2,7,0,1,-1,-1,-1,1,2,1,1,4
698,698,698,712,20,19,20,21,0,0,-14,1,-1,-1,-1,1,1,1,3,4
403,398,393,393,17,19,18,18,5,5,0,-2,1,0,-1,1,1,1,1,4
185,1075,1078,1075,18,16,18,18,-890,-3,3,2,-2,0,0,2,2,1,2,4
602,595,590,595,21,19,20,19,7,5,-5,2,-1,1,2,2,1,1,1,4
604,602,597,600,14,17,15,16,2,5,-3,-3,2,-1,-2,3,2,2,1,4
974,970,965,965,17,16,18,18,4,5,0,1,-2,0,-1,1,1,1,3,4
745,736,736,736,17,16,18,18,9,0,0,1,-2,0,-1,3,3,1,1,4
771,771,768,771,20,19,20,21,0,3,-3,1,-1,-1,-1,2,2,1,2,4
729,731,731,731,20,19,20,18,-2,0,0,1,-1,2,2,2,1,1,1,4
450,445,447,445,17,16,18,18,5,-2,2,1,-2,0,-1,1,3,2,3,4
215,208,203,206,14,14,15,13,7,5,-3,0,-1,2,1,1,2,2,3,4
700,691,689,691,20,19,20,21,9,2,-2,1,-1,-1,-1,2,2,1,2,4
564,567,562,562,18,17,18,16,-3,5,0,1,-1,2,2,2,1,1,3,4
864,853,853,860,14,14,13,13,11,0,-7,0,1,0,1,2,3,1,2,4
248,236,234,232,14,14,13,13,12,2,2,0,1,0,1,1,2,1,2,4
965,960,960,960,20,19,20,21,5,0,0,1,-1,-1,-1,1,3,1,1,4
773,771,773,773,20,19,20,21,2,-2,0,1,-1,-1,-1,3,2,1,3,4
764,764,766,761,17,16,15,16,0,-2,5,1,1,-1,1,1,1,2,2,4
879,876,871,871,14,17,15,16,3,5,0,-3,2,-1,-2,2,1,1,3,4
482,464,464,457,14,14,12,13,18,0,7,0,2,-1,1,1,1,1,2,4
689,689,689,689,20,19,20,18,0,0,0,1,-1,2,2,1,1,1,1,4
923,921,911,914,14,17,15,16,2,10,-3,-3,2,-1,-2,1,2,2,3,4
881,878,876,871,18,19,18,18,3,2,5,-1,1,0,0,1,2,1,3,4
604,597,595,590,18,19,18,19,7,2,5,-1,1,-1,-1,3,2,3,1,4
557,553,550,553,14,17,15,16,4,3,-3,-3,2,-1,-2,3,3,2,1,4
815,808,806,820,18,17,18,19,7,2,-14,1,-1,-1,-1,3,2,1,1,4
424,424,421,424,17,16,15,16,0,3,-3,1,1,-1,1,2,2,1,2,4
1050,1045,1040,1043,13,14,15,13,5,5,-3,-1,-1,2,0,1,3,1,2,4
260,260,248,248,21,19,20,21,0,12,0,2,-1,-1,0,2,2,1,1,4
489,475,473,471,14,14,15,13,14,2,2,0,-1,2,1,2,2,1,2,4
614,611,604,614,18,17,18,19,3,7,-10,1,-1,-1,-1,1,2,1,1,4
1038,1036,1031,1031,17,16,15,16,2,5,0,1,1,-1,1,2,1,1,3,4
794,785,778,773,14,14,15,13,9,7,5,0,-1,2,1,2,2,1,3,4
1040,1036,1036,1036,13,14,15,13,4,0,0,-1,-1,2,0,3,1,3,1,4
974,972,965,965,13,14,12,13,2,7,0,-1,2,-1,0,1,2,1,1,4
496,494,487,487,18,19,18,19,2,7,0,-1,1,-1,-1,1,2,1,3,4
1059,1061,1054,1050,20,19,18,18,-2,7,4,1,1,0,2,1,2,3,3,4
789,782,782,787,18,19,21,19,7,0,-5,-1,-2,2,-1,2,1,1,1,4
520,515,517,513,21,19,20,19,5,-2,4,2,-1,1,2,3,1,2,2,4
210,199,189,194,14,14,13,13,11,10,-5,0,1,0,1,3,2,2,2,4
185,1078,1078,1078,18,16,18,16,-893,0,0,2,-2,2,2,2,1,1,1,4
286,283,278,281,21,19,20,19,3,5,-3,2,-1,1,2,1,2,2,1,4
520,515,510,508,18,19,18,19,5,5,2,-1,1,-1,-1,3,3,1,2,4
984,982,974,974,17,16,15,16,2,8,0,1,1,-1,1,1,2,1,1,4
485,485,475,478,14,17,15,16,0,10,-3,-3,2,-1,-2,2,2,2,1,4
946,944,946,946,17,19,18,18,2,-2,0,-2,1,0,-1,1,2,1,3,4
564,560,550,557,14,17,15,16,4,10,-7,-3,2,-1,-2,2,2,2,3,4
489,492,489,492,14,14,13,13,-3,3,-3,0,1,0,1,2,3,2,3,4
717,719,719,717,13,14,12,13,-2,0,2,-1,2,-1,0,1,2,2,3,4
372,370,370,367,20,19,18,18,2,0,3,1,1,0,2,2,3,1,2,4
953,951,949,949,13,14,15,16,2,2,0,-1,-1,-1,-3,2,3,2,2,4
560,553,553,548,21,19,20,21,7,0,5,2,-1,-1,0,2,1,1,1,4
546,529,524,529,14,14,15,13,17,5,-5,0,-1,2,1,2,1,1,3,4
196,187,187,192,14,17,15,16,9,0,-5,-3,2,-1,-2,1,1,1,1,4
942,942,937,942,20,19,20,21,0,5,-5,1,-1,-1,-1,1,1,1,3,4
508,499,496,496,18,17,18,16,9,3,0,1,-1,2,2,2,2,3,1,4
452,440,443,440,17,16,15,16,12,-3,3,1,1,-1,1,2,1,2,1,4
897,890,890,895,18,19,18,19,7,0,-5,-1,1,-1,-1,2,3,1,3,4
426,421,424,421,20,19,20,21,5,-3,3,1,-1,-1,-1,3,1,2,1,4
1033,1028,1026,1024,17,16,15,16,5,2,2,1,1,-1,1,2,2,1,2,4
562,562,557,557,21,19,20,21,0,5,0,2,-1,-1,0,3,1,1,1,4
766,764,764,771,20,19,18,18,2,0,-7,1,1,0,2,2,1,3,2,4
747,745,740,745,13,14,15,13,2,5,-5,-1,-1,2,0,2,1,1,3,4
295,286,276,274,14,17,15,16,9,10,2,-3,2,-1,-2,1,3,1,2,4
1031,1033,1031,1028,13,14,12,13,-2,2,3,-1,2,-1,0,1,2,1,2,4
295,288,288,286,14,17,15,16,7,0,2,-3,2,-1,-2,3,2,2,3,4
290,281,283,286,18,17,18,16,9,-2,-3,1,-1,2,2,1,1,2,1,4
886,881,881,881,18,19,18,19,5,0,0,-1,1,-1,-1,3,1,1,1,4
745,740,740,740,20,19,20,21,5,0,0,1,-1,-1,-1,3,1,1,1,4
609,602,602,604,14,14,13,13,7,0,-2,0,1,0,1,3,2,2,3,4
300,293,290,295,14,14,15,16,7,3,-5,0,-1,-1,-2,1,2,1,1,4
560,555,553,553,18,19,18,16,5,2,0,-1,1,2,2,2,2,3,1,4
548,548,543,548,21,19,20,21,0,5,-5,2,-1,-1,0,1,1,1,1,4
658,653,656,653,17,16,15,16,5,-3,3,1,1,-1,1,2,2,1,2,4
579,569,562,562,18,17,18,16,10,7,0,1,-1,2,2,2,2,1,1,4
199,196,196,196,14,14,15,13,3,0,0,0,-1,2,1,2,1,1,1,4
279,271,271,271,14,14,15,13,8,0,0,0,-1,2,1,2,3,1,3,4
290,281,271,271,18,19,18,18,9,10,0,-1,1,0,0,1,3,1,3,4
482,475,475,473,18,16,18,18,7,0,2,2,-2,0,0,1,2,2,1,4
311,309,309,311,14,17,15,16,2,0,-2,-3,2,-1,-2,2,1,1,2,4
911,909,909,907,18,19,18,19,2,0,2,-1,1,-1,-1,2,1,1,2,4
269,262,264,260,14,14,15,16,7,-2,4,0,-1,-1,-2,2,1,2,2,4
674,670,670,665,20,19,20,18,4,0,5,1,-1,2,2,1,1,1,1,4
524,524,510,522,14,17,15,16,0,14,-12,-3,2,-1,-2,1,1,1,2,4
586,581,581,581,14,17,15,16,5,0,0,-3,2,-1,-2,1,1,3,1,4
960,956,956,958,17,16,15,16,4,0,-2,1,1,-1,1,1,1,3,2,4
796,792,796,794,14,14,13,13,4,-4,2,0,1,0,1,3,3,1,2,4
740,733,726,728,13,14,12,13,7,7,-2,-1,2,-1,0,3,2,3,2,4
1010,1007,1007,1005,17,19,18,21,3,0,2,-2,1,-3,-4,2,3,3,2,4
370,365,360,363,17,19,18,18,5,5,-3,-2,1,0,-1,3,1,1,2,4
192,192,187,187,18,17,18,16,0,5,0,1,-1,2,2,1,1,1,1,4
267,264,262,262,18,17,18,16,3,2,0,1,-1,2,2,1,2,1,1,4
450,447,454,450,20,19,20,21,3,-7,4,1,-1,-1,-1,1,2,3,1,4
1003,1000,993,993,13,16,15,16,3,7,0,-3,1,-1,-3,3,2,3,1,4
466,464,459,461,20,19,20,21,2,5,-2,1,-1,-1,-1,2,1,3,2,4
1045,1045,1036,1036,13,14,15,13,0,9,0,-1,-1,2,0,1,3,3,1,4
295,286,288,290,18,17,18,19,9,-2,-2,1,-1,-1,-1,3,1,2,1,4
295,295,290,290,14,14,13,13,0,5,0,0,1,0,1,3,3,1,1,4
775,773,771,771,13,14,15,13,2,2,0,-1,-1,2,0,2,3,2,2,4
621,623,618,618,21,19,21,21,-2,5,0,2,-2,0,0,2,3,1,1,4
963,960,960,965,17,16,18,18,3,0,-5,1,-2,0,-1,2,3,1,1,4
960,965,963,1021,13,14,15,13,-5,2,-58,-1,-1,2,0,1,3,2,1,4
935,932,932,942,20,19,18,18,3,0,-10,1,1,0,2,2,1,1,1,4
921,916,911,914,18,17,18,19,5,5,-3,1,-1,-1,-1,2,2,2,1,4
304,304,307,302,14,14,15,16,0,-3,5,0,-1,-1,-2,1,3,2,2,4
867,860,857,862,18,17,18,18,7,3,-5,1,-1,0,0,1,2,1,1,4
937,935,935,932,17,19,18,18,2,0,3,-2,1,0,-1,3,2,2,1,4
890,881,883,881,14,17,15,16,9,-2,2,-3,2,-1,-2,1,1,2,1,4
501,499,496,501,21,19,21,21,2,3,-5,2,-2,0,0,1,2,1,1,4
953,956,951,951,20,19,20,21,-3,5,0,1,-1,-1,-1,2,1,1,1,4
464,457,459,454,20,19,18,18,7,-2,5,1,1,0,2,1,2,3,1,4
932,928,923,921,17,17,15,16,4,5,2,0,2,-1,1,1,1,3,2,4
766,766,764,768,17,16,18,18,0,2,-4,1,-2,0,-1,2,2,1,3,4
731,733,731,731,20,19,20,18,-2,2,0,1,-1,2,2,1,2,1,1,4
264,262,257,257,21,19,20,21,2,5,0,2,-1,-1,0,2,3,1,1,4
574,571,569,567,18,19,18,18,3,2,2,-1,1,0,0,2,1,2,1,4
363,358,356,356,17,16,15,16,5,2,0,1,1,-1,1,2,2,1,1,4
693,693,686,689,20,19,20,21,0,7,-3,1,-1,-1,-1,3,1,2,1,4
644,637,632,635,13,14,13,13,7,5,-3,-1,1,0,0,2,1,1,2,4
625,623,623,623,21,19,21,21,2,0,0,2,-2,0,0,2,3,1,3,4
1036,1031,1026,1028,20,19,20,18,5,5,-2,1,-1,2,2,3,3,1,2,4
792,787,789,792,14,14,13,13,5,-2,-3,0,1,0,1,1,1,2,3,4
932,932,928,928,13,14,13,13,0,4,0,-1,1,0,0,1,1,1,1,4
255,260,250,253,18,19,18,18,-5,10,-3,-1,1,0,0,2,2,2,1,4
733,733,736,731,20,19,20,18,0,-3,5,1,-1,2,2,2,2,3,1,4
220,213,210,206,14,14,15,13,7,3,4,0,-1,2,1,1,2,1,1,4
1031,1026,1024,1026,17,16,15,16,5,2,-2,1,1,-1,1,1,1,2,1,4
344,342,337,337,17,16,15,16,2,5,0,1,1,-1,1,2,3,1,3,4
595,593,586,586,14,14,13,13,2,7,0,0,1,0,1,1,2,3,1,4
778,775,771,773,13,14,12,13,3,4,-2,-1,2,-1,0,1,2,2,1,4
412,436,410,410,20,19,18,18,-24,26,0,1,1,0,2,1,1,2,2,4
196,194,189,189,14,17,15,16,2,5,0,-3,2,-1,-2,1,2,2,2,4
897,893,890,893,18,17,18,19,4,3,-3,1,-1,-1,-1,2,2,1,2,4
757,754,752,754,17,19,18,18,3,2,-2,-2,1,0,-1,2,1,2,3,4
1031,1026,1021,1021,17,16,18,18,5,5,0,1,-2,0,-1,3,1,3,1,4
900,895,888,890,21,19,20,19,5,7,-2,2,-1,1,2,3,1,2,3,4
489,489,487,489,21,19,21,19,0,2,-2,2,-2,2,2,2,2,1,2,4
937,932,932,932,13,16,15,16,5,0,0,-3,1,-1,-3,3,1,1,1,4
351,349,346,349,13,14,15,16,2,3,-3,-1,-1,-1,-3,1,2,3,2,4
557,546,534,532,14,14,13,13,11,12,2,0,1,0,1,1,2,3,2,4
363,353,353,346,13,14,12,13,10,0,7,-1,2,-1,0,2,2,2,3,4
981,982,979,982,13,14,15,13,-1,3,-3,-1,-1,2,0,2,2,3,2,4
993,991,989,993,13,14,15,13,2,2,-4,-1,-1,2,0,1,2,1,1,4
1036,1031,1033,1038,20,19,18,18,5,-2,-5,1,1,0,2,1,1,2,2,4
815,810,803,803,21,19,20,19,5,7,0,2,-1,1,2,1,1,2,2,4
876,867,867,869,14,14,13,13,9,0,-2,0,1,0,1,3,3,3,2,4
820,815,810,810,18,17,18,19,5,5,0,1,-1,-1,-1,1,3,1,1,4
618,614,614,614,18,19,18,19,4,0,0,-1,1,-1,-1,1,1,3,1,4
553,548,543,543,18,19,20,18,5,5,0,-1,-1,2,0,1,1,1,1,4
398,400,398,396,13,14,12,13,-2,2,2,-1,2,-1,0,1,2,1,2,4
696,691,689,693,20,19,20,18,5,2,-4,1,-1,2,2,2,2,1,1,4
360,360,360,358,20,19,20,21,0,0,2,1,-1,-1,-1,1,3,1,2,4
998,996,986,993,20,19,18,18,2,10,-7,1,1,0,2,3,2,2,1,4
227,227,222,220,14,17,15,16,0,5,2,-3,2,-1,-2,2,2,2,1,4
726,724,719,717,20,19,20,21,2,5,2,1,-1,-1,-1,3,2,2,1,4
621,623,616,616,18,17,18,16,-2,7,0,1,-1,2,2,2,1,2,2,4
464,461,461,459,20,19,20,18,3,0,2,1,-1,2,2,1,2,2,1,4
625,628,621,618,21,19,21,19,-3,7,3,2,-2,2,2,2,1,2,3,4
724,721,721,721,20,19,20,18,3,0,0,1,-1,2,2,2,1,1,1,4
1045,1045,1038,1033,13,14,15,13,0,7,5,-1,-1,2,0,1,3,2,2,4
670,667,663,667,20,19,18,18,3,4,-4,1,1,0,2,3,2,2,2,4
431,431,428,428,20,19,20,21,0,3,0,1,-1,-1,-1,3,3,2,2,4
424,412,400,407,13,14,15,13,12,12,-7,-1,-1,2,0,2,3,2,1,4
674,672,672,672,17,16,18,18,2,0,0,1,-2,0,-1,1,2,2,2,4
1059,1054,1052,1047,20,19,18,18,5,2,5,1,1,0,2,3,3,2,2,4
243,239,234,234,21,19,20,21,4,5,0,2,-1,-1,0,3,1,1,1,4
203,201,196,196,21,19,21,21,2,5,0,2,-2,0,0,2,1,1,1,4
1047,1050,1050,1043,13,14,15,13,-3,0,7,-1,-1,2,0,2,3,1,2,4
419,410,403,403,13,14,12,13,9,7,0,-1,2,-1,0,2,2,1,3,4
224,210,215,215,14,14,13,13,14,-5,0,0,1,0,1,3,1,1,1,4
902,897,890,900,21,19,20,21,5,7,-10,2,-1,-1,0,2,2,1,1,4
229,220,220,220,21,19,20,21,9,0,0,2,-1,-1,0,3,1,1,3,4
196,182,1075,1078,14,14,15,13,14,-893,-3,0,-1,2,1,1,1,2,1,4
965,960,960,960,20,19,20,18,5,0,0,1,-1,2,2,3,1,1,1,4
886,881,881,881,18,17,18,19,5,0,0,1,-1,-1,-1,3,3,3,1,4
201,196,192,192,14,14,13,13,5,4,0,0,1,0,1,1,3,1,1,4
489,492,492,496,18,17,18,19,-3,0,-4,1,-1,-1,-1,2,3,1,1,4
450,447,445,447,17,16,18,18,3,2,-2,1,-2,0,-1,3,2,3,2,4
1073,1075,1073,1071,20,19,20,21,-2,2,2,1,-1,-1,-1,3,2,1,2,4
445,433,431,436,13,14,15,13,12,2,-5,-1,-1,2,0,1,2,1,3,4
984,972,967,977,13,16,15,16,12,5,-10,-3,1,-1,-3,1,2,2,2,4
834,824,824,824,14,17,15,16,10,0,0,-3,2,-1,-2,3,3,1,1,4
883,881,878,881,14,14,15,16,2,3,-3,0,-1,-1,-2,2,1,2,1,4
1019,1019,1012,1012,17,19,18,18,0,7,0,-2,1,0,-1,2,2,3,1,4
902,895,895,893,18,17,18,19,7,0,2,1,-1,-1,-1,2,1,1,2,4
274,267,260,262,14,14,15,13,7,7,-2,0,-1,2,1,2,3,2,1,4
656,653,651,651,20,19,20,21,3,2,0,1,-1,-1,-1,3,2,1,1,4
604,602,595,597,18,17,18,19,2,7,-2,1,-1,-1,-1,1,2,1,2,4
925,918,918,918,21,19,21,19,7,0,0,2,-2,2,2,2,3,1,1,4
229,224,222,224,14,17,15,16,5,2,-2,-3,2,-1,-2,3,1,2,1,4
297,300,295,300,18,19,18,19,-3,5,-5,-1,1,-1,-1,2,1,3,1,4
602,597,597,595,21,19,20,21,5,0,2,2,-1,-1,0,2,2,2,1,4
360,363,356,353,20,19,20,18,-3,7,3,1,-1,2,2,1,2,1,2,4
881,881,876,876,18,19,18,18,0,5,0,-1,1,0,0,1,1,1,1,4
1066,1061,1061,1057,13,14,12,13,5,0,4,-1,2,-1,0,2,2,2,2,4
890,886,881,878,14,17,15,16,4,5,3,-3,2,-1,-2,1,3,1,2,4
564,555,543,543,18,19,15,16,9,12,0,-1,4,-1,2,2,2,1,1,4
1073,1071,1073,1073,20,19,20,21,2,-2,0,1,-1,-1,-1,1,2,1,3,4
1021,1019,1010,1010,13,14,15,13,2,9,0,-1,-1,2,0,1,2,2,2,4
937,937,932,937,20,19,20,21,0,5,-5,1,-1,-1,-1,1,1,1,1,4
454,454,450,450,13,14,15,13,0,4,0,-1,-1,2,0,3,1,1,3,4
757,750,750,750,20,19,20,21,7,0,0,1,-1,-1,-1,2,1,1,3,4
611,604,600,602,14,14,15,13,7,4,-2,0,-1,2,1,2,1,1,2,4
351,351,351,351,17,16,18,18,0,0,0,1,-2,0,-1,3,3,3,1,4
883,878,883,881,18,19,18,19,5,-5,2,-1,1,-1,-1,2,2,2,1,4
810,806,803,803,14,17,15,16,4,3,0,-3,2,-1,-2,3,3,2,2,4
935,923,923,923,17,17,18,19,12,0,0,0,-1,-1,-2,2,1,1,1,4
656,653,658,651,13,14,12,13,3,-5,7,-1,2,-1,0,1,2,2,1,4
564,557,557,553,14,17,15,16,7,0,4,-3,2,-1,-2,2,3,1,1,4
956,958,956,960,20,19,20,21,-2,2,-4,1,-1,-1,-1,1,2,1,3,4
1000,998,1000,1003,20,19,20,21,2,-2,-3,1,-1,-1,-1,2,1,2,1,4
429,424,421,424,13,14,12,13,5,3,-3,-1,2,-1,0,2,2,1,2,4
907,900,886,902,21,19,20,19,7,14,-16,2,-1,1,2,2,1,1,2,4
796,796,794,792,18,19,18,19,0,2,2,-1,1,-1,-1,3,1,2,1,4
829,822,820,820,14,14,13,13,7,2,0,0,1,0,1,3,2,1,1,4
510,506,508,503,18,17,18,19,4,-2,5,1,-1,-1,-1,1,3,2,2,4
923,921,916,918,18,17,18,19,2,5,-2,1,-1,-1,-1,3,2,2,1,4
656,653,649,644,20,19,18,18,3,4,5,1,1,0,2,1,2,2,2,4
492,482,482,478,14,17,15,16,10,0,4,-3,2,-1,-2,1,1,1,1,4
239,236,239,234,18,19,18,18,3,-3,5,-1,1,0,0,1,2,1,1,4
349,339,337,337,13,14,15,16,10,2,0,-1,-1,-1,-3,2,2,1,1,4
499,489,478,475,14,14,15,13,10,11,3,0,-1,2,1,2,2,1,2,4
672,674,672,670,13,14,15,13,-2,2,2,-1,-1,2,0,2,3,2,1,4
602,597,595,595,21,19,20,19,5,2,0,2,-1,1,2,2,2,1,1,4
743,740,733,731,17,16,15,16,3,7,2,1,1,-1,1,2,3,2,1,4
1003,1010,1003,1000,20,19,20,21,-7,7,3,1,-1,-1,-1,1,2,1,2,4
410,407,407,410,20,19,20,21,3,0,-3,1,-1,-1,-1,2,1,1,2,4
543,536,534,529,21,19,20,21,7,2,5,2,-1,-1,0,3,2,1,1,4
407,403,365,400,20,19,20,21,4,38,-35,1,-1,-1,-1,3,1,1,2,4
593,586,581,586,18,19,20,19,7,5,-5,-1,-1,1,-1,2,3,1,1,4
316,309,311,309,18,19,18,19,7,-2,2,-1,1,-1,-1,2,3,2,1,4
965,960,956,951,13,14,12,13,5,4,5,-1,2,-1,0,1,3,1,1,4
787,775,778,778,14,14,15,13,12,-3,0,0,-1,2,1,1,2,1,1,4
1045,1036,1033,1036,20,19,18,18,9,3,-3,1,1,0,2,1,1,2,1,4
1019,1014,1017,1012,20,19,18,18,5,-3,5,1,1,0,2,2,2,1,1,4
433,421,426,421,17,16,18,18,12,-5,5,1,-2,0,-1,2,1,3,1,4
346,337,335,332,17,16,15,16,9,2,3,1,1,-1,1,1,1,2,1,4
1031,1026,1028,1028,13,14,12,13,5,-2,0,-1,2,-1,0,1,3,2,2,4
239,232,239,236,18,17,18,16,7,-7,3,1,-1,2,2,1,2,3,2,4
726,726,728,728,20,19,20,18,0,-2,0,1,-1,2,2,1,1,2,2,4
764,766,764,764,13,14,12,13,-2,2,0,-1,2,-1,0,3,2,1,3,4
539,534,534,534,18,17,18,18,5,0,0,1,-1,0,0,1,3,1,1,4
586,583,581,581,18,17,18,19,3,2,0,1,-1,-1,-1,3,2,1,1,4
433,426,426,426,20,19,20,18,7,0,0,1,-1,2,2,2,3,1,1,4
550,541,539,539,14,14,13,13,9,2,0,0,1,0,1,2,2,1,3,4
206,201,203,201,18,19,18,19,5,-2,2,-1,1,-1,-1,1,1,2,1,4
1003,996,993,993,17,16,15,16,7,3,0,1,1,-1,1,3,2,1,3,4
288,286,286,281,14,14,15,13,2,0,5,0,-1,2,1,2,1,1,1,4
768,773,771,773,20,19,20,21,-5,2,-2,1,-1,-1,-1,1,1,2,1,4
459,454,454,454,17,16,15,16,5,0,0,1,1,-1,1,1,3,1,1,4
773,771,768,768,17,16,18,18,2,3,0,1,-2,0,-1,1,2,1,1,4
890,886,886,890,18,17,18,16,4,0,-4,1,-1,2,2,1,1,3,1,4
714,712,707,705,20,19,18,21,2,5,2,1,1,-3,-1,2,1,1,2,4
370,370,365,365,13,14,15,13,0,5,0,-1,-1,2,0,3,3,1,1,4
494,487,473,475,14,17,15,16,7,14,-2,-3,2,-1,-2,2,1,3,2,4
946,944,937,935,17,19,18,18,2,7,2,-2,1,0,-1,1,2,3,2,4
473,473,473,473,20,19,20,18,0,0,0,1,-1,2,2,1,1,1,1,4
309,302,297,295,14,14,13,13,7,5,2,0,1,0,1,3,2,2,1,4
876,871,867,867,21,19,20,18,5,4,0,2,-1,2,3,1,1,1,1,4
213,206,206,210,14,14,15,13,7,0,-4,0,-1,2,1,2,3,1,1,4
323,318,314,314,14,14,13,13,5,4,0,0,1,0,1,3,3,1,1,4
374,365,356,358,13,14,15,13,9,9,-2,-1,-1,2,0,1,1,3,2,4
839,834,829,834,18,19,18,18,5,5,-5,-1,1,0,0,1,1,1,3,4
295,290,293,290,18,17,18,16,5,-3,3,1,-1,2,2,3,1,2,1,4
649,637,637,642,13,14,15,13,12,0,-5,-1,-1,2,0,2,3,1,3,4
928,923,921,921,21,19,21,19,5,2,0,2,-2,2,2,1,1,2,2,4
527,529,527,524,14,14,15,13,-2,2,3,0,-1,2,1,2,3,2,1,4
785,782,785,787,14,17,15,16,3,-3,-2,-3,2,-1,-2,2,1,2,3,4
1066,1061,1061,1059,17,16,18,16,5,0,2,1,-2,2,1,2,2,2,1,4
234,229,227,229,18,19,18,19,5,2,-2,-1,1,-1,-1,1,3,2,1,4
234,229,224,224,18,17,18,19,5,5,0,1,-1,-1,-1,1,3,1,1,4
318,316,314,316,14,14,15,13,2,2,-2,0,-1,2,1,1,2,1,2,4
625,618,609,614,14,14,13,13,7,9,-5,0,1,0,1,2,3,1,3,4
431,431,426,431,20,19,20,18,0,5,-5,1,-1,2,2,1,1,1,1,4
346,346,342,339,13,16,15,16,0,4,3,-3,1,-1,-3,1,1,1,2,4
1003,989,982,989,13,14,12,13,14,7,-7,-1,2,-1,0,3,3,2,3,4
524,522,520,517,21,19,20,19,2,2,3,2,-1,1,2,1,2,1,2,4
569,567,567,571,14,14,15,13,2,0,-4,0,-1,2,1,2,3,3,3,4
234,232,229,224,21,19,20,19,2,3,5,2,-1,1,2,1,2,1,3,4
686,677,684,684,20,19,20,21,9,-7,0,1,-1,-1,-1,2,2,1,1,4
710,707,707,703,20,19,18,18,3,0,4,1,1,0,2,2,1,1,1,4
503,501,501,503,14,14,15,13,2,0,-2,0,-1,2,1,2,1,1,2,4
227,220,222,220,21,19,20,21,7,-2,2,2,-1,-1,0,2,1,2,1,4
391,382,379,379,17,16,18,18,9,3,0,1,-2,0,-1,2,2,1,1,4
471,468,461,466,13,14,12,13,3,7,-5,-1,2,-1,0,2,3,2,2,4
360,358,346,346,13,14,12,13,2,12,0,-1,2,-1,0,1,2,1,3,4
1014,1012,1010,1007,17,16,18,16,2,2,3,1,-2,2,1,2,1,2,3,4
1024,1017,1014,1014,13,14,15,13,7,3,0,-1,-1,2,0,2,1,2,2,4
796,787,792,792,21,19,21,21,9,-5,0,2,-2,0,0,1,1,1,1,4
461,457,454,454,13,16,15,16,4,3,0,-3,1,-1,-3,2,2,1,1,4
569,562,560,562,18,19,18,18,7,2,-2,-1,1,0,0,2,3,2,1,4
967,1017,1021,1021,13,14,12,13,-50,-4,0,-1,2,-1,0,2,3,1,1,4
419,419,417,417,20,19,18,18,0,2,0,1,1,0,2,2,2,1,1,4
520,522,520,520,14,14,15,13,-2,2,0,0,-1,2,1,3,2,1,1,4
531,520,513,517,14,17,15,16,11,7,-4,-3,2,-1,-2,2,1,2,2,4
1036,1033,1031,1031,20,19,18,18,3,2,0,1,1,0,2,1,2,1,1,4
1050,1047,1043,1043,17,16,18,18,3,4,0,1,-2,0,-1,1,2,2,2,4
773,764,761,759,17,16,15,16,9,3,2,1,1,-1,1,3,1,2,1,4
590,581,578,576,14,14,13,13,9,3,2,0,1,0,1,3,1,2,3,4
729,728,736,736,20,19,18,18,1,-8,0,1,1,0,2,2,2,1,1,4
595,583,588,588,18,19,18,19,12,-5,0,-1,1,-1,-1,1,2,2,2,4
635,618,623,618,17,19,18,19,17,-5,5,-2,1,-1,-2,2,1,1,1,4
405,410,407,410,13,14,12,13,-5,3,-3,-1,2,-1,0,2,2,1,2,4
750,745,743,743,13,14,15,13,5,2,0,-1,-1,2,0,1,1,2,2,4
611,600,597,600,14,14,15,13,11,3,-3,0,-1,2,1,2,3,2,3,4
220,217,215,215,21,19,20,21,3,2,0,2,-1,-1,0,1,2,1,1,4
679,672,672,670,13,14,12,13,7,0,2,-1,2,-1,0,1,2,2,1,4
304,300,295,302,14,14,13,13,4,5,-7,0,1,0,1,1,3,1,2,4
951,946,951,951,20,19,20,18,5,-5,0,1,-1,2,2,1,1,1,1,4
562,557,550,557,18,19,18,18,5,7,-7,-1,1,0,0,1,3,2,1,4
932,928,923,921,13,14,15,13,4,5,2,-1,-1,2,0,1,1,1,2,4
696,726,731,728,13,14,15,16,-30,-5,3,-1,-1,-1,-3,2,1,1,2,4
466,461,452,459,13,14,12,13,5,9,-7,-1,2,-1,0,2,2,2,1,4
937,935,921,918,13,16,15,16,2,14,3,-3,1,-1,-3,3,2,2,1,4
534,524,524,522,14,14,15,16,10,0,2,0,-1,-1,-2,1,3,1,2,4
787,789,787,782,14,14,15,13,-2,2,5,0,-1,2,1,1,2,3,1,4
450,452,450,454,13,14,12,13,-2,2,-4,-1,2,-1,0,3,2,3,1,4
839,834,829,829,14,17,15,16,5,5,0,-3,2,-1,-2,1,1,1,3,4
1068,1064,1064,1068,13,14,12,13,4,0,-4,-1,2,-1,0,3,1,3,3,4
199,199,196,192,14,14,15,13,0,3,4,0,-1,2,1,2,2,1,1,4
691,686,682,679,20,19,18,18,5,4,3,1,1,0,2,2,2,2,1,4
222,222,217,217,18,17,18,16,0,5,0,1,-1,2,2,2,2,2,2,4
510,508,496,506,14,17,15,16,2,12,-10,-3,2,-1,-2,1,2,1,1,4
464,457,454,454,17,16,18,18,7,3,0,1,-2,0,-1,1,2,1,1,4
745,736,733,728,17,16,15,16,9,3,5,1,1,-1,1,3,3,2,2,4
750,747,745,731,13,16,15,16,3,2,14,-3,1,-1,-3,1,2,3,1,4
1007,1003,1007,1007,13,14,15,16,4,-4,0,-1,-1,-1,-3,3,1,3,1,4
904,904,902,904,14,14,15,13,0,2,-2,0,-1,2,1,1,1,2,1,4
721,717,714,712,17,19,18,18,4,3,2,-2,1,0,-1,1,3,2,1,4
520,510,506,508,14,14,13,13,10,4,-2,0,1,0,1,1,3,1,2,4
342,342,342,342,20,19,18,18,0,0,0,1,1,0,2,3,1,1,1,4
234,224,227,224,14,14,15,13,10,-3,3,0,-1,2,1,1,3,2,1,4
644,635,635,637,17,16,18,16,9,0,-2,1,-2,2,1,2,2,2,1,4
614,607,604,607,14,14,15,13,7,3,-3,0,-1,2,1,1,2,3,2,4
846,827,817,824,14,14,15,16,19,10,-7,0,-1,-1,-2,2,2,2,1,4
951,951,942,942,13,14,15,13,0,9,0,-1,-1,2,0,3,1,3,1,4
996,993,993,993,20,19,18,18,3,0,0,1,1,0,2,2,3,1,1,4
290,281,267,283,21,19,20,19,9,14,-16,2,-1,1,2,3,1,1,2,4
918,909,909,904,14,14,15,13,9,0,5,0,-1,2,1,3,1,1,1,4
346,342,337,339,13,14,12,13,4,5,-2,-1,2,-1,0,3,1,1,2,4
487,482,485,492,14,14,15,13,5,-3,-7,0,-1,2,1,3,1,2,1,4
417,414,412,412,13,14,15,13,3,2,0,-1,-1,2,0,1,2,3,1,4
932,925,928,928,13,14,15,13,7,-3,0,-1,-1,2,0,1,2,1,1,4
267,264,255,260,18,17,18,16,3,9,-5,1,-1,2,2,1,2,2,2,4
764,759,759,761,20,19,20,18,5,0,-2,1,-1,2,2,1,1,1,2,4
199,192,192,187,14,14,13,13,7,0,5,0,1,0,1,2,1,1,1,4
297,295,290,295,14,14,15,13,2,5,-5,0,-1,2,1,2,3,1,1,4
1003,1005,1003,1007,13,14,15,13,-2,2,-4,-1,-1,2,0,1,2,1,1,4
937,935,935,932,13,14,15,13,2,0,3,-1,-1,2,0,3,2,2,1,4
548,546,548,543,21,19,20,21,2,-2,5,2,-1,-1,0,1,2,1,1,4
820,817,820,820,18,17,18,19,3,-3,0,1,-1,-1,-1,3,2,1,1,4
771,766,768,766,20,19,20,21,5,-2,2,1,-1,-1,-1,2,2,1,2,4
693,693,684,689,17,16,18,18,0,9,-5,1,-2,0,-1,1,3,3,1,4
822,813,806,803,14,14,15,16,9,7,3,0,-1,-1,-2,2,2,1,2,4
939,937,928,928,13,16,15,16,2,9,0,-3,1,-1,-3,2,1,1,1,4
1003,996,996,998,20,19,18,18,7,0,-2,1,1,0,2,1,2,2,1,4
250,250,241,241,14,14,15,13,0,9,0,0,-1,2,1,2,2,2,2,4
199,189,189,189,14,14,15,13,10,0,0,0,-1,2,1,2,2,2,2,4
250,236,239,236,18,19,18,18,14,-3,3,-1,1,0,0,2,2,1,2,4
215,210,210,208,18,19,18,19,5,0,2,-1,1,-1,-1,1,1,1,2,4
1059,1057,1050,1050,17,16,18,18,2,7,0,1,-2,0,-1,1,2,1,1,4
189,189,185,185,14,14,15,13,0,4,0,0,-1,2,1,2,2,2,2,4
1029,1026,1021,1019,17,19,18,18,3,5,2,-2,1,0,-1,2,3,1,2,4
1050,1054,1050,1050,13,14,12,13,-4,4,0,-1,2,-1,0,1,3,1,3,4
234,276,224,229,21,19,20,19,-42,52,-5,2,-1,1,2,1,1,1,1,4
222,213,222,222,14,14,15,16,9,-9,0,0,-1,-1,-2,2,2,2,2,4
928,925,925,925,14,17,15,16,3,0,0,-3,2,-1,-2,1,2,2,2,4
787,787,785,782,18,19,18,19,0,2,3,-1,1,-1,-1,1,1,2,1,4
967,970,958,963,13,14,12,13,-3,12,-5,-1,2,-1,0,2,1,2,2,4
614,609,604,609,14,14,15,13,5,5,-5,0,-1,2,1,1,3,1,1,4
553,557,536,557,14,17,15,16,-4,21,-21,-3,2,-1,-2,1,1,2,1,4
951,949,944,946,17,16,15,16,2,5,-2,1,1,-1,1,3,2,2,3,4
1064,1059,1061,1064,13,14,15,13,5,-2,-3,-1,-1,2,0,1,3,2,1,4
651,618,618,614,20,17,18,19,33,0,4,3,-1,-1,1,1,3,1,1,4
1010,1007,1007,1010,20,19,20,21,3,0,-3,1,-1,-1,-1,2,3,1,2,4
583,581,569,571,14,14,15,16,2,12,-2,0,-1,-1,-2,2,3,2,1,4
309,297,293,290,18,19,18,19,12,4,3,-1,1,-1,-1,3,2,2,1,4
1066,1059,1054,1059,17,16,15,16,7,5,-5,1,1,-1,1,2,1,1,1,4
824,813,813,815,18,17,15,16,11,0,-2,1,2,-1,2,1,2,2,1,4
543,539,534,534,14,17,15,16,4,5,0,-3,2,-1,-2,1,1,1,1,4
314,316,309,311,18,19,18,19,-2,7,-2,-1,1,-1,-1,1,2,1,2,4
984,984,979,984,20,19,20,21,0,5,-5,1,-1,-1,-1,3,1,1,1,4
679,674,679,684,17,16,18,18,5,-5,-5,1,-2,0,-1,3,1,1,1,4
759,754,752,750,13,14,12,13,5,2,2,-1,2,-1,0,1,3,2,1,4
541,534,524,524,14,14,15,13,7,10,0,0,-1,2,1,2,3,1,1,4
314,309,307,302,18,17,18,19,5,2,5,1,-1,-1,-1,1,1,2,2,4
672,667,658,665,20,19,18,18,5,9,-7,1,1,0,2,2,2,2,1,4
1026,1026,1031,1026,17,16,18,18,0,-5,5,1,-2,0,-1,3,3,3,1,4
182,187,1078,1078,14,14,15,13,-5,-891,0,0,-1,2,1,1,1,1,1,4
871,869,867,867,14,17,15,16,2,2,0,-3,2,-1,-2,1,2,3,1,4
782,782,778,775,21,19,20,21,0,4,3,2,-1,-1,0,1,1,1,2,4
614,611,611,609,14,14,13,13,3,0,2,0,1,0,1,1,2,2,1,4
539,527,529,529,14,14,15,13,12,-2,0,0,-1,2,1,1,2,1,1,4
229,229,229,229,14,17,15,16,0,0,0,-3,2,-1,-2,3,1,1,1,4
335,321,323,325,17,17,18,19,14,-2,-2,0,-1,-1,-2,2,2,3,2,4
937,937,932,935,17,16,15,16,0,5,-3,1,1,-1,1,3,1,1,2,4
981,974,972,974,13,14,12,13,7,2,-2,-1,2,-1,0,2,3,2,1,4
274,267,267,264,14,14,13,13,7,0,3,0,1,0,1,2,3,1,2,4
260,250,248,248,14,14,13,13,10,2,0,0,1,0,1,2,2,1,1,4
255,253,248,250,14,14,15,13,2,5,-2,0,-1,2,1,2,1,1,2,4
848,843,841,839,14,14,15,13,5,2,2,0,-1,2,1,1,1,2,1,4
346,346,346,349,13,14,15,16,0,0,-3,-1,-1,-1,-3,3,1,1,2,4
897,895,893,890,14,14,15,13,2,2,3,0,-1,2,1,2,3,2,1,4
433,431,428,431,17,16,18,18,2,3,-3,1,-2,0,-1,2,1,2,3,4
1026,1026,1026,1024,20,19,18,18,0,0,2,1,1,0,2,3,1,1,2,4
323,321,316,314,14,17,15,16,2,5,2,-3,2,-1,-2,1,2,2,1,4
970,967,965,967,20,19,20,18,3,2,-2,1,-1,2,2,1,2,3,2,4
236,234,229,234,14,14,13,13,2,5,-5,0,1,0,1,2,1,1,1,4
353,349,349,346,17,16,18,16,4,0,3,1,-2,2,1,2,2,2,1,4
185,1075,1075,1075,18,19,18,18,-890,0,0,-1,1,0,0,2,2,2,2,4
241,241,239,239,14,17,15,16,0,2,0,-3,2,-1,-2,2,2,3,1,4
586,583,578,581,18,17,18,16,3,5,-3,1,-1,2,2,1,2,2,1,4
637,632,628,632,17,16,15,16,5,4,-4,1,1,-1,1,3,1,1,1,4
810,801,803,810,18,19,18,19,9,-2,-7,-1,1,-1,-1,3,3,2,1,4
300,295,297,297,21,19,20,21,5,-2,0,2,-1,-1,0,1,1,2,2,4
529,524,529,524,18,17,18,19,5,-5,5,1,-1,-1,-1,3,1,3,1,4
890,881,886,888,14,14,15,13,9,-5,-2,0,-1,2,1,1,3,1,2,4
876,864,857,860,14,14,15,13,12,7,-3,0,-1,2,1,3,2,3,2,4
881,876,876,878,21,19,20,19,5,0,-2,2,-1,1,2,1,3,1,2,4
984,982,970,979,17,16,15,16,2,12,-9,1,1,-1,1,3,2,3,1,4
557,557,557,560,14,17,15,16,0,0,-3,-3,2,-1,-2,1,1,1,2,4
494,485,485,489,14,14,15,13,9,0,-4,0,-1,2,1,2,2,2,2,4
276,276,276,271,18,17,18,16,0,0,5,1,-1,2,2,1,1,1,3,4
536,534,529,532,18,17,18,19,2,5,-3,1,-1,-1,-1,2,1,1,2,4
942,935,939,937,13,14,12,13,7,-4,2,-1,2,-1,0,1,2,2,1,4
564,567,560,548,18,17,18,18,-3,7,12,1,-1,0,0,2,3,2,1,4
914,909,904,911,14,14,15,13,5,5,-7,0,-1,2,1,1,1,3,2,4
900,895,897,900,21,19,20,19,5,-2,-3,2,-1,1,2,1,3,2,1,4
782,778,773,771,18,16,18,18,4,5,2,2,-2,0,0,1,1,1,2,4
792,792,794,792,14,17,15,16,0,-2,2,-3,2,-1,-2,1,3,2,1,4
239,234,229,224,14,14,15,13,5,5,5,0,-1,2,1,1,1,1,1,4
447,443,445,445,17,16,18,16,4,-2,0,1,-2,2,1,2,2,1,1,4
918,914,914,914,18,19,18,19,4,0,0,-1,1,-1,-1,1,3,1,3,4
726,724,724,724,20,19,20,18,2,0,0,1,-1,2,2,1,2,2,2,4
314,318,311,309,18,17,18,19,-4,7,2,1,-1,-1,-1,1,1,2,3,4
1019,1017,1019,1012,17,16,18,18,2,-2,7,1,-2,0,-1,2,1,2,1,4
745,743,743,740,17,16,15,16,2,0,3,1,1,-1,1,3,2,2,1,4
224,215,213,213,18,17,15,16,9,2,0,1,2,-1,2,3,3,2,2,4
314,311,311,314,14,17,15,16,3,0,-3,-3,2,-1,-2,1,2,2,1,4
928,923,918,916,21,19,21,19,5,5,2,2,-2,2,2,1,1,1,2,4
848,848,848,846,21,19,20,21,0,0,2,2,-1,-1,0,3,1,1,2,4
384,382,374,379,13,14,12,13,2,8,-5,-1,2,-1,0,3,2,1,1,4
817,810,808,803,14,14,13,13,7,2,5,0,1,0,1,2,3,2,2,4
1078,1075,1073,1073,20,19,20,18,3,2,0,1,-1,2,2,1,2,1,1,4
194,189,192,192,14,14,13,13,5,-3,0,0,1,0,1,2,2,1,3,4
473,471,466,464,20,19,18,18,2,5,2,1,1,0,2,3,2,2,1,4
267,255,253,253,14,14,15,13,12,2,0,0,-1,2,1,1,2,1,3,4
550,543,543,543,21,19,20,21,7,0,0,2,-1,-1,0,2,1,1,1,4
307,302,300,297,14,14,13,13,5,2,3,0,1,0,1,2,2,3,2,4
752,750,754,752,13,14,15,13,2,-4,2,-1,-1,2,0,2,1,1,2,4
546,550,539,543,14,17,15,16,-4,11,-4,-3,2,-1,-2,2,2,1,1,4
1061,1061,1059,1059,13,14,15,16,0,2,0,-1,-1,-1,-3,2,2,3,3,4
548,548,541,546,18,17,18,18,0,7,-5,1,-1,0,0,1,1,2,2,4
492,492,487,485,18,17,18,16,0,5,2,1,-1,2,2,3,1,3,2,4
206,187,185,189,14,14,13,13,19,2,-4,0,1,0,1,3,1,2,2,4
953,902,902,900,13,14,15,13,51,0,2,-1,-1,2,0,2,2,2,1,4
782,782,778,775,14,14,13,13,0,4,3,0,1,0,1,1,1,1,2,4
632,628,628,628,20,19,21,19,4,0,0,1,-2,2,1,1,1,1,1,4
581,576,576,576,21,19,20,18,5,0,0,2,-1,2,3,1,1,1,1,4
524,513,515,515,14,14,13,13,11,-2,0,0,1,0,1,1,2,1,1,4
869,862,857,857,14,14,15,16,7,5,0,0,-1,-1,-2,2,3,1,1,4
681,674,670,674,20,19,20,21,7,4,-4,1,-1,-1,-1,2,1,3,1,4
839,839,839,834,14,17,15,16,0,0,5,-3,2,-1,-2,1,1,1,1,4
881,874,867,876,14,14,15,13,7,7,-9,0,-1,2,1,3,2,3,3,4
956,951,946,946,17,16,18,18,5,5,0,1,-2,0,-1,1,1,1,3,4
881,874,874,871,21,19,20,18,7,0,3,2,-1,2,3,1,2,2,1,4
698,752,698,698,20,19,20,18,-54,54,0,1,-1,2,2,3,2,1,1,4
1054,1052,1050,1050,13,14,12,13,2,2,0,-1,2,-1,0,1,2,1,1,4
914,911,909,909,14,14,13,13,3,2,0,0,1,0,1,1,2,3,1,4
487,482,485,482,18,19,18,19,5,-3,3,-1,1,-1,-1,3,1,2,1,4
1017,1014,1007,1012,13,14,12,13,3,7,-5,-1,2,-1,0,3,2,1,3,4
567,557,557,557,21,19,20,21,10,0,0,2,-1,-1,0,1,3,1,1,4
349,344,342,344,17,16,18,16,5,2,-2,1,-2,2,1,2,2,1,2,4
1026,1026,1019,1026,13,14,15,16,0,7,-7,-1,-1,-1,-3,3,3,2,1,4
1038,1036,1031,1026,13,16,15,16,2,5,5,-3,1,-1,-3,2,1,1,1,4
271,269,267,267,14,14,15,13,2,2,0,0,-1,2,1,1,2,1,1,4
1038,1038,1036,1036,20,19,20,21,0,2,0,1,-1,-1,-1,2,2,1,1,4
836,836,834,834,18,17,18,18,0,2,0,1,-1,0,0,2,2,3,1,4
189,187,187,185,14,17,15,16,2,0,2,-3,2,-1,-2,2,3,1,2,4
956,949,949,953,20,19,18,18,7,0,-4,1,1,0,2,1,2,2,2,4
255,248,243,246,18,19,18,18,7,5,-3,-1,1,0,0,2,1,1,2,4
208,208,201,203,14,14,15,13,0,7,-2,0,-1,2,1,2,2,1,2,4
210,208,206,208,21,19,20,21,2,2,-2,2,-1,-1,0,1,2,1,2,4
914,911,904,904,18,19,18,19,3,7,0,-1,1,-1,-1,1,2,1,1,4
267,260,255,248,18,19,18,18,7,5,7,-1,1,0,0,3,2,2,1,4
513,510,506,513,18,17,18,16,3,4,-7,1,-1,2,2,2,1,1,2,4
1007,1003,1003,1000,13,14,12,13,4,0,3,-1,2,-1,0,3,1,3,2,4
255,241,241,234,14,17,15,16,14,0,7,-3,2,-1,-2,2,2,2,3,4
335,325,323,325,13,17,15,16,10,2,-2,-4,2,-1,-3,2,2,1,2,4
820,813,806,810,18,19,18,19,7,7,-4,-1,1,-1,-1,3,2,1,3,4
597,590,586,581,18,19,18,19,7,4,5,-1,1,-1,-1,2,1,1,1,4
1064,1054,1054,1057,17,16,15,16,10,0,-3,1,1,-1,1,1,3,1,2,4
332,332,332,337,20,19,20,21,0,0,-5,1,-1,-1,-1,1,1,1,1,4
210,206,201,201,14,14,13,13,4,5,0,0,1,0,1,3,3,1,3,4
972,965,960,958,13,14,12,13,7,5,2,-1,2,-1,0,2,1,1,2,4
309,304,304,304,18,19,18,19,5,0,0,-1,1,-1,-1,3,1,1,1,4
452,445,445,445,17,16,18,16,7,0,0,1,-2,2,1,2,1,1,3,4
510,508,506,508,21,19,20,21,2,2,-2,2,-1,-1,0,1,2,1,2,4
775,775,768,771,20,19,18,18,0,7,-3,1,1,0,2,2,2,3,2,4
778,775,773,778,13,16,15,16,3,2,-5,-3,1,-1,-3,1,2,1,1,4
208,201,196,196,18,19,18,19,7,5,0,-1,1,-1,-1,2,1,3,1,4
944,939,937,937,17,16,18,18,5,2,0,1,-2,0,-1,2,2,1,1,4
356,351,346,346,17,16,18,18,5,5,0,1,-2,0,-1,1,1,1,1,4
644,642,642,642,20,19,18,18,2,0,0,1,1,0,2,2,3,1,1,4
836,829,824,824,18,19,18,19,7,5,0,-1,1,-1,-1,2,1,1,1,4
1047,1052,1050,1054,13,16,15,16,-5,2,-4,-3,1,-1,-3,2,2,1,1,4
1017,1014,1019,1021,17,16,15,16,3,-5,-2,1,1,-1,1,1,2,2,1,4
693,693,691,693,13,14,12,13,0,2,-2,-1,2,-1,0,3,1,2,1,4
693,689,686,691,13,14,15,13,4,3,-5,-1,-1,2,0,1,3,2,2,4
374,374,370,374,17,19,18,18,0,4,-4,-2,1,0,-1,1,1,3,1,4
541,536,529,527,14,14,13,13,5,7,2,0,1,0,1,2,2,1,2,4
684,686,682,679,20,19,20,21,-2,4,3,1,-1,-1,-1,1,2,2,1,4
900,895,895,895,14,17,15,16,5,0,0,-3,2,-1,-2,1,1,1,1,4
1014,1003,996,996,13,14,12,13,11,7,0,-1,2,-1,0,2,3,2,2,4
637,632,628,628,20,19,21,19,5,4,0,1,-2,2,1,3,1,1,1,4
935,925,925,928,13,14,15,13,10,0,-3,-1,-1,2,0,2,2,2,1,4
843,829,824,827,18,17,18,16,14,5,-3,1,-1,2,2,1,1,3,2,4
325,321,318,318,14,17,15,16,4,3,0,-3,2,-1,-2,2,2,3,1,4
187,182,185,185,18,19,18,19,5,-3,0,-1,1,-1,-1,1,1,2,2,4
1068,1064,1057,1066,17,16,18,18,4,7,-9,1,-2,0,-1,3,1,2,2,4
473,473,459,457,13,14,15,13,0,14,2,-1,-1,2,0,1,3,1,2,4
335,321,323,323,13,14,15,13,14,-2,0,-1,-1,2,0,2,2,1,3,4
417,412,410,412,13,14,15,13,5,2,-2,-1,-1,2,0,1,3,2,1,4
309,300,278,302,14,17,15,16,9,22,-24,-3,2,-1,-2,3,1,2,2,4
243,243,241,243,18,19,18,18,0,2,-2,-1,1,0,0,3,3,2,1,4
246,243,241,241,14,17,15,16,3,2,0,-3,2,-1,-2,2,1,2,2,4
719,703,703,703,13,14,15,13,16,0,0,-1,-1,2,0,2,3,1,1,4
663,665,665,670,20,19,20,21,-2,0,-5,1,-1,-1,-1,2,1,1,1,4
454,454,447,445,17,16,18,16,0,7,2,1,-2,2,1,3,1,2,1,4
220,220,215,210,14,14,13,13,0,5,5,0,1,0,1,1,1,1,3,4
199,192,194,194,21,19,21,19,7,-2,0,2,-2,2,2,2,1,2,2,4
703,700,703,700,13,14,15,13,3,-3,3,-1,-1,2,0,1,2,3,2,4
199,196,192,192,14,14,15,16,3,4,0,0,-1,-1,-2,2,3,1,1,4
426,426,421,426,20,19,20,21,0,5,-5,1,-1,-1,-1,3,3,1,1,4
524,517,517,510,21,19,20,19,7,0,7,2,-1,1,2,1,2,2,1,4
182,1073,1078,1078,14,16,15,16,-891,-5,0,-2,1,-1,-2,1,3,1,1,4
639,632,632,637,20,19,18,18,7,0,-5,1,1,0,2,2,1,1,1,4
196,189,187,187,14,17,15,16,7,2,0,-3,2,-1,-2,3,2,1,1,4
660,660,660,660,13,14,12,13,0,0,0,-1,2,-1,0,3,1,3,1,4
862,864,850,857,14,17,15,16,-2,14,-7,-3,2,-1,-2,1,2,2,1,4
264,262,260,260,14,17,15,16,2,2,0,-3,2,-1,-2,2,3,2,2,4
967,965,965,967,20,19,20,18,2,0,-2,1,-1,2,2,2,3,1,2,4
993,993,984,986,13,14,15,13,0,9,-2,-1,-1,2,0,3,3,3,2,4
616,611,602,609,14,14,15,16,5,9,-7,0,-1,-1,-2,2,2,2,1,4
274,271,267,267,21,19,20,21,3,4,0,2,-1,-1,0,2,3,1,1,4
745,736,733,736,20,19,20,18,9,3,-3,1,-1,2,2,1,3,2,1,4
764,761,759,761,13,14,15,16,3,2,-2,-1,-1,-1,-3,1,2,1,2,4
349,346,346,344,13,14,15,13,3,0,2,-1,-1,2,0,2,1,1,2,4
342,332,339,351,13,14,15,16,10,-7,-12,-1,-1,-1,-3,1,1,2,1,4
398,391,393,396,20,19,20,21,7,-2,-3,1,-1,-1,-1,1,2,1,2,4
869,857,853,857,14,14,15,13,12,4,-4,0,-1,2,1,2,3,1,3,4
651,646,656,656,17,16,18,18,5,-10,0,1,-2,0,-1,3,3,1,1,4
276,271,269,269,18,17,18,18,5,2,0,1,-1,0,0,3,3,2,2,4
672,670,665,667,20,19,20,21,2,5,-2,1,-1,-1,-1,2,1,1,2,4
440,438,436,433,13,14,15,13,2,2,3,-1,-1,2,0,3,2,1,2,4
196,192,194,192,21,19,21,19,4,-2,2,2,-2,2,2,1,1,2,1,4
806,796,792,796,14,14,15,13,10,4,-4,0,-1,2,1,3,3,1,1,4
731,719,707,703,13,14,12,13,12,12,4,-1,2,-1,0,3,2,1,3,4
1010,1005,1003,1007,17,19,18,16,5,2,-4,-2,1,2,1,2,2,3,1,4
1054,1054,1054,1054,20,19,18,18,0,0,0,1,1,0,2,1,3,1,1,4
407,407,403,403,17,19,18,18,0,4,0,-2,1,0,-1,1,3,1,1,4
513,508,506,508,18,19,18,19,5,2,-2,-1,1,-1,-1,2,2,1,2,4
888,876,874,876,14,14,13,13,12,2,-2,0,1,0,1,2,1,2,1,4
864,862,857,857,21,19,20,21,2,5,0,2,-1,-1,0,2,1,1,3,4
1021,1007,1021,1021,20,19,20,18,14,-14,0,1,-1,2,2,1,1,1,1,4
792,792,787,787,21,19,21,21,0,5,0,2,-2,0,0,1,1,1,1,4
248,239,234,234,18,19,18,18,9,5,0,-1,1,0,0,1,1,1,1,4
217,215,210,210,18,17,18,19,2,5,0,1,-1,-1,-1,2,3,1,1,4
459,459,450,450,13,14,12,13,0,9,0,-1,2,-1,0,1,1,1,3,4
686,686,682,679,20,19,18,18,0,4,3,1,1,0,2,2,2,2,1,4
958,953,956,956,17,16,18,16,5,-3,0,1,-2,2,1,2,2,1,1,4
569,569,571,567,21,19,20,21,0,-2,4,2,-1,-1,0,2,2,1,1,4
1038,1031,1033,1036,17,16,18,18,7,-2,-3,1,-2,0,-1,2,1,2,1,4
731,731,724,724,13,14,12,13,0,7,0,-1,2,-1,0,3,3,2,2,4
389,382,379,379,17,16,18,18,7,3,0,1,-2,0,-1,1,2,3,1,4
1031,1026,1021,1024,13,14,12,13,5,5,-3,-1,2,-1,0,1,1,1,2,4
743,736,740,738,20,19,20,18,7,-4,2,1,-1,2,2,2,3,1,2,4
1073,1066,1059,1057,17,16,15,16,7,7,2,1,1,-1,1,3,2,1,2,4
339,337,339,339,17,16,15,16,2,-2,0,1,1,-1,1,2,1,2,2,4
360,353,356,351,17,16,18,18,7,-3,5,1,-2,0,-1,1,2,3,1,4
829,815,806,806,18,17,15,16,14,9,0,1,2,-1,2,3,1,3,1,4
239,234,232,232,18,17,18,19,5,2,0,1,-1,-1,-1,1,1,2,2,4
440,440,436,436,20,19,20,18,0,4,0,1,-1,2,2,1,3,1,1,4
967,963,965,965,20,19,20,21,4,-2,0,1,-1,-1,-1,2,2,1,1,4
487,482,478,478,21,19,20,21,5,4,0,2,-1,-1,0,1,1,1,1,4
316,307,300,304,14,17,15,16,9,7,-4,-3,2,-1,-2,2,2,1,1,4
853,853,853,853,21,19,20,21,0,0,0,2,-1,-1,0,1,1,1,3,4
426,419,412,412,13,14,12,13,7,7,0,-1,2,-1,0,3,2,3,1,4
625,623,618,621,14,14,13,13,2,5,-3,0,1,0,1,2,1,1,2,4
817,810,808,808,14,14,15,13,7,2,0,0,-1,2,1,2,1,2,2,4
813,806,806,806,21,19,20,21,7,0,0,2,-1,-1,0,2,1,1,3,4
543,536,534,529,14,14,15,13,7,2,5,0,-1,2,1,1,2,3,1,4
1045,1038,1045,1043,13,14,15,13,7,-7,2,-1,-1,2,0,3,2,1,2,4
803,794,792,789,14,14,15,16,9,2,3,0,-1,-1,-2,2,2,1,2,4
871,867,864,864,14,14,15,13,4,3,0,0,-1,2,1,3,1,2,2,4
843,843,839,839,18,19,18,18,0,4,0,-1,1,0,0,3,1,1,1,4
325,321,323,325,14,17,15,16,4,-2,-2,-3,2,-1,-2,2,2,3,2,4
710,707,703,698,20,19,20,21,3,4,5,1,-1,-1,-1,2,3,1,1,4
893,886,881,881,18,17,18,19,7,5,0,1,-1,-1,-1,2,3,1,3,4
189,185,182,182,21,19,21,19,4,3,0,2,-2,2,2,2,2,1,1,4
625,625,621,623,18,19,18,19,0,4,-2,-1,1,-1,-1,2,2,2,1,4
487,471,464,461,14,14,15,13,16,7,3,0,-1,2,1,1,2,3,2,4
991,979,974,970,20,19,20,21,12,5,4,1,-1,-1,-1,2,1,1,1,4
335,328,325,323,17,17,15,16,7,3,2,0,2,-1,1,2,1,2,1,4
234,236,234,234,18,19,18,18,-2,2,0,-1,1,0,0,1,2,3,1,4
792,747,745,743,14,16,15,16,45,2,2,-2,1,-1,-2,3,2,3,2,4
625,623,625,621,18,19,18,19,2,-2,4,-1,1,-1,-1,2,1,2,2,4
937,935,935,937,13,16,15,16,2,0,-2,-3,1,-1,-3,1,2,2,1,4
543,529,532,534,21,19,20,21,14,-3,-2,2,-1,-1,0,1,1,2,1,4
440,438,436,433,17,16,15,16,2,2,3,1,1,-1,1,1,2,1,2,4
1029,1024,1017,1014,20,19,20,18,5,7,3,1,-1,2,2,2,2,3,2,4
328,323,321,318,14,14,15,13,5,2,3,0,-1,2,1,1,3,2,1,4
560,560,553,553,21,19,20,18,0,7,0,2,-1,2,3,2,2,1,1,4
365,356,356,360,17,16,18,16,9,0,-4,1,-2,2,1,1,1,1,3,4
581,586,581,581,14,14,15,13,-5,5,0,0,-1,2,1,1,3,1,1,4
323,314,311,314,18,17,18,16,9,3,-3,1,-1,2,2,1,1,2,1,4
304,307,302,300,18,17,18,19,-3,5,2,1,-1,-1,-1,1,2,2,1,4
1026,1021,1014,1017,20,19,20,18,5,7,-3,1,-1,2,2,1,1,2,1,4
182,1075,1066,1068,14,14,12,13,-893,9,-2,0,2,-1,1,1,2,2,1,4
871,867,867,862,14,17,15,16,4,0,5,-3,2,-1,-2,1,3,1,1,4
1017,1010,1005,1010,13,14,15,13,7,5,-5,-1,-1,2,0,1,2,2,2,4
436,436,433,431,17,16,15,16,0,3,2,1,1,-1,1,3,1,2,3,4
417,417,412,410,20,19,20,18,0,5,2,1,-1,2,2,1,1,1,2,4
1050,1050,1045,1047,20,19,20,21,0,5,-2,1,-1,-1,-1,1,1,1,2,4
276,271,264,267,18,17,18,18,5,7,-3,1,-1,0,0,1,3,2,1,4
1024,1017,1019,1019,17,16,18,18,7,-2,0,1,-2,0,-1,2,1,2,2,4
588,581,581,581,14,14,13,13,7,0,0,0,1,0,1,2,1,1,1,4
243,239,239,243,21,19,20,21,4,0,-4,2,-1,-1,0,3,1,1,1,4
520,510,510,510,21,19,20,21,10,0,0,2,-1,-1,0,1,1,1,3,4
808,806,806,803,18,19,18,19,2,0,3,-1,1,-1,-1,2,1,1,2,4
234,227,227,229,14,17,15,16,7,0,-2,-3,2,-1,-2,1,2,2,1,4
867,860,857,855,14,17,15,16,7,3,2,-3,2,-1,-2,1,2,3,2,4
276,278,274,271,14,17,15,16,-2,4,3,-3,2,-1,-2,1,2,2,1,4
1054,1071,1068,1073,17,16,18,16,-17,3,-5,1,-2,2,1,3,2,1,1,4
215,215,213,213,18,17,18,19,0,2,0,1,-1,-1,-1,1,1,2,2,4
1066,1057,1050,1050,17,16,18,16,9,7,0,1,-2,2,1,2,2,1,1,4
684,611,611,611,13,14,15,16,73,0,0,-1,-1,-1,-3,3,2,2,2,4
222,210,196,199,14,14,15,13,12,14,-3,0,-1,2,1,2,3,1,2,4
729,724,717,721,13,14,12,13,5,7,-4,-1,2,-1,0,2,2,1,3,4
192,196,196,192,21,19,21,21,-4,0,4,2,-2,0,0,3,1,1,3,4
492,489,485,485,21,19,21,21,3,4,0,2,-2,0,0,3,2,2,2,4
750,754,747,747,20,19,20,21,-4,7,0,1,-1,-1,-1,1,1,2,2,4
522,527,517,524,14,17,15,16,-5,10,-7,-3,2,-1,-2,2,2,2,1,4
215,210,215,210,14,14,13,13,5,-5,5,0,1,0,1,1,3,1,1,4
646,644,646,646,20,19,20,21,2,-2,0,1,-1,-1,-1,3,2,1,1,4
712,710,707,707,17,16,15,16,2,3,0,1,1,-1,1,1,2,1,1,4
215,203,201,199,21,19,21,21,12,2,2,2,-2,0,0,1,2,1,2,4
546,534,539,539,18,19,18,18,12,-5,0,-1,1,0,0,2,3,1,1,4
848,839,841,841,14,17,15,16,9,-2,0,-3,2,-1,-2,3,1,2,2,4
1036,1021,1021,1021,17,16,18,16,15,0,0,1,-2,2,1,1,1,1,1,4
506,496,499,496,14,17,15,16,10,-3,3,-3,2,-1,-2,1,3,2,1,4
1026,1028,1026,1026,17,19,18,18,-2,2,0,-2,1,0,-1,1,2,1,1,4
586,578,576,574,14,14,13,13,8,2,2,0,1,0,1,3,2,1,2,4
759,752,747,750,13,16,15,16,7,5,-3,-3,1,-1,-3,1,2,2,1,4
1040,1031,1031,1031,17,16,15,16,9,0,0,1,1,-1,1,1,1,1,1,4
1026,1026,1017,1019,13,14,15,16,0,9,-2,-1,-1,-1,-3,1,1,3,2,4
883,876,874,878,14,17,15,16,7,2,-4,-3,2,-1,-2,2,3,2,2,4
970,967,960,963,17,19,18,18,3,7,-3,-2,1,0,-1,1,2,3,2,4
1007,1003,1000,1000,20,19,20,21,4,3,0,1,-1,-1,-1,3,1,2,2,4
860,855,850,853,14,19,15,16,5,5,-3,-5,4,-1,-2,2,2,2,1,4
1014,1005,1007,1003,13,14,15,16,9,-2,4,-1,-1,-1,-3,2,2,1,1,4
567,560,557,557,18,17,18,18,7,3,0,1,-1,0,0,1,2,1,1,4
445,443,440,438,20,19,18,18,2,3,2,1,1,0,2,1,2,1,2,4
412,410,403,403,13,14,12,13,2,7,0,-1,2,-1,0,3,2,1,1,4
951,949,942,937,13,14,15,16,2,7,5,-1,-1,-1,-3,3,2,1,3,4
475,473,468,471,13,14,15,13,2,5,-3,-1,-1,2,0,2,1,1,2,4
970,970,967,970,17,19,18,18,0,3,-3,-2,1,0,-1,3,1,2,3,4
635,623,623,625,13,14,15,13,12,0,-2,-1,-1,2,0,2,1,1,2,4
752,750,750,750,17,16,18,16,2,0,0,1,-2,2,1,2,1,1,1,4
595,583,586,586,14,14,15,13,12,-3,0,0,-1,2,1,3,2,1,3,4
834,834,829,834,18,17,18,18,0,5,-5,1,-1,0,0,1,3,1,1,4
876,871,871,874,14,14,13,13,5,0,-3,0,1,0,1,1,3,3,2,4
276,262,255,260,14,14,15,13,14,7,-5,0,-1,2,1,1,3,2,2,4
524,524,522,524,14,14,15,13,0,2,-2,0,-1,2,1,1,3,2,1,4
236,229,227,224,18,19,18,19,7,2,3,-1,1,-1,-1,2,1,2,1,4
937,937,935,937,17,19,18,18,0,2,-2,-2,1,0,-1,3,1,2,1,4
314,309,309,309,18,19,18,19,5,0,0,-1,1,-1,-1,3,3,1,1,4
597,590,588,588,14,17,15,16,7,2,0,-3,2,-1,-2,2,1,2,2,4
1059,1061,1059,1061,13,14,12,13,-2,2,-2,-1,2,-1,0,1,2,1,2,4
316,307,309,309,21,19,21,21,9,-2,0,2,-2,0,0,2,2,1,1,4
468,468,464,464,17,16,18,16,0,4,0,1,-2,2,1,1,1,1,3,4
1017,1014,1012,1014,20,19,20,18,3,2,-2,1,-1,2,2,1,2,1,2,4
731,731,726,721,20,19,18,18,0,5,5,1,1,0,2,1,1,3,1,4
295,286,283,286,14,14,13,13,9,3,-3,0,1,0,1,3,3,2,1,4
839,829,817,820,14,14,15,13,10,12,-3,0,-1,2,1,3,3,2,1,4
543,539,539,543,21,19,20,21,4,0,-4,2,-1,-1,0,1,1,1,1,4
1045,1045,1045,1043,20,19,20,18,0,0,2,1,-1,2,2,1,3,1,2,4
377,372,367,370,13,14,12,13,5,5,-3,-1,2,-1,0,2,2,2,1,4
1007,1003,1000,1010,13,14,15,13,4,3,-10,-1,-1,2,0,1,3,2,2,4
986,982,979,974,20,19,18,18,4,3,5,1,1,0,2,2,2,1,1,4
271,264,274,281,18,19,18,19,7,-10,-7,-1,1,-1,-1,1,2,2,1,4
515,515,506,508,14,14,15,13,0,9,-2,0,-1,2,1,1,3,1,2,4
234,232,232,229,18,17,18,16,2,0,3,1,-1,2,2,1,2,2,1,4
867,862,853,855,18,19,18,21,5,9,-2,-1,1,-3,-3,3,1,3,2,4
700,698,691,693,20,19,20,21,2,7,-2,1,-1,-1,-1,2,1,2,1,4
276,271,267,264,21,19,20,18,5,4,3,2,-1,2,3,1,1,1,2,4
201,196,192,192,18,19,18,19,5,4,0,-1,1,-1,-1,1,1,1,1,4
370,370,363,367,17,16,18,16,0,7,-4,1,-2,2,1,1,1,2,2,4
1068,1061,1059,1059,17,16,15,16,7,2,0,1,1,-1,1,3,2,3,1,4
215,210,208,213,14,17,15,16,5,2,-5,-3,2,-1,-2,1,1,2,2,4
829,820,810,813,14,14,13,13,9,10,-3,0,1,0,1,1,1,3,2,4
1012,1007,1003,1010,13,14,15,13,5,4,-7,-1,-1,2,0,1,1,1,2,4
991,989,984,979,17,16,18,18,2,5,5,1,-2,0,-1,2,1,1,3,4
562,562,557,560,21,19,20,21,0,5,-3,2,-1,-1,0,3,1,1,2,4
801,796,799,796,21,19,21,21,5,-3,3,2,-2,0,0,1,1,2,1,4
457,454,457,454,17,16,18,18,3,-3,3,1,-2,0,-1,2,1,2,1,4
768,771,766,764,20,19,20,21,-3,5,2,1,-1,-1,-1,1,2,2,1,4
1019,1021,1012,1012,20,19,18,18,-2,9,0,1,1,0,2,2,1,1,1,4
201,199,199,199,18,19,21,19,2,0,0,-1,-2,2,-1,3,2,2,2,4
871,864,867,871,21,19,20,21,7,-3,-4,2,-1,-1,0,3,2,1,1,4
215,194,192,189,14,14,13,13,21,2,3,0,1,0,1,1,2,1,2,4
290,290,288,290,21,19,20,19,0,2,-2,2,-1,1,2,1,1,2,1,4
635,632,635,637,20,19,20,21,3,-3,-2,1,-1,-1,-1,2,1,2,1,4
231,224,220,227,18,17,18,16,7,4,-7,1,-1,2,2,2,3,1,2,4
1000,993,989,989,20,19,20,21,7,4,0,1,-1,-1,-1,2,1,1,1,4
363,363,360,360,20,19,20,21,0,3,0,1,-1,-1,-1,2,2,1,3,4
970,970,967,970,17,19,18,18,0,3,-3,-2,1,0,-1,1,3,2,1,4
881,869,864,864,18,19,18,18,12,5,0,-1,1,0,0,1,2,2,2,4
300,288,290,290,18,17,18,19,12,-2,0,1,-1,-1,-1,3,2,1,1,4
201,201,201,201,14,14,13,13,0,0,0,0,1,0,1,1,1,3,3,4
494,492,485,485,14,14,13,13,2,7,0,0,1,0,1,2,3,2,2,4
684,684,684,684,20,19,18,18,0,0,0,1,1,0,2,3,1,1,1,4
1040,1036,1045,1052,17,16,18,16,4,-9,-7,1,-2,2,1,3,1,3,2,4
391,386,384,384,17,16,15,16,5,2,0,1,1,-1,1,2,2,1,1,4
239,236,234,232,21,19,20,19,3,2,2,2,-1,1,2,1,2,1,2,4
665,665,670,665,20,19,20,18,0,-5,5,1,-1,2,2,1,1,1,1,4
717,719,712,717,13,16,15,16,-2,7,-5,-3,1,-1,-3,1,2,3,1,4
900,897,900,909,21,19,20,21,3,-3,-9,2,-1,-1,0,1,2,1,1,4
492,487,489,482,18,19,18,19,5,-2,7,-1,1,-1,-1,3,3,2,1,4
738,731,731,731,20,19,20,21,7,0,0,1,-1,-1,-1,2,1,1,1,4
731,726,721,721,13,14,12,13,5,5,0,-1,2,-1,0,3,3,1,3,4
407,400,403,403,17,19,18,18,7,-3,0,-2,1,0,-1,3,2,1,1,4
328,325,325,323,21,19,21,19,3,0,2,2,-2,2,2,1,2,2,1,4
888,883,881,881,14,14,13,13,5,2,0,0,1,0,1,2,2,3,1,4
414,410,403,403,13,14,15,13,4,7,0,-1,-1,2,0,2,2,1,1,4
787,785,787,787,14,17,15,16,2,-2,0,-3,2,-1,-2,1,2,1,1,4
909,902,897,890,14,14,15,13,7,5,7,0,-1,2,1,1,2,2,3,4
653,651,653,651,20,19,20,18,2,-2,2,1,-1,2,2,2,3,2,1,4
935,942,928,928,13,14,15,16,-7,14,0,-1,-1,-1,-3,2,3,1,1,4
839,836,834,834,14,17,15,16,3,2,0,-3,2,-1,-2,1,2,1,1,4
1059,1057,1054,1057,13,14,12,13,2,3,-3,-1,2,-1,0,1,2,3,2,4
557,553,543,543,14,14,13,13,4,10,0,0,1,0,1,3,1,3,1,4
979,974,977,977,20,19,18,18,5,-3,0,1,1,0,2,3,3,2,2,4
665,665,674,667,17,16,15,16,0,-9,7,1,1,-1,1,3,1,1,2,4
586,581,576,576,14,17,15,16,5,5,0,-3,2,-1,-2,1,1,3,3,4
445,440,440,438,13,14,12,13,5,0,2,-1,2,-1,0,3,3,1,2,4
1059,1057,1054,1052,17,16,15,16,2,3,2,1,1,-1,1,1,2,1,2,4
293,286,283,281,18,19,18,19,7,3,2,-1,1,-1,-1,2,1,2,1,4
771,773,771,773,20,19,20,21,-2,2,-2,1,-1,-1,-1,2,1,2,1,4
886,888,886,886,21,19,20,21,-2,2,0,2,-1,-1,0,3,2,1,1,4
309,295,293,297,14,14,13,13,14,2,-4,0,1,0,1,1,3,2,2,4
998,998,993,993,13,14,15,16,0,5,0,-1,-1,-1,-3,1,3,1,1,4
785,782,785,782,14,17,15,16,3,-3,3,-3,2,-1,-2,2,1,2,1,4
963,960,953,956,13,14,12,13,3,7,-3,-1,2,-1,0,2,3,2,3,4
698,696,698,698,17,19,18,18,2,-2,0,-2,1,0,-1,1,2,1,1,4
567,557,557,557,18,19,18,18,10,0,0,-1,1,0,0,1,1,3,1,4
841,839,839,839,14,17,15,16,2,0,0,-3,2,-1,-2,2,1,1,1,4
271,267,267,267,14,14,13,13,4,0,0,0,1,0,1,1,1,1,3,4
231,239,234,229,18,17,18,19,-8,5,5,1,-1,-1,-1,2,3,1,1,4
719,719,719,717,13,14,12,13,0,0,2,-1,2,-1,0,2,2,2,1,4
637,642,635,637,20,19,20,21,-5,7,-2,1,-1,-1,-1,1,1,2,1,4
323,323,318,321,14,14,13,13,0,5,-3,0,1,0,1,3,1,1,2,4
928,925,923,923,14,14,13,13,3,2,0,0,1,0,1,1,2,1,1,4
806,796,794,794,14,17,15,16,10,2,0,-3,2,-1,-2,1,1,2,2,4
574,569,569,550,18,19,18,18,5,0,19,-1,1,0,0,2,2,2,2,4
246,239,239,236,18,17,18,18,7,0,3,1,-1,0,0,2,1,1,2,4
562,557,557,553,14,17,15,16,5,0,4,-3,2,-1,-2,3,3,1,1,4
489,487,475,475,14,17,15,16,2,12,0,-3,2,-1,-2,2,1,2,2,4
895,893,886,890,21,19,20,19,2,7,-4,2,-1,1,2,1,2,1,1,4
464,466,454,482,17,16,15,16,-2,12,-28,1,1,-1,1,1,2,1,1,4
768,768,761,761,13,14,12,13,0,7,0,-1,2,-1,0,1,3,2,2,4
703,696,689,689,17,16,18,16,7,7,0,1,-2,2,1,1,2,1,3,4
262,257,248,250,14,17,15,16,5,9,-2,-3,2,-1,-2,3,3,1,2,4
817,813,806,810,21,19,20,21,4,7,-4,2,-1,-1,0,2,2,1,1,4
304,293,286,295,14,17,15,16,11,7,-9,-3,2,-1,-2,1,2,1,1,4
234,227,229,224,14,14,15,13,7,-2,5,0,-1,2,1,1,2,3,1,4
637,642,635,637,17,16,15,16,-5,7,-2,1,1,-1,1,1,1,2,1,4
937,939,932,932,13,14,13,13,-2,7,0,-1,1,0,0,3,2,1,1,4
189,187,182,182,21,19,21,21,2,5,0,2,-2,0,0,2,1,1,1,4
867,862,846,857,18,19,18,18,5,16,-11,-1,1,0,0,1,1,2,1,4
829,827,822,822,18,17,18,19,2,5,0,1,-1,-1,-1,1,2,2,2,4
778,773,773,773,20,19,20,18,5,0,0,1,-1,2,2,1,3,1,1,4
571,555,550,548,14,14,15,13,16,5,2,0,-1,2,1,3,2,2,3,4
335,325,328,323,13,14,13,13,10,-3,5,-1,1,0,0,2,2,1,1,4
1050,1043,1045,1045,20,19,18,18,7,-2,0,1,1,0,2,1,2,1,1,4
473,475,473,471,13,14,15,13,-2,2,2,-1,-1,2,0,1,2,1,2,4
639,632,623,623,13,14,13,13,7,9,0,-1,1,0,0,2,1,1,3,4
590,581,583,581,14,14,13,13,9,-2,2,0,1,0,1,3,1,2,3,4
956,956,951,953,20,19,18,18,0,5,-2,1,1,0,2,1,1,1,2,4
787,778,773,778,21,19,20,21,9,5,-5,2,-1,-1,0,1,1,1,1,4
698,693,693,696,20,19,18,18,5,0,-3,1,1,0,2,1,3,1,2,4
820,815,813,810,14,14,15,13,5,2,3,0,-1,2,1,1,3,2,1,4
543,534,527,529,14,14,13,13,9,7,-2,0,1,0,1,3,3,2,1,4
1010,1010,1000,1007,20,19,18,18,0,10,-7,1,1,0,2,2,2,2,3,4
981,979,979,984,13,16,15,16,2,0,-5,-3,1,-1,-3,2,1,3,3,4
705,700,689,698,13,14,12,13,5,11,-9,-1,2,-1,0,2,2,1,1,4
482,485,478,475,14,14,15,13,-3,7,3,0,-1,2,1,1,2,1,2,4
222,222,220,215,18,19,18,19,0,2,5,-1,1,-1,-1,2,2,3,1,4
663,670,658,656,20,19,20,21,-7,12,2,1,-1,-1,-1,2,1,2,3,4
356,356,351,353,17,16,18,18,0,5,-2,1,-2,0,-1,1,1,3,2,4
548,541,543,541,18,19,18,18,7,-2,2,-1,1,0,0,1,2,1,2,4
1059,1061,1054,1054,13,16,15,16,-2,7,0,-3,1,-1,-3,1,2,1,1,4
220,213,210,210,21,19,20,19,7,3,0,2,-1,1,2,1,2,1,1,4
246,246,243,246,14,17,15,16,0,3,-3,-3,2,-1,-2,2,2,1,2,4
618,616,616,618,18,19,18,19,2,0,-2,-1,1,-1,-1,3,2,2,1,4
714,710,707,707,17,16,18,18,4,3,0,1,-2,0,-1,2,2,1,1,4
998,998,998,998,13,14,12,13,0,0,0,-1,2,-1,0,1,1,1,1,4
1050,1050,1045,1043,17,16,18,16,0,5,2,1,-2,2,1,3,1,1,2,4
965,960,956,958,17,16,18,18,5,4,-2,1,-2,0,-1,1,3,1,2,4
750,747,743,745,13,14,12,13,3,4,-2,-1,2,-1,0,1,2,2,1,4
1068,1068,1061,1064,20,19,20,21,0,7,-3,1,-1,-1,-1,1,1,2,1,4
890,890,890,890,14,14,13,13,0,0,0,0,1,0,1,1,3,1,1,4
356,353,351,349,13,14,12,13,3,2,2,-1,2,-1,0,3,2,1,2,4
1007,1003,1000,1003,13,14,12,13,4,3,-3,-1,2,-1,0,1,3,2,1,4
979,974,979,984,17,16,15,16,5,-5,-5,1,1,-1,1,1,1,1,1,4
609,597,597,595,18,19,18,19,12,0,2,-1,1,-1,-1,3,2,2,1,4
309,304,309,304,14,14,15,13,5,-5,5,0,-1,2,1,1,1,1,1,4
764,759,754,757,13,16,15,16,5,5,-3,-3,1,-1,-3,1,1,1,2,4
269,262,257,255,18,17,18,16,7,5,2,1,-1,2,2,2,1,1,2,4
719,721,719,717,13,14,15,13,-2,2,2,-1,-1,2,0,2,3,2,1,4
379,379,374,374,13,14,12,13,0,5,0,-1,2,-1,0,3,1,1,3,4
351,342,339,337,13,14,15,13,9,3,2,-1,-1,2,0,1,1,2,3,4
332,325,328,328,13,14,13,13,7,-3,0,-1,1,0,0,1,2,1,1,4
691,689,689,689,20,19,20,18,2,0,0,1,-1,2,2,2,3,1,1,4
332,332,339,332,13,14,12,13,0,-7,7,-1,2,-1,0,1,1,2,1,4
743,743,738,740,17,16,18,18,0,5,-2,1,-2,0,-1,2,2,2,1,4
365,370,356,363,13,14,15,13,-5,14,-7,-1,-1,2,0,1,1,3,2,4
335,325,328,325,20,19,21,19,10,-3,3,1,-2,2,1,2,2,1,2,4
815,813,813,810,18,17,18,19,2,0,3,1,-1,-1,-1,3,2,2,1,4
192,182,185,189,14,14,13,13,10,-3,-4,0,1,0,1,1,1,2,2,4
639,637,628,628,17,16,15,16,2,9,0,1,1,-1,1,2,3,1,1,4
656,651,651,649,17,16,15,16,5,0,2,1,1,-1,1,3,3,1,2,4
309,304,300,295,18,19,18,19,5,4,5,-1,1,-1,-1,1,3,1,1,4
557,555,555,553,18,19,18,18,2,0,2,-1,1,0,0,3,2,2,1,4
1066,1068,1064,1064,13,16,15,16,-2,4,0,-3,1,-1,-3,2,1,1,1,4
304,290,281,278,14,14,15,13,14,9,3,0,-1,2,1,1,3,3,2,4
937,925,923,923,13,14,15,13,12,2,0,-1,-1,2,0,1,2,3,1,4
595,595,590,590,18,17,18,16,0,5,0,1,-1,2,2,1,3,1,1,4
325,321,314,318,21,19,21,19,4,7,-4,2,-2,2,2,2,2,1,1,4
508,501,501,499,18,17,18,16,7,0,2,1,-1,2,2,2,1,1,2,4
733,738,733,740,20,19,20,21,-5,5,-7,1,-1,-1,-1,2,2,2,1,4
600,588,581,583,14,14,13,13,12,7,-2,0,1,0,1,1,2,1,2,4
1064,1064,1061,1064,20,19,20,21,0,3,-3,1,-1,-1,-1,1,1,2,3,4
562,553,553,553,18,17,18,18,9,0,0,1,-1,0,0,3,1,1,1,4
611,604,602,604,18,19,18,19,7,2,-2,-1,1,-1,-1,2,3,2,1,4
625,621,621,614,18,19,18,19,4,0,7,-1,1,-1,-1,2,2,2,1,4
192,187,185,182,14,14,15,13,5,2,3,0,-1,2,1,1,1,2,1,4
499,499,492,492,14,17,15,16,0,7,0,-3,2,-1,-2,2,2,1,3,4
890,886,883,874,14,14,13,13,4,3,9,0,1,0,1,1,1,2,2,4
213,210,206,203,18,19,18,19,3,4,3,-1,1,-1,-1,2,1,3,2,4
185,185,185,189,18,19,18,19,0,0,-4,-1,1,-1,-1,2,2,2,2,4
529,520,520,520,18,19,18,19,9,0,0,-1,1,-1,-1,1,1,1,1,4
421,414,412,412,17,16,15,16,7,2,0,1,1,-1,1,1,2,1,3,4
417,417,412,412,20,19,20,21,0,5,0,1,-1,-1,-1,3,3,1,3,4
998,996,993,993,17,16,18,18,2,3,0,1,-2,0,-1,1,2,1,1,4
410,410,407,412,20,19,20,18,0,3,-5,1,-1,2,2,2,2,1,1,4
283,278,271,269,14,14,15,13,5,7,2,0,-1,2,1,2,2,1,2,4
977,977,974,974,17,16,18,16,0,3,0,1,-2,2,1,2,2,1,1,4
831,801,799,801,14,14,15,13,30,2,-2,0,-1,2,1,2,3,2,1,4
960,956,956,956,20,19,20,21,4,0,0,1,-1,-1,-1,3,1,1,3,4
562,548,541,543,14,14,13,13,14,7,-2,0,1,0,1,1,1,2,1,4
304,297,297,290,18,17,18,19,7,0,7,1,-1,-1,-1,1,2,2,1,4
553,550,543,543,21,19,20,21,3,7,0,2,-1,-1,0,1,2,1,1,4
482,487,487,487,14,17,15,16,-5,0,0,-3,2,-1,-2,1,1,1,1,4
567,560,557,557,18,19,18,18,7,3,0,-1,1,0,0,1,2,1,1,4
967,960,963,963,20,19,20,18,7,-3,0,1,-1,2,2,2,3,2,2,4
970,965,958,956,13,14,15,13,5,7,2,-1,-1,2,0,3,3,2,1,4
300,297,293,290,14,14,13,13,3,4,3,0,1,0,1,1,2,2,1,4
550,546,543,546,14,14,13,13,4,3,-3,0,1,0,1,2,2,1,2,4
450,450,450,450,17,19,18,18,0,0,0,-2,1,0,-1,1,3,3,1,4
717,707,705,707,17,16,18,18,10,2,-2,1,-2,0,-1,3,1,2,3,4
459,457,454,457,13,14,12,13,2,3,-3,-1,2,-1,0,1,2,1,2,4
857,857,850,853,14,17,15,16,0,7,-3,-3,2,-1,-2,3,3,2,1,4
309,307,297,300,14,14,15,13,2,10,-3,0,-1,2,1,1,2,2,1,4
527,524,522,524,18,19,18,19,3,2,-2,-1,1,-1,-1,2,1,2,1,4
979,979,970,972,13,14,12,13,0,9,-2,-1,2,-1,0,3,3,3,2,4
642,642,639,637,20,19,20,18,0,3,2,1,-1,2,2,1,1,2,1,4
531,527,524,527,14,14,13,13,4,3,-3,0,1,0,1,2,2,3,2,4
965,965,963,960,17,16,18,16,0,2,3,1,-2,2,1,1,3,2,1,4
925,921,914,916,18,19,18,19,4,7,-2,-1,1,-1,-1,2,2,3,2,4
813,806,792,794,14,17,15,16,7,14,-2,-3,2,-1,-2,2,1,1,2,4
869,869,862,864,14,14,15,13,0,7,-2,0,-1,2,1,2,2,1,2,4
853,846,846,846,21,19,20,21,7,0,0,2,-1,-1,0,3,2,2,2,4
824,824,822,824,18,19,18,19,0,2,-2,-1,1,-1,-1,3,1,2,1,4
907,893,883,881,14,14,15,13,14,10,2,0,-1,2,1,2,2,2,3,4
876,874,871,876,14,14,15,13,2,3,-5,0,-1,2,1,3,2,1,3,4
257,250,253,253,14,17,15,16,7,-3,0,-3,2,-1,-2,3,2,1,1,4
677,672,670,667,13,14,15,13,5,2,3,-1,-1,2,0,2,2,3,2,4
928,921,921,921,14,14,13,13,7,0,0,0,1,0,1,1,2,2,2,4
1054,1052,1047,1045,20,19,18,18,2,5,2,1,1,0,2,3,2,2,1,4
635,625,628,635,17,17,18,18,10,-3,-7,0,-1,0,-1,2,2,1,2,4
436,433,426,426,13,14,12,13,3,7,0,-1,2,-1,0,1,2,1,3,4
597,593,590,586,21,19,20,21,4,3,4,2,-1,-1,0,2,2,3,1,4
946,946,944,946,17,19,18,18,0,2,-2,-2,1,0,-1,3,1,2,1,4
808,796,796,794,14,14,13,13,12,0,2,0,1,0,1,2,3,1,2,4
909,902,900,895,18,17,18,19,7,2,5,1,-1,-1,-1,3,2,1,1,4
974,974,970,967,13,14,12,13,0,4,3,-1,2,-1,0,1,3,3,2,4
433,431,421,426,17,16,18,18,2,10,-5,1,-2,0,-1,2,3,1,3,4
827,822,824,822,14,14,15,16,5,-2,2,0,-1,-1,-2,2,2,1,2,4
607,607,602,595,21,19,20,21,0,5,7,2,-1,-1,0,2,2,2,1,4
759,750,747,752,13,14,12,13,9,3,-5,-1,2,-1,0,1,3,2,2,4
454,452,450,452,13,14,12,13,2,2,-2,-1,2,-1,0,1,2,1,2,4
717,712,712,712,17,16,15,16,5,0,0,1,1,-1,1,3,1,1,1,4
625,623,618,618,18,19,18,19,2,5,0,-1,1,-1,-1,2,1,1,1,4
824,817,806,810,14,14,13,13,7,11,-4,0,1,0,1,1,2,1,3,4
928,923,918,921,18,19,18,19,5,5,-3,-1,1,-1,-1,1,3,3,2,4
337,332,328,328,13,14,13,13,5,4,0,-1,1,0,0,1,1,1,1,4
942,937,932,932,17,16,18,18,5,5,0,1,-2,0,-1,1,1,1,1,4
236,229,232,232,21,19,20,21,7,-3,0,2,-1,-1,0,2,1,2,2,4
890,888,886,886,14,14,15,16,2,2,0,0,-1,-1,-2,1,2,1,1,4
773,771,768,771,17,16,18,16,2,3,-3,1,-2,2,1,1,2,1,2,4
787,782,785,782,14,14,13,13,5,-3,3,0,1,0,1,1,1,2,1,4
827,822,820,817,21,19,20,19,5,2,3,2,-1,1,2,2,2,1,2,4
639,635,635,635,13,14,13,13,4,0,0,-1,1,0,0,2,2,2,2,4
274,271,267,264,18,17,18,18,3,4,3,1,-1,0,0,2,3,3,2,4
843,839,836,834,14,17,15,16,4,3,2,-3,2,-1,-2,1,1,2,1,4
424,419,414,424,13,14,15,13,5,5,-10,-1,-1,2,0,2,2,2,2,4
738,740,733,736,17,16,18,18,-2,7,-3,1,-2,0,-1,2,1,2,1,4
989,996,993,993,13,14,15,13,-7,3,0,-1,-1,2,0,1,2,1,3,4
590,586,588,588,18,17,18,19,4,-2,0,1,-1,-1,-1,3,3,2,2,4
665,660,656,651,13,14,12,13,5,4,5,-1,2,-1,0,3,1,1,1,4
815,810,810,810,14,14,13,13,5,0,0,0,1,0,1,1,1,1,1,4
932,932,928,928,13,16,15,16,0,4,0,-3,1,-1,-3,1,1,1,1,4
656,646,637,637,13,14,15,13,10,9,0,-1,-1,2,0,1,1,1,1,4
1064,1059,1057,1050,17,16,18,18,5,2,7,1,-2,0,-1,3,1,2,1,4
335,337,328,325,17,16,18,16,-2,9,3,1,-2,2,1,2,1,1,2,4
848,834,829,834,18,17,18,18,14,5,-5,1,-1,0,0,1,3,1,1,4
431,426,421,424,20,19,20,18,5,5,-3,1,-1,2,2,1,1,1,2,4
989,991,991,989,13,14,12,13,-2,0,2,-1,2,-1,0,3,2,2,1,4
824,810,803,796,14,14,15,13,14,7,7,0,-1,2,1,1,3,2,1,4
665,663,663,660,20,19,18,18,2,0,3,1,1,0,2,1,2,2,1,4
279,274,274,276,21,19,20,18,5,0,-2,2,-1,2,3,2,2,2,1,4
801,801,796,796,14,17,15,16,0,5,0,-3,2,-1,-2,3,3,1,3,4
595,588,581,581,14,17,15,16,7,7,0,-3,2,-1,-2,3,2,1,1,4
663,663,665,670,17,16,18,16,0,-2,-5,1,-2,2,1,2,2,3,1,4
625,623,628,623,21,19,21,19,2,-5,5,2,-2,2,2,2,1,1,1,4
989,984,989,989,20,19,20,21,5,-5,0,1,-1,-1,-1,1,1,1,1,4
874,867,857,862,14,17,15,16,7,10,-5,-3,2,-1,-2,2,1,1,1,4
471,466,461,466,13,14,15,13,5,5,-5,-1,-1,2,0,2,2,2,2,4
466,464,464,468,20,19,20,18,2,0,-4,1,-1,2,2,2,1,3,3,4
642,635,637,637,17,16,18,18,7,-2,0,1,-2,0,-1,3,2,1,1,4
351,344,337,342,13,14,12,13,7,7,-5,-1,2,-1,0,1,2,1,1,4
750,745,743,740,20,19,20,21,5,2,3,1,-1,-1,-1,1,1,2,3,4
902,902,900,900,14,17,15,16,0,2,0,-3,2,-1,-2,2,2,1,1,4
869,869,862,862,14,14,13,13,0,7,0,0,1,0,1,2,2,1,1,4
496,485,478,482,14,14,13,13,11,7,-4,0,1,0,1,3,2,1,1,4
951,951,951,951,20,19,20,21,0,0,0,1,-1,-1,-1,3,1,1,1,4
253,248,248,246,14,14,13,13,5,0,2,0,1,0,1,1,3,1,2,4
464,459,457,459,17,16,18,16,5,2,-2,1,-2,2,1,3,1,2,1,4
196,192,192,189,18,19,18,19,4,0,3,-1,1,-1,-1,3,1,1,2,4
253,250,248,253,21,19,20,21,3,2,-5,2,-1,-1,0,1,2,1,1,4
853,850,848,848,18,17,18,16,3,2,0,1,-1,2,2,3,2,1,1,4
667,672,667,670,13,14,15,13,-5,5,-3,-1,-1,2,0,2,2,2,1,4
984,979,977,979,20,19,20,21,5,2,-2,1,-1,-1,-1,1,1,2,1,4
403,398,403,403,17,16,15,16,5,-5,0,1,1,-1,1,1,3,1,3,4
325,323,314,328,18,19,18,19,2,9,-14,-1,1,-1,-1,2,1,3,1,4
820,813,801,801,21,19,21,19,7,12,0,2,-2,2,2,3,2,1,1,4
454,454,454,450,20,19,20,18,0,0,4,1,-1,2,2,1,1,1,1,4
635,632,632,632,20,19,20,21,3,0,0,1,-1,-1,-1,2,1,1,1,4
222,215,215,215,14,14,13,13,7,0,0,0,1,0,1,2,3,3,1,4
773,771,768,771,20,19,18,18,2,3,-3,1,1,0,2,1,2,3,2,4
567,557,555,557,14,14,15,13,10,2,-2,0,-1,2,1,1,1,2,1,4
224,222,222,220,21,19,20,21,2,0,2,2,-1,-1,0,1,2,2,3,4
721,719,717,714,20,19,20,21,2,2,3,1,-1,-1,-1,3,2,1,2,4
529,520,515,515,18,17,18,16,9,5,0,1,-1,2,2,1,3,1,1,4
583,574,574,571,18,17,18,18,9,0,3,1,-1,0,0,2,2,2,1,4
346,344,344,346,13,14,15,13,2,0,-2,-1,-1,2,0,3,2,2,1,4
560,546,546,567,14,14,13,13,14,0,-21,0,1,0,1,2,2,2,1,4
276,274,271,271,14,14,13,13,2,3,0,0,1,0,1,1,2,1,1,4
792,785,787,787,18,17,18,16,7,-2,0,1,-1,2,2,1,2,1,1,4
750,743,743,747,20,19,20,18,7,0,-4,1,-1,2,2,3,2,2,2,4
1043,1043,1038,1038,13,14,12,13,0,5,0,-1,2,-1,0,2,2,2,2,4
353,349,346,346,20,19,20,21,4,3,0,1,-1,-1,-1,2,2,1,1,4
974,979,974,979,13,14,12,13,-5,5,-5,-1,2,-1,0,1,1,1,1,4
590,593,590,595,14,14,15,16,-3,3,-5,0,-1,-1,-2,1,2,1,1,4
618,609,611,611,14,14,13,13,9,-2,0,0,1,0,1,1,1,2,2,4
365,360,360,360,13,14,15,16,5,0,0,-1,-1,-1,-3,1,3,1,1,4
939,937,935,932,13,14,13,13,2,2,3,-1,1,0,0,2,1,2,1,4
848,846,843,843,21,19,20,18,2,3,0,2,-1,2,3,1,2,1,1,4
942,937,932,937,13,16,15,16,5,5,-5,-3,1,-1,-3,1,1,1,1,4
283,290,288,288,14,14,15,13,-7,2,0,0,-1,2,1,2,3,2,2,4
189,182,182,182,18,17,18,16,7,0,0,1,-1,2,2,2,1,1,1,4
914,904,907,909,14,14,13,13,10,-3,-2,0,1,0,1,1,1,2,1,4
269,262,262,262,14,17,15,16,7,0,0,-3,2,-1,-2,2,1,1,3,4
253,248,243,246,14,14,13,13,5,5,-3,0,1,0,1,1,3,1,2,4
733,726,726,721,13,14,12,13,7,0,5,-1,2,-1,0,2,1,1,3,4
489,487,487,487,21,19,21,19,2,0,0,2,-2,2,2,2,1,1,1,4
932,937,935,937,17,16,18,16,-5,2,-2,1,-2,2,1,1,1,2,1,4
189,185,185,187,18,19,18,19,4,0,-2,-1,1,-1,-1,2,2,2,3,4
1073,1078,1078,1075,20,19,20,18,-5,0,3,1,-1,2,2,1,1,1,2,4
309,300,300,297,14,17,15,16,9,0,3,-3,2,-1,-2,1,1,1,2,4
815,808,808,806,14,17,15,16,7,0,2,-3,2,-1,-2,1,2,2,1,4
1045,1045,1036,1040,17,16,15,16,0,9,-4,1,1,-1,1,1,3,1,1,4
576,567,567,562,14,14,15,13,9,0,5,0,-1,2,1,1,3,1,1,4
571,562,557,557,14,17,15,16,9,5,0,-3,2,-1,-2,1,1,1,1,4
220,210,210,210,21,19,20,21,10,0,0,2,-1,-1,0,3,3,1,1,4
506,501,494,489,18,17,18,19,5,7,5,1,-1,-1,-1,1,1,2,2,4
571,567,567,567,18,17,18,18,4,0,0,1,-1,0,0,1,1,1,1,4
311,304,304,304,21,19,20,19,7,0,0,2,-1,1,2,2,1,1,3,4
360,365,363,360,17,16,18,18,-5,2,3,1,-2,0,-1,1,1,2,1,4
360,363,358,358,17,16,15,16,-3,5,0,1,1,-1,1,1,2,2,2,4
731,726,719,712,13,14,12,13,5,7,7,-1,2,-1,0,1,3,2,3,4
759,757,752,750,17,16,18,18,2,5,2,1,-2,0,-1,1,2,2,1,4
224,203,192,192,14,14,13,13,21,11,0,0,1,0,1,3,2,1,1,4
810,801,796,796,21,19,21,19,9,5,0,2,-2,2,2,3,1,1,1,4
229,215,215,215,14,17,15,16,14,0,0,-3,2,-1,-2,3,1,1,1,4
1068,1064,1066,1064,13,16,15,16,4,-2,2,-3,1,-1,-3,1,3,2,1,4
820,815,810,815,21,19,20,19,5,5,-5,2,-1,1,2,3,1,3,1,4
206,206,203,201,21,19,20,19,0,3,2,2,-1,1,2,1,1,2,1,4
1059,1052,1043,1050,20,19,20,18,7,9,-7,1,-1,2,2,1,2,2,1,4
623,670,618,621,14,14,13,13,-47,52,-3,0,1,0,1,3,3,3,2,4
417,412,410,410,13,14,15,13,5,2,0,-1,-1,2,0,1,3,2,2,4
520,506,496,494,14,17,15,16,14,10,2,-3,2,-1,-2,3,3,3,2,4
801,768,759,757,14,14,12,13,33,9,2,0,2,-1,1,1,1,1,2,4
848,853,853,855,14,17,15,16,-5,0,-2,-3,2,-1,-2,1,3,3,2,4
719,717,717,717,20,19,20,21,2,0,0,1,-1,-1,-1,2,1,1,1,4
897,897,895,895,21,19,20,19,0,2,0,2,-1,1,2,2,2,1,1,4
318,314,314,314,18,19,18,19,4,0,0,-1,1,-1,-1,3,3,1,3,4
1073,1068,1061,1064,20,19,20,18,5,7,-3,1,-1,2,2,1,3,2,3,4
323,321,318,321,21,19,21,19,2,3,-3,2,-2,2,2,1,2,1,2,4
288,281,281,281,14,14,15,16,7,0,0,0,-1,-1,-2,2,1,1,1,4
768,766,764,761,20,19,20,18,2,2,3,1,-1,2,2,3,2,1,2,4
810,801,794,792,18,19,18,19,9,7,2,-1,1,-1,-1,1,1,2,1,4
963,956,949,949,13,14,12,13,7,7,0,-1,2,-1,0,2,3,2,2,4
953,953,949,951,13,14,12,13,0,4,-2,-1,2,-1,0,2,2,2,1,4
286,290,286,286,14,14,15,13,-4,4,0,0,-1,2,1,1,1,1,1,4
229,222,220,224,21,19,20,19,7,2,-4,2,-1,1,2,1,2,1,1,4
1068,1061,1054,1054,13,14,12,13,7,7,0,-1,2,-1,0,1,2,3,3,4
656,653,646,651,13,14,12,13,3,7,-5,-1,2,-1,0,1,2,1,1,4
224,213,206,206,14,14,15,13,11,7,0,0,-1,2,1,1,2,1,1,4
192,187,185,185,14,17,15,16,5,2,0,-3,2,-1,-2,3,1,2,2,4
471,471,464,468,13,14,15,16,0,7,-4,-1,-1,-1,-3,2,2,1,1,4
886,881,881,876,14,14,13,13,5,0,5,0,1,0,1,1,3,3,3,4
768,768,764,766,13,14,12,13,0,4,-2,-1,2,-1,0,1,3,3,2,4
393,391,398,393,20,19,20,21,2,-7,5,1,-1,-1,-1,1,2,1,1,4
215,215,213,215,21,19,20,21,0,2,-2,2,-1,-1,0,1,1,2,1,4
543,541,534,534,14,14,13,13,2,7,0,0,1,0,1,1,2,1,1,4
492,487,473,468,14,14,12,13,5,14,5,0,2,-1,1,1,1,1,1,4
304,300,300,295,18,19,18,19,4,0,5,-1,1,-1,-1,1,1,1,3,4
515,508,501,501,18,17,15,16,7,7,0,1,2,-1,2,3,2,1,3,4
349,342,337,337,13,16,15,16,7,5,0,-3,1,-1,-3,2,1,1,1,4
890,890,890,888,18,17,18,16,0,0,2,1,-1,2,2,3,1,3,2,4
815,803,806,806,18,17,18,19,12,-3,0,1,-1,-1,-1,1,2,1,1,4
977,982,974,977,13,16,15,16,-5,8,-3,-3,1,-1,-3,2,2,3,2,4
220,220,220,215,14,17,15,16,0,0,5,-3,2,-1,-2,3,1,1,1,4
867,860,857,862,18,19,18,18,7,3,-5,-1,1,0,0,3,2,3,1,4
674,672,670,670,17,16,18,18,2,2,0,1,-2,0,-1,1,2,1,1,4
904,893,890,886,14,14,13,13,11,3,4,0,1,0,1,1,2,3,3,4
1073,1071,1068,1068,20,19,20,18,2,3,0,1,-1,2,2,1,2,1,1,4
421,419,414,417,17,16,18,18,2,5,-3,1,-2,0,-1,1,2,2,1,4
923,916,911,911,18,19,18,19,7,5,0,-1,1,-1,-1,3,2,2,2,4
569,564,562,562,18,17,18,18,5,2,0,1,-1,0,0,2,2,1,1,4
1036,1033,1033,1031,17,19,18,18,3,0,2,-2,1,0,-1,3,2,2,1,4
300,293,288,283,18,17,18,19,7,5,5,1,-1,-1,-1,3,2,2,2,4
389,384,384,384,20,19,20,18,5,0,0,1,-1,2,2,1,1,1,1,4
407,403,398,400,13,14,15,13,4,5,-2,-1,-1,2,0,1,1,1,2,4
813,803,799,796,14,14,13,13,10,4,3,0,1,0,1,2,2,2,1,4
839,836,839,832,14,17,15,16,3,-3,7,-3,2,-1,-2,1,2,1,2,4
239,229,222,224,14,14,13,13,10,7,-2,0,1,0,1,1,3,2,1,4
534,527,527,532,18,19,18,19,7,0,-5,-1,1,-1,-1,1,2,2,2,4
806,799,799,799,14,17,15,16,7,0,0,-3,2,-1,-2,3,2,2,2,4
595,588,586,586,14,14,13,13,7,2,0,0,1,0,1,3,2,3,1,4
548,543,539,536,21,19,20,21,5,4,3,2,-1,-1,0,3,1,1,2,4
595,586,586,583,14,14,13,13,9,0,3,0,1,0,1,3,3,1,2,4
581,571,567,569,21,19,20,21,10,4,-2,2,-1,-1,0,1,1,1,2,4
977,977,974,974,13,14,15,13,0,3,0,-1,-1,2,0,2,2,1,3,4
893,878,871,867,14,17,15,16,15,7,4,-3,2,-1,-2,2,2,1,3,4
417,410,407,405,17,16,15,16,7,3,2,1,1,-1,1,1,2,1,2,4
754,754,750,754,20,19,20,18,0,4,-4,1,-1,2,2,1,3,1,1,4
295,295,293,295,21,19,20,21,0,2,-2,2,-1,-1,0,3,1,2,1,4
229,222,215,213,14,17,15,16,7,7,2,-3,2,-1,-2,1,2,1,2,4
557,557,553,553,21,19,20,21,0,4,0,2,-1,-1,0,1,1,1,1,4
848,839,841,843,18,17,18,18,9,-2,-2,1,-1,0,0,1,1,2,1,4
731,731,726,726,13,14,12,13,0,5,0,-1,2,-1,0,1,3,1,3,4
351,346,346,346,17,16,18,18,5,0,0,1,-2,0,-1,1,3,1,1,4
1043,1028,1028,1031,13,14,15,13,15,0,-3,-1,-1,2,0,2,2,2,1,4
703,700,700,703,13,14,12,13,3,0,-3,-1,2,-1,0,1,2,2,1,4
461,454,454,457,17,16,18,16,7,0,-3,1,-2,2,1,2,1,3,2,4
857,857,857,853,14,17,15,16,0,0,4,-3,2,-1,-2,3,1,1,1,4
965,960,953,960,17,16,15,16,5,7,-7,1,1,-1,1,1,1,2,1,4
646,649,653,656,20,19,20,18,-3,-4,-3,1,-1,2,2,1,2,2,1,4
447,450,445,450,13,14,12,13,-3,5,-5,-1,2,-1,0,2,3,1,1,4
447,440,433,436,13,14,12,13,7,7,-3,-1,2,-1,0,2,3,2,1,4
965,960,958,958,13,16,15,16,5,2,0,-3,1,-1,-3,1,1,2,2,4
1066,1071,1052,1059,13,16,15,16,-5,19,-7,-3,1,-1,-3,2,2,2,1,4
916,914,916,914,14,14,15,13,2,-2,2,0,-1,2,1,2,1,2,1,4
300,286,278,276,14,17,15,16,14,8,2,-3,2,-1,-2,1,3,2,1,4
342,337,337,335,20,19,20,21,5,0,2,1,-1,-1,-1,3,1,1,2,4
234,229,229,232,14,14,13,13,5,0,-3,0,1,0,1,3,1,3,2,4
377,384,379,379,13,16,15,16,-7,5,0,-3,1,-1,-3,2,3,1,1,4
817,810,810,808,14,14,15,13,7,0,2,0,-1,2,1,2,3,1,2,4
932,923,928,928,17,17,18,16,9,-5,0,0,-1,2,1,1,3,1,1,4
921,918,909,911,18,19,18,19,3,9,-2,-1,1,-1,-1,2,1,1,2,4
862,850,853,853,14,14,13,13,12,-3,0,0,1,0,1,1,2,1,1,4
944,939,935,932,20,19,20,18,5,4,3,1,-1,2,2,2,2,2,1,4
300,302,300,300,21,19,20,19,-2,2,0,2,-1,1,2,1,2,1,1,4
963,958,956,956,17,16,15,16,5,2,0,1,1,-1,1,2,2,1,1,4
494,487,489,492,18,19,18,19,7,-2,-3,-1,1,-1,-1,2,3,2,1,4
768,766,766,768,13,14,12,13,2,0,-2,-1,2,-1,0,3,2,2,1,4
407,398,400,398,17,19,18,18,9,-2,2,-2,1,0,-1,1,3,2,1,4
604,600,604,604,21,19,20,19,4,-4,0,2,-1,1,2,3,1,1,1,4
478,475,475,473,13,14,13,13,3,0,2,-1,1,0,0,1,2,2,1,4
276,269,269,267,14,17,15,16,7,0,2,-3,2,-1,-2,1,2,2,1,4
815,810,815,806,21,19,20,21,5,-5,9,2,-1,-1,0,3,1,1,1,4
796,792,792,789,18,19,18,19,4,0,3,-1,1,-1,-1,1,1,1,2,4
660,656,651,639,13,14,15,16,4,5,12,-1,-1,-1,-3,1,3,1,2,4
656,651,646,642,17,19,18,18,5,5,4,-2,1,0,-1,1,1,1,1,4
412,410,403,405,20,19,20,21,2,7,-2,1,-1,-1,-1,1,2,1,2,4
286,283,281,281,18,17,18,16,3,2,0,1,-1,2,2,3,2,1,1,4
916,914,909,909,18,19,18,19,2,5,0,-1,1,-1,-1,2,3,3,1,4
229,224,222,220,14,17,15,16,5,2,2,-3,2,-1,-2,1,1,2,1,4
194,192,189,192,18,19,18,19,2,3,-3,-1,1,-1,-1,2,3,2,1,4
332,332,328,325,17,16,15,16,0,4,3,1,1,-1,1,1,1,1,2,4
834,824,822,829,14,14,15,13,10,2,-7,0,-1,2,1,1,3,2,1,4
958,956,949,956,13,14,15,13,2,7,-7,-1,-1,2,0,2,1,2,1,4
646,651,644,646,20,19,20,21,-5,7,-2,1,-1,-1,-1,1,1,2,3,4
264,222,220,220,14,17,15,16,42,2,0,-3,2,-1,-2,2,2,1,1,4
679,682,677,677,20,19,20,21,-3,5,0,1,-1,-1,-1,1,2,2,2,4
576,586,569,567,14,14,13,13,-10,17,2,0,1,0,1,1,1,2,1,4
1026,1024,1024,1024,20,19,20,21,2,0,0,1,-1,-1,-1,1,2,2,2,4
857,857,857,857,18,19,18,18,0,0,0,-1,1,0,0,1,1,1,1,4
853,850,848,848,18,19,18,18,3,2,0,-1,1,0,0,1,2,1,3,4
508,503,499,499,14,14,15,13,5,4,0,0,-1,2,1,2,2,2,2,4
501,501,494,494,14,14,13,13,0,7,0,0,1,0,1,1,3,2,2,4
602,597,595,593,14,14,13,13,5,2,2,0,1,0,1,2,2,1,2,4
304,297,290,295,18,17,18,16,7,7,-5,1,-1,2,2,1,2,1,1,4
248,241,236,234,18,17,18,18,7,5,2,1,-1,0,0,1,2,2,1,4
407,407,407,407,20,19,20,21,0,0,0,1,-1,-1,-1,1,1,1,1,4
407,410,407,403,20,19,20,18,-3,3,4,1,-1,2,2,1,2,1,1,4
946,953,949,946,13,14,12,13,-7,4,3,-1,2,-1,0,3,2,2,1,4
822,813,810,810,14,17,15,16,9,3,0,-3,2,-1,-2,2,2,1,1,4
286,286,283,283,14,14,15,13,0,3,0,0,-1,2,1,1,3,2,2,4
492,475,478,473,14,14,13,13,17,-3,5,0,1,0,1,3,2,1,1,4
822,820,815,820,18,19,18,19,2,5,-5,-1,1,-1,-1,2,1,3,1,4
246,239,239,239,21,19,20,21,7,0,0,2,-1,-1,0,2,1,3,1,4
693,691,689,693,13,14,12,13,2,2,-4,-1,2,-1,0,1,2,1,1,4
229,224,224,222,14,14,15,13,5,0,2,0,-1,2,1,1,3,1,2,4
546,534,532,534,18,19,18,18,12,2,-2,-1,1,0,0,2,1,2,1,4
914,907,907,902,14,14,13,13,7,0,5,0,1,0,1,1,2,2,2,4
761,761,759,759,20,19,18,18,0,2,0,1,1,0,2,2,2,1,1,4
907,900,902,904,18,19,18,19,7,-2,-2,-1,1,-1,-1,2,3,2,1,4
337,325,328,328,13,14,13,13,12,-3,0,-1,1,0,0,3,2,1,1,4
773,775,773,773,20,19,18,18,-2,2,0,1,1,0,2,1,2,1,1,4
304,300,295,295,21,19,20,21,4,5,0,2,-1,-1,0,1,1,1,1,4
1068,1054,1052,1054,13,14,12,13,14,2,-2,-1,2,-1,0,1,3,2,1,4
808,801,796,792,14,17,15,16,7,5,4,-3,2,-1,-2,2,1,3,1,4
510,510,508,510,18,19,20,19,0,2,-2,-1,-1,1,-1,3,1,2,3,4
792,787,785,787,18,17,18,16,5,2,-2,1,-1,2,2,1,3,2,1,4
391,391,384,386,17,16,15,16,0,7,-2,1,1,-1,1,2,2,1,2,4
752,747,743,740,13,14,15,13,5,4,3,-1,-1,2,0,2,2,2,3,4
546,546,546,546,21,19,20,21,0,0,0,2,-1,-1,0,2,2,2,2,4
1068,1068,1061,1071,17,19,18,18,0,7,-10,-2,1,0,-1,3,1,2,2,4
815,806,810,810,18,17,18,16,9,-4,0,1,-1,2,2,1,1,1,1,4
560,557,548,553,21,19,20,21,3,9,-5,2,-1,-1,0,2,1,1,1,4
871,862,862,867,21,19,20,18,9,0,-5,2,-1,2,3,3,1,1,1,4
750,740,738,736,13,14,12,13,10,2,2,-1,2,-1,0,1,1,2,1,4
412,419,389,410,20,19,20,21,-7,30,-21,1,-1,-1,-1,1,2,1,2,4
937,932,932,932,20,19,20,21,5,0,0,1,-1,-1,-1,1,1,1,1,4
886,876,871,871,18,17,18,18,10,5,0,1,-1,0,0,1,1,3,1,4
431,428,419,414,20,19,18,18,3,9,5,1,1,0,2,1,2,2,2,4
600,597,590,595,18,17,18,16,3,7,-5,1,-1,2,2,3,2,3,1,4
993,904,895,893,20,19,20,21,89,9,2,1,-1,-1,-1,1,3,1,2,4
377,363,342,358,13,16,15,16,14,21,-16,-3,1,-1,-3,2,2,3,2,4
925,923,916,921,14,17,15,16,2,7,-5,-3,2,-1,-2,2,1,2,2,4
996,998,996,993,20,19,20,21,-2,2,3,1,-1,-1,-1,2,1,2,1,4
576,543,541,543,14,14,13,13,33,2,-2,0,1,0,1,1,1,2,1,4
653,649,651,646,17,16,15,16,4,-2,5,1,1,-1,1,2,2,1,1,4
839,771,773,775,14,14,12,13,68,-2,-2,0,2,-1,1,1,2,1,2,4
356,351,351,342,13,14,12,13,5,0,9,-1,2,-1,0,1,1,1,3,4
677,674,672,674,13,14,15,13,3,2,-2,-1,-1,2,0,2,3,2,1,4
250,243,239,241,21,19,20,21,7,4,-2,2,-1,-1,0,2,1,1,2,4
243,243,234,234,14,17,15,16,0,9,0,-3,2,-1,-2,3,3,3,3,4
564,555,550,550,14,14,13,13,9,5,0,0,1,0,1,2,2,2,2,4
1036,1026,1021,1026,20,19,20,18,10,5,-5,1,-1,2,2,1,1,1,1,4
775,778,773,773,17,16,18,16,-3,5,0,1,-2,2,1,2,1,1,1,4
921,914,914,914,18,19,18,19,7,0,0,-1,1,-1,-1,2,3,1,3,4
895,888,881,886,14,14,15,13,7,7,-5,0,-1,2,1,1,2,1,1,4
799,794,792,792,14,17,15,16,5,2,0,-3,2,-1,-2,2,2,1,1,4
314,311,311,314,18,17,18,16,3,0,-3,1,-1,2,2,3,2,2,1,4
391,391,386,391,20,19,18,18,0,5,-5,1,1,0,2,2,2,2,2,4
571,557,550,555,14,14,15,16,14,7,-5,0,-1,-1,-2,1,3,2,2,4
229,224,220,222,14,17,15,16,5,4,-2,-3,2,-1,-2,1,3,1,2,4
642,635,635,639,13,14,13,13,7,0,-4,-1,1,0,0,1,2,2,2,4
794,789,792,792,18,17,18,16,5,-3,0,1,-1,2,2,2,2,3,1,4
853,843,836,834,14,17,15,16,10,7,2,-3,2,-1,-2,3,1,2,1,4
1066,1064,1064,1064,17,16,18,16,2,0,0,1,-2,2,1,2,3,1,1,4
886,874,869,871,14,14,15,16,12,5,-2,0,-1,-1,-2,1,2,2,1,4
651,649,646,646,20,19,18,18,2,3,0,1,1,0,2,1,2,3,1,4
998,998,996,998,17,16,15,16,0,2,-2,1,1,-1,1,1,1,2,1,4
672,665,667,665,20,19,20,18,7,-2,2,1,-1,2,2,2,1,2,3,4
693,684,670,672,13,14,15,13,9,14,-2,-1,-1,2,0,1,1,1,2,4
344,342,335,337,13,14,15,13,2,7,-2,-1,-1,2,0,2,3,2,1,4
1019,1014,1017,1017,13,16,15,16,5,-3,0,-3,1,-1,-3,2,2,1,1,4
1040,1036,1031,1036,13,14,12,13,4,5,-5,-1,2,-1,0,1,1,1,1,4
911,904,904,902,14,14,15,13,7,0,2,0,-1,2,1,2,1,1,2,4
914,911,909,907,18,19,18,19,3,2,2,-1,1,-1,-1,1,2,1,2,4
264,257,253,253,14,17,15,16,7,4,0,-3,2,-1,-2,2,1,1,1,4
600,593,583,581,14,14,13,13,7,10,2,0,1,0,1,1,2,2,1,4
454,450,454,454,13,14,15,13,4,-4,0,-1,-1,2,0,1,1,3,3,4
600,590,567,586,18,17,18,19,10,23,-19,1,-1,-1,-1,1,3,1,1,4
820,813,815,815,21,19,20,21,7,-2,0,2,-1,-1,0,3,2,1,1,4
196,187,187,185,18,19,18,19,9,0,2,-1,1,-1,-1,1,1,3,2,4
281,281,281,283,14,14,15,13,0,0,-2,0,-1,2,1,1,3,1,2,4
900,890,883,886,14,14,15,16,10,7,-3,0,-1,-1,-2,3,3,2,1,4
365,360,360,356,20,19,20,21,5,0,4,1,-1,-1,-1,1,1,1,1,4
290,288,286,286,21,19,20,19,2,2,0,2,-1,1,2,3,2,1,1,4
677,674,674,674,20,19,18,18,3,0,0,1,1,0,2,2,1,1,1,4
550,543,546,553,21,19,20,21,7,-3,-7,2,-1,-1,0,2,1,2,1,4
450,445,445,445,17,16,18,18,5,0,0,1,-2,0,-1,1,1,1,1,4
492,487,485,489,14,14,13,13,5,2,-4,0,1,0,1,1,1,2,2,4
937,932,935,937,17,16,18,16,5,-3,-2,1,-2,2,1,3,1,2,1,4
778,775,768,766,13,14,15,13,3,7,2,-1,-1,2,0,1,2,3,2,4
431,433,431,428,13,14,15,13,-2,2,3,-1,-1,2,0,1,2,1,2,4
937,932,932,932,20,19,18,18,5,0,0,1,1,0,2,1,1,1,1,4
431,424,440,421,20,19,18,18,7,-16,19,1,1,0,2,1,2,1,1,4
276,271,253,269,14,14,15,16,5,18,-16,0,-1,-1,-2,1,3,1,2,4
946,949,944,946,20,19,18,18,-3,5,-2,1,1,0,2,3,2,2,1,4
1036,1036,1031,1036,13,14,12,13,0,5,-5,-1,2,-1,0,1,3,1,3,4
902,900,900,895,14,17,15,16,2,0,5,-3,2,-1,-2,2,3,3,1,4
447,445,440,447,20,19,20,21,2,5,-7,1,-1,-1,-1,2,3,3,2,4
731,731,726,726,20,19,20,18,0,5,0,1,-1,2,2,1,3,1,1,4
236,234,229,227,18,17,18,19,2,5,2,1,-1,-1,-1,2,1,1,2,4
855,850,853,855,18,19,18,21,5,-3,-2,-1,1,-3,-3,2,2,3,2,4
974,970,972,972,17,19,18,18,4,-2,0,-2,1,0,-1,3,3,2,2,4
974,967,965,965,13,14,15,13,7,2,0,-1,-1,2,0,1,2,3,1,4
979,972,974,974,13,14,15,13,7,-2,0,-1,-1,2,0,3,2,1,1,4
853,848,846,843,14,17,15,16,5,2,3,-3,2,-1,-2,1,3,2,1,4
281,276,278,274,14,14,15,13,5,-2,4,0,-1,2,1,1,1,2,2,4
904,907,895,897,18,17,18,19,-3,12,-2,1,-1,-1,-1,3,2,3,2,4
229,220,222,224,21,19,20,21,9,-2,-2,2,-1,-1,0,1,1,2,1,4
309,300,290,290,14,17,15,16,9,10,0,-3,2,-1,-2,1,1,1,1,4
436,431,450,433,17,16,18,18,5,-19,17,1,-2,0,-1,1,1,1,2,4
677,672,672,672,17,16,18,18,5,0,0,1,-2,0,-1,2,2,2,2,4
187,192,185,182,18,19,18,19,-5,7,3,-1,1,-1,-1,3,1,2,1,4
759,750,759,759,20,19,20,21,9,-9,0,1,-1,-1,-1,3,1,3,1,4
965,960,960,963,20,19,18,18,5,0,-3,1,1,0,2,3,1,1,2,4
440,438,431,431,17,16,18,18,2,7,0,1,-2,0,-1,3,2,1,1,4
403,400,398,398,20,19,20,18,3,2,0,1,-1,2,2,3,2,1,1,4
262,255,250,253,14,14,15,13,7,5,-3,0,-1,2,1,3,2,2,1,4
604,602,600,600,14,14,13,13,2,2,0,0,1,0,1,1,2,3,3,4
921,914,909,909,14,17,15,16,7,5,0,-3,2,-1,-2,2,1,1,1,4
1019,1010,1010,1012,13,14,12,13,9,0,-2,-1,2,-1,0,2,2,2,1,4
426,417,417,419,17,16,18,16,9,0,-2,1,-2,2,1,3,1,3,2,4
984,977,974,970,20,19,20,18,7,3,4,1,-1,2,2,1,2,1,3,4
1040,1033,1026,1028,13,14,12,13,7,7,-2,-1,2,-1,0,3,2,1,2,4
201,194,192,196,14,14,15,13,7,2,-4,0,-1,2,1,1,2,3,1,4
314,311,309,309,21,19,21,19,3,2,0,2,-2,2,2,1,2,3,1,4
853,846,846,843,14,14,13,13,7,0,3,0,1,0,1,3,2,2,1,4
600,588,595,600,21,19,20,19,12,-7,-5,2,-1,1,2,3,2,1,1,4
909,909,904,904,18,19,18,19,0,5,0,-1,1,-1,-1,1,1,1,1,4
215,213,215,215,21,19,20,21,2,-2,0,2,-1,-1,0,3,2,3,3,4
203,194,194,192,14,17,15,16,9,0,2,-3,2,-1,-2,2,2,2,1,4
1068,1068,1073,1068,20,19,20,18,0,-5,5,1,-1,2,2,1,1,1,1,4
393,393,391,393,13,14,12,13,0,2,-2,-1,2,-1,0,3,1,2,1,4
879,871,871,871,14,17,15,16,8,0,0,-3,2,-1,-2,2,1,1,1,4
208,201,199,196,14,14,13,13,7,2,3,0,1,0,1,2,3,2,1,4
993,989,984,989,13,14,15,13,4,5,-5,-1,-1,2,0,1,3,1,1,4
775,773,773,773,20,19,20,18,2,0,0,1,-1,2,2,2,1,1,1,4
759,754,757,754,17,16,18,18,5,-3,3,1,-2,0,-1,1,1,2,1,4
693,693,689,689,20,19,20,18,0,4,0,1,-1,2,2,1,1,1,1,4
436,438,431,433,13,14,12,13,-2,7,-2,-1,2,-1,0,3,2,1,2,4
829,817,820,822,14,17,15,16,12,-3,-2,-3,2,-1,-2,3,2,1,2,4
541,539,539,534,18,19,18,18,2,0,5,-1,1,0,0,2,1,1,1,4
351,349,346,346,17,19,18,18,2,3,0,-2,1,0,-1,1,2,1,1,4
234,234,234,234,21,19,20,18,0,0,0,2,-1,2,3,3,1,1,1,4
215,217,217,217,14,14,13,13,-2,0,0,0,1,0,1,1,2,2,2,4
297,283,286,283,18,19,18,19,14,-3,3,-1,1,-1,-1,2,2,3,2,4
604,597,593,590,18,19,18,19,7,4,3,-1,1,-1,-1,1,2,2,1,4
855,841,829,822,14,14,15,16,14,12,7,0,-1,-1,-2,2,2,3,2,4
991,989,986,989,13,14,12,13,2,3,-3,-1,2,-1,0,2,1,2,1,4
909,907,904,904,18,19,18,19,2,3,0,-1,1,-1,-1,1,2,1,1,4
822,817,817,815,14,14,15,13,5,0,2,0,-1,2,1,2,2,2,1,4
246,246,241,239,18,17,18,16,0,5,2,1,-1,2,2,2,2,2,1,4
471,466,468,468,13,14,15,13,5,-2,0,-1,-1,2,0,2,2,3,1,4
555,553,546,546,14,17,15,16,2,7,0,-3,2,-1,-2,2,1,2,2,4
991,986,979,984,13,14,15,13,5,7,-5,-1,-1,2,0,2,2,1,3,4
309,293,281,286,14,14,15,13,16,12,-5,0,-1,2,1,3,2,1,3,4
243,229,227,224,14,17,15,16,14,2,3,-3,2,-1,-2,1,1,2,1,4
440,436,428,433,13,14,15,13,4,8,-5,-1,-1,2,0,3,1,2,2,4
196,189,182,182,18,19,18,19,7,7,0,-1,1,-1,-1,1,2,1,1,4
534,532,529,534,14,17,15,16,2,3,-5,-3,2,-1,-2,1,2,1,3,4
332,325,323,323,13,14,13,13,7,2,0,-1,1,0,0,1,2,1,1,4
431,428,428,431,20,19,18,18,3,0,-3,1,1,0,2,1,2,2,1,4
981,982,974,979,20,19,18,18,-1,8,-5,1,1,0,2,2,2,1,1,4
246,241,239,236,21,19,20,18,5,2,3,2,-1,2,3,2,2,1,2,4
609,602,600,602,14,14,13,13,7,2,-2,0,1,0,1,1,2,1,2,4
189,182,1075,1073,18,17,18,16,7,-893,2,1,-1,2,2,2,1,2,1,4
452,450,447,447,13,14,12,13,2,3,0,-1,2,-1,0,2,1,2,2,4
628,621,616,616,21,19,21,21,7,5,0,2,-2,0,0,1,2,2,2,4
1064,1047,1059,1054,17,16,15,16,17,-12,5,1,1,-1,1,1,2,1,1,4
243,236,234,236,14,14,13,13,7,2,-2,0,1,0,1,3,2,3,2,4
250,243,241,239,18,19,18,18,7,2,2,-1,1,0,0,2,1,2,1,4
1050,1054,1047,1047,20,19,20,21,-4,7,0,1,-1,-1,-1,1,1,2,2,4
496,492,494,489,14,14,15,16,4,-2,5,0,-1,-1,-2,1,1,2,2,4
890,878,883,886,18,17,18,19,12,-5,-3,1,-1,-1,-1,1,2,2,1,4
567,560,562,564,18,17,18,18,7,-2,-2,1,-1,0,0,1,2,1,2,4
321,321,318,318,14,17,15,16,0,3,0,-3,2,-1,-2,2,2,1,1,4
445,440,438,440,17,19,18,18,5,2,-2,-2,1,0,-1,1,1,2,1,4
902,900,900,900,18,17,18,19,2,0,0,1,-1,-1,-1,2,3,1,3,4
450,450,443,443,13,14,12,13,0,7,0,-1,2,-1,0,1,3,2,2,4
909,907,883,904,18,19,20,19,2,24,-21,-1,-1,1,-1,3,2,2,1,4
429,431,421,419,13,16,15,16,-2,10,2,-3,1,-1,-3,2,1,1,2,4
229,224,224,220,14,14,15,13,5,0,4,0,-1,2,1,3,1,1,1,4
194,196,187,187,21,19,21,21,-2,9,0,2,-2,0,0,2,1,1,1,4
253,250,246,243,14,17,15,16,3,4,3,-3,2,-1,-2,3,2,2,1,4
714,712,703,703,13,16,15,16,2,9,0,-3,1,-1,-3,2,1,1,3,4
325,323,321,318,14,17,15,16,2,2,3,-3,2,-1,-2,2,1,2,1,4
295,276,274,276,14,14,15,16,19,2,-2,0,-1,-1,-2,1,3,2,1,4
539,534,529,529,14,14,15,16,5,5,0,0,-1,-1,-2,1,1,1,1,4
239,234,229,229,18,17,18,19,5,5,0,1,-1,-1,-1,3,1,3,1,4
806,801,806,810,18,19,18,19,5,-5,-4,-1,1,-1,-1,3,1,1,3,4
679,679,679,679,20,19,20,21,0,0,0,1,-1,-1,-1,1,1,1,1,4
787,782,778,778,18,19,18,18,5,4,0,-1,1,0,0,1,1,1,1,4
998,1000,998,998,13,14,15,13,-2,2,0,-1,-1,2,0,1,2,1,3,4
607,604,600,602,18,19,18,19,3,4,-2,-1,1,-1,-1,2,3,3,2,4
342,337,335,339,13,14,15,13,5,2,-4,-1,-1,2,0,1,1,2,2,4
288,286,276,276,21,19,20,18,2,10,0,2,-1,2,3,2,1,1,1,4
740,740,736,736,20,19,20,18,0,4,0,1,-1,2,2,3,1,1,1,4
667,665,806,658,17,16,18,18,2,-141,148,1,-2,0,-1,2,1,1,2,4
984,984,979,984,20,19,20,21,0,5,-5,1,-1,-1,-1,3,1,1,1,4
543,536,534,534,14,14,15,16,7,2,0,0,-1,-1,-2,1,2,3,1,4
492,492,492,492,18,17,18,19,0,0,0,1,-1,-1,-1,3,1,1,1,4
1054,1054,1052,1054,13,14,15,13,0,2,-2,-1,-1,2,0,1,1,2,3,4
1026,1026,1024,1026,13,16,15,16,0,2,-2,-3,1,-1,-3,3,1,2,1,4
895,890,893,888,21,19,20,21,5,-3,5,2,-1,-1,0,1,1,2,2,4
426,431,424,424,17,16,15,16,-5,7,0,1,1,-1,1,1,3,2,2,4
609,604,600,602,14,14,13,13,5,4,-2,0,1,0,1,3,3,3,2,4
1021,1017,1012,1010,17,16,18,18,4,5,2,1,-2,0,-1,3,1,1,2,4
810,810,810,808,14,17,15,16,0,0,2,-3,2,-1,-2,1,1,3,2,4
426,426,424,426,17,16,18,16,0,2,-2,1,-2,2,1,3,1,2,1,4
604,600,600,604,18,19,18,19,4,0,-4,-1,1,-1,-1,1,1,3,1,4
262,253,248,248,14,14,13,13,9,5,0,0,1,0,1,1,3,1,1,4
1059,1057,1054,1054,13,14,12,13,2,3,0,-1,2,-1,0,1,2,1,1,4
262,257,260,255,18,19,18,21,5,-3,5,-1,1,-3,-3,1,1,2,2,4
1043,1038,1038,1036,17,16,15,16,5,0,2,1,1,-1,1,2,2,2,1,4
370,365,360,365,13,14,12,13,5,5,-5,-1,2,-1,0,1,3,1,1,4
492,487,485,487,21,19,21,19,5,2,-2,2,-2,2,2,1,1,2,1,4
813,808,803,813,18,19,18,19,5,5,-10,-1,1,-1,-1,2,2,2,2,4
412,410,407,407,20,19,20,21,2,3,0,1,-1,-1,-1,1,2,1,1,4
543,532,529,524,14,14,13,13,11,3,5,0,1,0,1,1,2,3,1,4
234,224,222,248,18,19,18,18,10,2,-26,-1,1,0,0,1,1,2,1,4
754,750,747,750,13,14,12,13,4,3,-3,-1,2,-1,0,1,3,2,3,4
1045,1045,1045,1047,17,16,15,16,0,0,-2,1,1,-1,1,3,1,1,2,4
569,567,562,562,18,17,18,16,2,5,0,1,-1,2,2,2,1,1,1,4
543,541,536,536,18,17,18,18,2,5,0,1,-1,0,0,1,2,2,2,4
1047,1043,1040,1043,13,14,15,13,4,3,-3,-1,-1,2,0,2,2,1,2,4
996,993,991,993,13,14,15,13,3,2,-2,-1,-1,2,0,2,3,2,3,4
260,257,253,253,14,17,15,16,3,4,0,-3,2,-1,-2,2,1,3,1,4
607,604,600,600,14,17,15,16,3,4,0,-3,2,-1,-2,2,1,3,1,4
279,274,271,276,18,17,18,18,5,3,-5,1,-1,0,0,2,2,1,1,4
429,426,426,424,20,19,20,18,3,0,2,1,-1,2,2,2,1,1,2,4
700,698,698,698,20,19,20,18,2,0,0,1,-1,2,2,2,1,3,1,4
939,937,935,925,20,19,18,19,2,2,10,1,1,-1,1,2,3,2,2,4
529,520,506,520,14,14,15,13,9,14,-14,0,-1,2,1,1,1,1,1,4
869,867,855,860,18,19,18,18,2,12,-5,-1,1,0,0,2,1,2,2,4
562,557,555,553,21,19,23,21,5,2,2,2,-4,2,0,1,3,2,1,4
670,665,663,663,13,14,12,13,5,2,0,-1,2,-1,0,3,3,2,2,4
492,475,475,473,14,16,15,16,17,0,2,-2,1,-1,-2,1,2,2,1,4
358,353,360,356,17,19,18,18,5,-7,4,-2,1,0,-1,2,2,1,1,4
928,921,921,918,18,17,18,19,7,0,3,1,-1,-1,-1,1,2,2,1,4
717,717,719,717,13,14,15,13,0,-2,2,-1,-1,2,0,3,3,2,1,4
632,625,628,625,17,17,15,16,7,-3,3,0,2,-1,1,1,2,1,2,4
262,262,257,257,14,14,13,13,0,5,0,0,1,0,1,3,3,3,1,4
281,274,271,271,21,19,20,18,7,3,0,2,-1,2,3,1,2,1,1,4
1071,1064,1057,1054,13,14,12,13,7,7,3,-1,2,-1,0,2,3,2,1,4
1017,1017,1017,1017,20,19,20,18,0,0,0,1,-1,2,2,1,1,1,1,4
250,243,236,234,21,19,20,21,7,7,2,2,-1,-1,0,2,1,2,3,4
239,227,224,222,14,14,15,16,12,3,2,0,-1,-1,-2,1,2,1,2,4
412,410,410,407,17,16,18,18,2,0,3,1,-2,0,-1,3,2,2,3,4
609,604,602,604,14,14,13,13,5,2,-2,0,1,0,1,1,1,2,1,4
468,461,464,464,20,19,18,18,7,-3,0,1,1,0,2,1,2,1,1,4
674,660,665,674,13,14,15,13,14,-5,-9,-1,-1,2,0,3,3,1,1,4
302,300,302,297,18,19,18,19,2,-2,5,-1,1,-1,-1,2,1,2,2,4
829,827,822,824,14,17,15,16,2,5,-2,-3,2,-1,-2,1,2,2,1,4
1021,1021,1019,1019,20,19,20,18,0,2,0,1,-1,2,2,1,3,2,2,4
553,539,534,539,14,14,13,13,14,5,-5,0,1,0,1,3,3,1,1,4
255,253,253,248,14,14,13,13,2,0,5,0,1,0,1,2,1,1,3,4
787,789,782,782,18,19,18,19,-2,7,0,-1,1,-1,-1,3,2,1,1,4
621,618,616,614,21,19,21,19,3,2,2,2,-2,2,2,2,3,2,1,4
227,227,224,224,18,17,18,16,0,3,0,1,-1,2,2,2,2,1,1,4
822,817,820,817,18,17,18,16,5,-3,3,1,-1,2,2,2,2,1,2,4
691,679,667,670,13,14,15,13,12,12,-3,-1,-1,2,0,2,1,2,1,4
932,937,932,932,17,16,18,16,-5,5,0,1,-2,2,1,1,1,1,1,4
738,738,736,740,20,19,18,18,0,2,-4,1,1,0,2,2,2,1,1,4
960,953,949,946,13,14,15,13,7,4,3,-1,-1,2,0,1,2,2,1,4
189,185,1078,1075,14,14,15,13,4,-893,3,0,-1,2,1,2,2,1,2,4
571,567,562,560,18,17,18,18,4,5,2,1,-1,0,0,3,3,3,2,4
867,869,860,869,14,14,13,13,-2,9,-9,0,1,0,1,1,2,2,2,4
222,217,201,208,21,19,21,19,5,16,-7,2,-2,2,2,2,2,1,2,4
729,724,721,728,17,16,15,16,5,3,-7,1,1,-1,1,2,2,1,2,4
745,745,738,740,17,16,18,16,0,7,-2,1,-2,2,1,3,3,2,1,4
363,356,356,356,20,19,18,18,7,0,0,1,1,0,2,2,1,1,3,4
963,960,946,949,13,14,15,13,3,14,-3,-1,-1,2,0,2,1,1,2,4
670,670,670,672,20,19,20,18,0,0,-2,1,-1,2,2,1,1,1,2,4
524,520,520,515,21,19,20,19,4,0,5,2,-1,1,2,1,3,1,1,4
810,789,785,782,14,14,13,13,21,4,3,0,1,0,1,1,2,2,1,4
398,393,393,393,17,16,15,16,5,0,0,1,1,-1,1,1,1,1,1,4
274,269,271,271,18,19,20,18,5,-2,0,-1,-1,2,0,2,2,1,1,4
496,494,487,489,18,19,18,19,2,7,-2,-1,1,-1,-1,1,2,1,2,4
1054,1050,1050,1050,17,19,18,18,4,0,0,-2,1,0,-1,1,1,3,1,4
729,736,726,726,20,19,18,18,-7,10,0,1,1,0,2,2,1,1,1,4
407,410,407,405,20,19,18,21,-3,3,2,1,1,-3,-1,3,2,3,2,4
916,914,914,909,18,17,18,19,2,0,5,1,-1,-1,-1,2,1,3,3,4
721,717,717,717,13,14,15,16,4,0,0,-1,-1,-1,-3,1,1,1,1,4
248,234,234,234,21,19,20,18,14,0,0,2,-1,2,3,1,1,1,1,4
499,501,487,487,14,17,15,16,-2,14,0,-3,2,-1,-2,2,3,3,1,4
1019,1017,1012,1010,17,16,15,16,2,5,2,1,1,-1,1,2,3,1,2,4
1038,1031,1024,1026,17,19,18,18,7,7,-2,-2,1,0,-1,2,3,2,1,4
942,942,937,939,13,14,15,13,0,5,-2,-1,-1,2,0,1,3,1,2,4
379,374,374,374,20,19,20,21,5,0,0,1,-1,-1,-1,3,3,1,1,4
576,574,574,571,14,14,13,13,2,0,3,0,1,0,1,1,2,2,3,4
529,527,517,517,14,14,13,13,2,10,0,0,1,0,1,1,2,2,2,4
667,660,663,663,20,19,18,18,7,-3,0,1,1,0,2,2,3,2,2,4
764,761,761,764,13,14,15,13,3,0,-3,-1,-1,2,0,1,2,2,1,4
323,318,314,311,14,14,15,13,5,4,3,0,-1,2,1,1,3,1,2,4
951,949,937,937,13,14,15,16,2,12,0,-1,-1,-1,-3,1,2,3,1,4
918,909,907,904,14,14,15,13,9,2,3,0,-1,2,1,3,1,2,3,4
911,909,904,902,21,19,20,19,2,5,2,2,-1,1,2,2,3,1,2,4
335,337,335,332,17,16,15,16,-2,2,3,1,1,-1,1,2,1,2,1,4
944,939,937,935,13,14,15,13,5,2,2,-1,-1,2,0,2,2,1,2,4
536,532,534,534,21,19,20,21,4,-2,0,2,-1,-1,0,2,2,1,1,4
890,881,876,881,21,19,20,19,9,5,-5,2,-1,1,2,1,3,3,3,4
332,339,328,328,20,19,21,21,-7,11,0,1,-2,0,-1,1,2,1,1,4
185,1078,1078,1068,18,19,18,18,-893,0,10,-1,1,0,0,2,1,1,1,4
848,832,829,827,18,17,18,19,16,3,2,1,-1,-1,-1,1,2,1,2,4
616,614,611,614,21,19,21,19,2,3,-3,2,-2,2,2,2,1,2,1,4
967,967,965,967,13,16,15,16,0,2,-2,-3,1,-1,-3,2,2,1,2,4
475,466,466,468,13,14,15,13,9,0,-2,-1,-1,2,0,2,2,2,1,4
536,527,522,520,14,14,13,13,9,5,2,0,1,0,1,2,2,2,3,4
796,787,782,787,14,14,13,13,9,5,-5,0,1,0,1,3,1,1,1,4
775,768,761,764,17,16,15,16,7,7,-3,1,1,-1,1,2,3,2,1,4
283,276,267,274,14,14,15,13,7,9,-7,0,-1,2,1,2,3,3,2,4
719,717,717,717,13,14,12,13,2,0,0,-1,2,-1,0,2,1,1,3,4
393,391,391,389,17,16,15,16,2,0,2,1,1,-1,1,1,2,2,3,4
496,489,487,487,18,19,18,19,7,2,0,-1,1,-1,-1,1,2,1,1,4
984,977,979,977,17,16,18,16,7,-2,2,1,-2,2,1,1,2,1,2,4
501,492,492,496,14,14,15,13,9,0,-4,0,-1,2,1,1,3,1,1,4
869,867,867,867,14,14,15,13,2,0,0,0,-1,2,1,2,3,1,1,4
963,960,953,958,20,19,20,21,3,7,-5,1,-1,-1,-1,2,3,2,2,4
670,663,663,670,20,19,18,18,7,0,-7,1,1,0,2,1,2,2,1,4
843,839,841,841,21,19,20,21,4,-2,0,2,-1,-1,0,1,1,2,2,4
297,288,276,274,14,14,13,13,9,12,2,0,1,0,1,2,2,1,2,4
358,351,351,351,17,16,18,18,7,0,0,1,-2,0,-1,2,1,3,1,4
1021,1014,1010,1007,20,19,20,18,7,4,3,1,-1,2,2,1,2,2,1,4
571,571,562,560,14,14,15,13,0,9,2,0,-1,2,1,3,3,1,2,4
738,731,724,724,13,16,15,16,7,7,0,-3,1,-1,-3,2,3,2,2,4
562,553,548,553,18,17,18,18,9,5,-5,1,-1,0,0,1,1,1,3,4
283,276,276,269,14,14,13,13,7,0,7,0,1,0,1,2,1,1,2,4
546,543,543,539,14,17,15,16,3,0,4,-3,2,-1,-2,2,3,1,1,4
782,775,785,792,14,14,13,13,7,-10,-7,0,1,0,1,1,2,2,1,4
867,857,857,853,14,14,15,13,10,0,4,0,-1,2,1,3,1,3,1,4
871,862,867,869,14,14,13,13,9,-5,-2,0,1,0,1,3,3,3,2,4
1075,1075,1075,1068,13,16,15,16,0,0,7,-3,1,-1,-3,2,2,2,3,4
300,295,293,293,14,14,13,13,5,2,0,0,1,0,1,1,3,2,2,4
262,260,257,257,18,17,18,18,2,3,0,1,-1,0,0,3,2,1,1,4
946,944,942,939,13,14,12,13,2,2,3,-1,2,-1,0,3,2,1,2,4
750,745,743,743,13,16,15,16,5,2,0,-3,1,-1,-3,1,1,2,2,4
686,684,682,679,20,19,18,18,2,2,3,1,1,0,2,2,1,2,1,4
871,862,869,876,14,14,13,13,9,-7,-7,0,1,0,1,3,3,2,1,4
764,764,761,759,20,19,20,18,0,3,2,1,-1,2,2,3,1,2,1,4
452,450,447,450,20,19,20,18,2,3,-3,1,-1,2,2,2,1,2,1,4
438,438,436,433,13,14,12,13,0,2,3,-1,2,-1,0,2,2,1,2,4
923,909,895,900,18,17,18,16,14,14,-5,1,-1,2,2,1,1,1,1,4
353,346,344,346,17,19,18,18,7,2,-2,-2,1,0,-1,2,1,2,1,4
213,208,203,203,21,19,20,21,5,5,0,2,-1,-1,0,2,2,2,2,4
342,344,335,337,13,16,15,16,-2,9,-2,-3,1,-1,-3,1,2,2,1,4
557,553,553,555,18,19,18,21,4,0,-2,-1,1,-3,-3,1,1,1,2,4
1059,1059,1050,1052,13,14,15,13,0,9,-2,-1,-1,2,0,1,3,3,2,4
386,384,384,379,13,14,15,16,2,0,5,-1,-1,-1,-3,2,3,3,3,4
928,921,923,923,18,19,18,19,7,-2,0,-1,1,-1,-1,1,2,3,3,4
1033,1028,1026,1033,20,19,20,21,5,2,-7,1,-1,-1,-1,2,2,1,2,4
660,658,656,651,17,16,18,16,2,2,5,1,-2,2,1,1,2,1,3,4
253,246,243,243,18,17,18,18,7,3,0,1,-1,0,0,3,2,1,1,4
689,693,693,689,13,14,15,13,-4,0,4,-1,-1,2,0,1,3,1,1,4
494,492,489,492,18,17,18,19,2,3,-3,1,-1,-1,-1,2,1,2,1,4
989,986,984,984,13,14,15,16,3,2,0,-1,-1,-1,-3,1,2,1,1,4
475,473,473,468,17,16,18,16,2,0,5,1,-2,2,1,2,3,3,1,4
937,939,937,937,20,19,20,18,-2,2,0,1,-1,2,2,1,2,1,1,4
300,295,295,290,18,17,18,19,5,0,5,1,-1,-1,-1,3,1,3,1,4
684,686,684,684,17,16,15,16,-2,2,0,1,1,-1,1,1,2,3,1,4
574,571,569,574,18,17,18,18,3,2,-5,1,-1,0,0,2,1,2,2,4
729,731,726,721,17,16,15,16,-2,5,5,1,1,-1,1,2,1,3,1,4
466,464,454,454,20,19,20,18,2,10,0,1,-1,2,2,2,1,1,1,4
700,700,698,696,13,14,15,13,0,2,2,-1,-1,2,0,2,2,1,2,4
414,412,407,405,17,19,18,21,2,5,2,-2,1,-3,-4,2,1,1,2,4
569,567,562,564,21,19,20,21,2,5,-2,2,-1,-1,0,2,1,1,2,4
700,700,703,703,20,19,20,18,0,-3,0,1,-1,2,2,2,2,1,1,4
712,705,700,703,13,14,15,13,7,5,-3,-1,-1,2,0,3,2,2,1,4
335,332,328,328,17,16,18,19,3,4,0,1,-2,-1,-2,2,1,1,1,4
579,576,569,567,14,14,15,13,3,7,2,0,-1,2,1,2,1,2,1,4
520,532,522,524,18,17,18,19,-12,10,-2,1,-1,-1,-1,1,2,2,1,4
914,909,914,914,14,14,13,13,5,-5,0,0,1,0,1,1,3,1,1,4
248,246,243,243,21,19,20,21,2,3,0,2,-1,-1,0,3,2,1,1,4
782,775,778,771,14,14,15,13,7,-3,7,0,-1,2,1,1,2,1,2,4
810,740,736,731,14,14,15,13,70,4,5,0,-1,2,1,1,1,3,1,4
644,635,635,635,17,16,15,16,9,0,0,1,1,-1,1,2,2,2,2,4
454,445,445,445,13,14,15,13,9,0,0,-1,-1,2,0,1,3,1,1,4
984,982,979,979,20,19,20,18,2,3,0,1,-1,2,2,1,2,3,1,4
487,478,478,475,14,14,13,13,9,0,3,0,1,0,1,1,1,1,2,4
850,841,822,832,14,14,15,13,9,19,-10,0,-1,2,1,2,2,2,2,4
679,684,677,679,13,14,12,13,-5,7,-2,-1,2,-1,0,1,3,2,1,4
1068,1064,1061,1064,17,16,18,18,4,3,-3,1,-2,0,-1,3,1,2,1,4
487,487,487,482,18,19,18,19,0,0,5,-1,1,-1,-1,1,3,1,1,4
510,501,499,496,14,14,15,13,9,2,3,0,-1,2,1,3,1,2,1,4
339,337,332,337,17,16,15,16,2,5,-5,1,1,-1,1,2,3,1,1,4
271,257,257,260,21,19,20,18,14,0,-3,2,-1,2,3,1,1,1,2,4
363,360,363,365,17,16,15,16,3,-3,-2,1,1,-1,1,2,1,2,1,4
487,485,473,475,18,17,18,16,2,12,-2,1,-1,2,2,1,2,1,2,4
656,653,651,651,20,19,20,18,3,2,0,1,-1,2,2,1,2,3,3,4
736,743,736,731,20,19,18,18,-7,7,5,1,1,0,2,1,2,1,1,4
454,452,454,454,20,19,20,21,2,-2,0,1,-1,-1,-1,3,2,1,1,4
431,436,428,426,17,16,18,18,-5,8,2,1,-2,0,-1,1,1,2,3,4
440,440,431,431,13,14,15,13,0,9,0,-1,-1,2,0,1,3,1,3,4
571,569,567,562,14,14,13,13,2,2,5,0,1,0,1,3,2,1,3,4
874,864,867,867,18,17,18,18,10,-3,0,1,-1,0,0,2,2,1,1,4
759,757,754,754,13,14,12,13,2,3,0,-1,2,-1,0,1,2,3,1,4
764,759,761,754,13,14,15,13,5,-2,7,-1,-1,2,0,1,3,2,1,4
267,260,257,253,18,17,18,18,7,3,4,1,-1,0,0,1,2,1,1,4
897,893,893,888,21,19,20,21,4,0,5,2,-1,-1,0,2,2,2,2,4
674,674,670,670,20,19,20,21,0,4,0,1,-1,-1,-1,1,3,1,3,4
614,604,604,607,18,19,18,19,10,0,-3,-1,1,-1,-1,3,3,1,2,4
307,304,300,295,21,19,20,21,3,4,5,2,-1,-1,0,2,3,1,1,4
290,286,283,286,14,14,13,13,4,3,-3,0,1,0,1,1,3,2,3,4
274,267,262,260,14,14,13,13,7,5,2,0,1,0,1,2,3,1,2,4
187,185,1073,1078,14,17,15,16,2,-888,-5,-3,2,-1,-2,1,2,1,1,4
246,239,243,243,21,19,20,21,7,-4,0,2,-1,-1,0,2,1,1,1,4
787,782,785,785,14,14,13,13,5,-3,0,0,1,0,1,1,1,2,2,4
637,637,639,637,20,19,18,18,0,-2,2,1,1,0,2,3,1,2,1,4
618,611,614,618,14,17,15,16,7,-3,-4,-3,2,-1,-2,3,2,1,1,4
665,660,656,658,13,14,12,13,5,4,-2,-1,2,-1,0,1,3,3,2,4
860,857,850,850,14,14,13,13,3,7,0,0,1,0,1,2,3,2,2,4
651,642,644,644,17,19,18,18,9,-2,0,-2,1,0,-1,1,1,2,2,4
918,914,914,911,18,17,18,16,4,0,3,1,-1,2,2,1,1,1,2,4
932,925,921,928,13,17,15,16,7,4,-7,-4,2,-1,-3,1,2,2,1,4
440,440,440,436,20,19,20,18,0,0,4,1,-1,2,2,1,1,1,1,4
918,918,914,914,18,19,18,19,0,4,0,-1,1,-1,-1,1,3,3,3,4
262,250,255,257,18,17,18,16,12,-5,-2,1,-1,2,2,1,2,2,1,4
754,747,738,740,17,16,18,16,7,9,-2,1,-2,2,1,1,2,2,1,4
1071,1073,1068,1068,20,19,20,18,-2,5,0,1,-1,2,2,2,1,1,1,4
1040,1036,1031,1038,20,19,20,21,4,5,-7,1,-1,-1,-1,1,1,1,2,4
316,316,314,311,18,19,18,19,0,2,3,-1,1,-1,-1,2,2,3,2,4
569,567,567,571,14,14,15,13,2,0,-4,0,-1,2,1,2,1,1,3,4
761,754,752,754,13,14,12,13,7,2,-2,-1,2,-1,0,2,3,2,1,4
384,379,374,377,20,19,20,18,5,5,-3,1,-1,2,2,1,3,1,2,4
768,764,759,754,20,19,20,21,4,5,5,1,-1,-1,-1,1,1,1,1,4
353,346,339,342,17,16,15,16,7,7,-3,1,1,-1,1,2,1,2,1,4
984,984,986,984,17,19,18,18,0,-2,2,-2,1,0,-1,1,1,2,1,4
475,473,464,468,13,14,12,13,2,9,-4,-1,2,-1,0,2,3,1,1,4
583,581,574,576,14,14,15,16,2,7,-2,0,-1,-1,-2,2,3,2,1,4
1017,1017,1014,1012,17,16,18,16,0,3,2,1,-2,2,1,1,1,2,1,4
349,342,346,344,17,16,15,16,7,-4,2,1,1,-1,1,2,3,3,2,4
485,473,471,468,14,14,12,13,12,2,3,0,2,-1,1,2,3,2,3,4
803,796,796,799,14,14,15,13,7,0,-3,0,-1,2,1,2,3,1,2,4
806,796,792,787,14,14,13,13,10,4,5,0,1,0,1,3,3,3,3,4
360,365,365,363,20,19,20,18,-5,0,2,1,-1,2,2,1,1,1,2,4
1052,1045,1040,1045,20,19,20,21,7,5,-5,1,-1,-1,-1,2,1,1,1,4
864,860,857,860,18,17,18,18,4,3,-3,1,-1,0,0,2,2,1,2,4
813,810,806,808,18,17,18,19,3,4,-2,1,-1,-1,-1,2,3,3,2,4
461,452,447,445,13,14,15,13,9,5,2,-1,-1,2,0,2,2,2,1,4
700,698,696,703,17,19,18,18,2,2,-7,-2,1,0,-1,2,1,2,1,4
996,996,998,996,20,19,20,18,0,-2,2,1,-1,2,2,2,2,1,2,4
571,574,571,571,14,17,15,16,-3,3,0,-3,2,-1,-2,1,2,1,1,4
241,236,229,234,21,19,20,18,5,7,-5,2,-1,2,3,2,2,1,3,4
417,419,419,417,17,16,18,18,-2,0,2,1,-2,0,-1,1,2,2,1,4
719,728,724,724,13,14,12,13,-9,4,0,-1,2,-1,0,2,2,2,2,4
679,677,672,679,13,14,12,13,2,5,-7,-1,2,-1,0,1,2,2,1,4
255,257,248,250,14,17,15,16,-2,9,-2,-3,2,-1,-2,2,1,1,2,4
628,623,623,625,18,19,18,19,5,0,-2,-1,1,-1,-1,1,1,1,2,4
867,867,862,862,21,19,20,21,0,5,0,2,-1,-1,0,1,1,1,3,4
316,314,309,309,21,19,21,19,2,5,0,2,-2,2,2,2,1,1,1,4
492,485,482,482,21,19,21,19,7,3,0,2,-2,2,2,1,2,1,1,4
801,796,796,796,18,17,18,16,5,0,0,1,-1,2,2,3,1,1,1,4
778,764,771,773,17,16,15,16,14,-7,-2,1,1,-1,1,1,1,2,1,4
946,944,939,937,13,14,15,13,2,5,2,-1,-1,2,0,1,2,2,3,4
323,316,311,314,14,17,15,16,7,5,-3,-3,2,-1,-2,3,2,2,3,4
775,775,775,773,13,14,13,13,0,0,2,-1,1,0,0,2,2,2,3,4
271,260,436,257,14,17,15,16,11,-176,179,-3,2,-1,-2,3,2,1,1,4
485,489,485,485,18,17,18,16,-4,4,0,1,-1,2,2,2,2,2,2,4
440,443,436,438,20,19,18,18,-3,7,-2,1,1,0,2,3,2,1,2,4
300,290,290,293,14,14,15,13,10,0,-3,0,-1,2,1,3,1,1,2,4
1003,1003,1003,1005,17,16,18,21,0,0,-2,1,-2,-3,-4,3,1,1,2,4
1000,996,996,1000,13,14,15,13,4,0,-4,-1,-1,2,0,2,2,2,2,4
314,311,307,309,14,14,13,13,3,4,-2,0,1,0,1,1,2,2,1,4
337,335,328,337,13,14,13,13,2,7,-9,-1,1,0,0,3,2,1,1,4
932,939,928,923,17,16,15,16,-7,11,5,1,1,-1,1,1,2,1,1,4
843,853,846,850,14,17,15,16,-10,7,-4,-3,2,-1,-2,1,1,2,2,4
192,192,189,194,14,14,13,13,0,3,-5,0,1,0,1,1,1,2,2,4
206,203,203,206,14,14,15,13,3,0,-3,0,-1,2,1,1,2,2,1,4
886,883,886,886,18,17,18,19,3,-3,0,1,-1,-1,-1,3,2,1,1,4
290,288,286,286,14,14,13,13,2,2,0,0,1,0,1,3,2,3,1,4
309,304,295,297,14,14,15,13,5,9,-2,0,-1,2,1,3,3,1,2,4
290,288,288,283,14,14,15,13,2,0,5,0,-1,2,1,1,2,2,2,4
548,555,548,548,18,19,18,16,-7,7,0,-1,1,2,2,1,2,3,1,4
220,222,217,213,18,17,18,19,-2,5,4,1,-1,-1,-1,1,2,2,2,4
831,832,829,820,14,14,15,13,-1,3,9,0,-1,2,1,2,2,1,1,4
316,311,316,318,14,14,13,13,5,-5,-2,0,1,0,1,2,2,2,1,4
604,595,588,595,14,14,13,13,9,7,-7,0,1,0,1,1,3,2,1,4
1073,1068,1066,1050,20,19,18,18,5,2,16,1,1,0,2,1,1,2,1,4
1045,1045,1047,1043,13,16,15,16,0,-2,4,-3,1,-1,-3,3,1,2,2,4
1003,998,1000,1003,17,16,15,16,5,-2,-3,1,1,-1,1,1,1,2,1,4
571,564,567,567,18,19,18,18,7,-3,0,-1,1,0,0,3,2,1,1,4
808,799,796,796,18,17,18,16,9,3,0,1,-1,2,2,2,2,1,3,4
1036,1028,1033,1036,20,19,20,18,8,-5,-3,1,-1,2,2,3,2,2,1,4
689,686,679,679,20,19,20,21,3,7,0,1,-1,-1,-1,1,2,1,1,4
963,960,960,965,13,14,15,13,3,0,-5,-1,-1,2,0,2,1,1,1,4
921,923,916,921,14,14,15,16,-2,7,-5,0,-1,-1,-2,2,3,2,2,4
824,820,815,817,18,17,18,19,4,5,-2,1,-1,-1,-1,1,3,3,2,4
288,278,276,276,21,19,20,21,10,2,0,2,-1,-1,0,2,2,1,1,4
1038,1036,1036,1038,20,19,20,18,2,0,-2,1,-1,2,2,2,3,1,2,4
714,712,712,712,20,19,20,18,2,0,0,1,-1,2,2,2,1,1,1,4
248,248,210,248,14,14,15,13,0,38,-38,0,-1,2,1,3,1,1,1,4
796,785,773,773,18,17,18,18,11,12,0,1,-1,0,0,3,2,1,1,4
473,473,473,475,20,19,20,21,0,0,-2,1,-1,-1,-1,1,1,1,2,4
304,302,300,302,21,19,20,21,2,2,-2,2,-1,-1,0,3,2,1,2,4
909,904,895,895,14,17,15,16,5,9,0,-3,2,-1,-2,1,1,1,1,4
276,276,271,267,14,17,15,16,0,5,4,-3,2,-1,-2,1,1,3,3,4
827,822,822,820,14,14,15,13,5,0,2,0,-1,2,1,2,2,2,1,4
424,424,421,419,20,19,20,18,0,3,2,1,-1,2,2,2,2,1,2,4
522,520,515,534,14,14,13,13,2,5,-19,0,1,0,1,2,3,3,1,4
309,304,297,300,14,17,15,16,5,7,-3,-3,2,-1,-2,1,1,2,1,4
707,710,703,703,20,19,18,18,-3,7,0,1,1,0,2,3,2,1,1,4
496,482,485,487,18,19,18,19,14,-3,-2,-1,1,-1,-1,3,1,2,1,4
874,862,857,860,14,17,15,16,12,5,-3,-3,2,-1,-2,2,1,1,2,4
370,370,365,367,17,16,18,16,0,5,-2,1,-2,2,1,3,1,1,2,4
234,232,229,227,14,14,13,13,2,3,2,0,1,0,1,3,2,3,2,4
820,815,815,810,18,19,20,19,5,0,5,-1,-1,1,-1,1,1,1,3,4
192,187,192,189,18,19,18,19,5,-5,3,-1,1,-1,-1,3,1,1,2,4
974,972,970,970,17,16,15,16,2,2,0,1,1,-1,1,3,2,1,1,4
281,278,281,276,14,14,15,13,3,-3,5,0,-1,2,1,1,2,3,3,4
949,949,951,953,20,19,20,21,0,-2,-2,1,-1,-1,-1,2,2,1,2,4
541,529,527,529,18,17,18,19,12,2,-2,1,-1,-1,-1,2,1,2,1,4
524,520,522,520,18,17,18,19,4,-2,2,1,-1,-1,-1,1,3,2,1,4
646,639,642,637,20,19,18,18,7,-3,5,1,1,0,2,3,2,1,1,4
459,457,454,454,13,14,12,13,2,3,0,-1,2,-1,0,1,2,3,1,4
267,269,269,267,21,19,20,21,-2,0,2,2,-1,-1,0,1,2,2,1,4
293,290,290,288,21,19,20,19,3,0,2,2,-1,1,2,2,1,1,2,4
553,536,534,532,14,14,15,13,17,2,2,0,-1,2,1,1,2,3,2,4
881,881,878,881,14,17,15,16,0,3,-3,-3,2,-1,-2,3,3,2,1,4
433,433,436,436,20,19,20,21,0,-3,0,1,-1,-1,-1,2,2,3,1,4
407,407,405,405,20,19,23,21,0,2,0,1,-4,2,-1,1,1,2,2,4
421,421,421,421,13,14,12,13,0,0,0,-1,2,-1,0,1,3,3,1,4
792,787,785,782,18,19,18,19,5,2,3,-1,1,-1,-1,3,1,2,1,4
471,475,471,473,20,19,20,18,-4,4,-2,1,-1,2,2,2,2,2,1,4
1050,1045,1045,1038,13,14,15,13,5,0,7,-1,-1,2,0,3,3,1,2,4
386,382,382,379,20,19,18,18,4,0,3,1,1,0,2,2,2,2,1,4
853,846,843,843,18,17,18,18,7,3,0,1,-1,0,0,1,2,1,1,4
281,267,262,262,14,17,15,16,14,5,0,-3,2,-1,-2,3,1,1,1,4
365,363,360,360,13,14,15,16,2,3,0,-1,-1,-1,-3,1,2,3,1,4
506,499,492,485,18,17,18,16,7,7,7,1,-1,2,2,1,2,1,2,4
546,543,541,539,21,19,20,21,3,2,2,2,-1,-1,0,2,3,2,1,4
778,771,773,773,20,19,18,18,7,-2,0,1,1,0,2,1,2,1,1,4
515,510,510,506,14,14,15,13,5,0,4,0,-1,2,1,1,1,1,1,4
637,635,635,632,13,14,15,13,2,0,3,-1,-1,2,0,1,2,2,1,4
674,674,672,674,17,19,18,18,0,2,-2,-2,1,0,-1,3,1,2,1,4
196,189,182,187,14,14,13,13,7,7,-5,0,1,0,1,1,2,1,1,4
279,276,271,276,18,17,18,18,3,5,-5,1,-1,0,0,2,3,3,1,4
869,857,853,850,18,17,18,18,12,4,3,1,-1,0,0,2,3,1,2,4
881,878,874,871,21,19,20,21,3,4,3,2,-1,-1,0,1,2,2,1,4
185,187,185,187,14,14,15,13,-2,2,-2,0,-1,2,1,2,1,2,1,4
239,232,227,227,14,14,13,13,7,5,0,0,1,0,1,3,2,2,2,4
609,602,600,602,21,19,20,21,7,2,-2,2,-1,-1,0,1,2,1,2,4
297,295,286,283,18,17,18,16,2,9,3,1,-1,2,2,2,3,1,2,4
600,590,571,590,18,19,18,19,10,19,-19,-1,1,-1,-1,3,3,1,1,4
820,815,813,817,14,14,13,13,5,2,-4,0,1,0,1,3,1,2,2,4
787,773,773,775,14,16,15,16,14,0,-2,-2,1,-1,-2,1,3,1,2,4
902,897,895,897,14,17,15,16,5,2,-2,-3,2,-1,-2,2,2,3,2,4
656,656,656,651,20,19,20,18,0,0,5,1,-1,2,2,3,3,1,1,4
672,670,670,665,13,16,15,16,2,0,5,-3,1,-1,-3,2,3,3,3,4
360,360,356,353,20,19,18,18,0,4,3,1,1,0,2,1,3,1,2,4
651,644,642,635,13,14,12,13,7,2,7,-1,2,-1,0,3,2,1,2,4
714,707,700,707,13,14,15,16,7,7,-7,-1,-1,-1,-3,2,3,2,1,4
932,925,923,923,13,14,13,13,7,2,0,-1,1,0,0,1,2,3,3,4
562,562,562,560,14,14,13,13,0,0,2,0,1,0,1,3,1,3,2,4
902,895,895,893,18,19,18,19,7,0,2,-1,1,-1,-1,2,3,1,2,4
949,944,944,942,17,16,18,18,5,0,2,1,-2,0,-1,2,2,2,1,4
557,553,548,548,14,14,13,13,4,5,0,0,1,0,1,3,3,3,1,4
857,857,853,850,14,17,15,16,0,4,3,-3,2,-1,-2,1,3,1,2,4
890,886,886,888,21,19,20,21,4,0,-2,2,-1,-1,0,1,1,1,2,4
208,208,208,206,18,17,18,19,0,0,2,1,-1,-1,-1,2,2,2,1,4
407,405,407,410,13,14,12,13,2,-2,-3,-1,2,-1,0,1,2,3,2,4
900,897,897,895,21,19,20,21,3,0,2,2,-1,-1,0,3,2,2,3,4
337,332,335,337,17,16,15,16,5,-3,-2,1,1,-1,1,1,1,2,1,4
1054,1057,1054,1052,13,14,12,13,-3,3,2,-1,2,-1,0,3,2,1,2,4
618,604,604,609,18,19,18,19,14,0,-5,-1,1,-1,-1,3,1,3,1,4
381,372,372,370,13,14,12,13,9,0,2,-1,2,-1,0,2,2,2,1,4
438,433,436,433,20,19,20,21,5,-3,3,1,-1,-1,-1,2,2,1,2,4
579,567,569,567,14,17,15,16,12,-2,2,-3,2,-1,-2,2,3,2,1,4
1078,1073,1075,1075,13,16,15,16,5,-2,0,-3,1,-1,-3,1,3,2,2,4
773,782,759,764,13,14,15,13,-9,23,-5,-1,-1,2,0,1,1,1,1,4
417,417,421,426,17,16,18,18,0,-4,-5,1,-2,0,-1,1,1,1,1,4
365,365,360,363,13,14,15,13,0,5,-3,-1,-1,2,0,1,3,1,2,4
785,785,778,778,18,17,18,18,0,7,0,1,-1,0,0,2,2,1,1,4
468,466,464,464,13,14,15,13,2,2,0,-1,-1,2,0,3,2,1,3,4
810,801,796,803,14,14,13,13,9,5,-7,0,1,0,1,3,1,1,2,4
417,421,421,417,13,14,12,13,-4,0,4,-1,2,-1,0,3,1,1,1,4
921,914,916,914,18,19,18,19,7,-2,2,-1,1,-1,-1,2,1,2,1,4
215,206,206,203,14,14,15,13,9,0,3,0,-1,2,1,1,3,1,2,4
550,553,553,560,21,19,20,21,-3,0,-7,2,-1,-1,0,2,3,1,2,4
389,389,384,384,13,16,15,16,0,5,0,-3,1,-1,-3,1,3,3,3,4
515,503,501,506,14,17,15,16,12,2,-5,-3,2,-1,-2,1,2,1,1,4
426,421,419,421,17,16,18,16,5,2,-2,1,-2,2,1,1,1,2,1,4
752,750,740,745,13,14,15,16,2,10,-5,-1,-1,-1,-3,2,3,1,1,4
928,923,925,923,18,17,18,16,5,-2,2,1,-1,2,2,1,3,2,1,4
977,967,967,970,17,16,18,16,10,0,-3,1,-2,2,1,2,2,2,1,4
267,262,260,262,18,17,18,18,5,2,-2,1,-1,0,0,1,3,2,1,4
879,871,871,871,14,17,15,16,8,0,0,-3,2,-1,-2,2,1,1,1,4
452,452,447,454,13,14,12,13,0,5,-7,-1,2,-1,0,2,2,2,1,4
314,314,309,314,18,17,18,19,0,5,-5,1,-1,-1,-1,1,3,1,3,4
986,979,974,977,17,16,18,16,7,5,-3,1,-2,2,1,2,3,3,2,4
871,867,862,860,14,17,15,16,4,5,2,-3,2,-1,-2,1,1,1,2,4
229,222,222,220,14,17,15,16,7,0,2,-3,2,-1,-2,1,2,2,1,4
698,696,689,689,17,19,18,18,2,7,0,-2,1,0,-1,1,2,1,1,4
503,494,494,496,18,19,18,19,9,0,-2,-1,1,-1,-1,2,2,2,1,4
595,590,593,595,18,19,18,19,5,-3,-2,-1,1,-1,-1,1,1,2,1,4
290,283,276,286,14,14,13,13,7,7,-10,0,1,0,1,1,2,1,1,4
487,482,482,482,21,19,21,19,5,0,0,2,-2,2,2,1,1,1,1,4
831,822,820,817,14,17,15,16,9,2,3,-3,2,-1,-2,2,2,3,2,4
407,410,400,412,17,16,15,16,-3,10,-12,1,1,-1,1,1,2,2,1,4
440,438,438,436,20,19,18,18,2,0,2,1,1,0,2,1,2,2,1,4
707,705,703,703,13,14,15,13,2,2,0,-1,-1,2,0,1,2,1,3,4
1073,1071,185,1068,17,16,18,18,2,886,-883,1,-2,0,-1,3,2,2,3,4
862,864,857,860,14,17,15,16,-2,7,-3,-3,2,-1,-2,1,2,3,2,4
569,567,562,564,18,19,18,18,2,5,-2,-1,1,0,0,2,1,3,2,4
956,951,946,949,13,14,12,13,5,5,-3,-1,2,-1,0,3,1,1,2,4
1045,1038,1031,1028,13,14,15,13,7,7,3,-1,-1,2,0,1,2,1,2,4
506,510,506,501,14,14,15,13,-4,4,5,0,-1,2,1,1,1,1,1,4
522,513,499,503,14,14,13,13,9,14,-4,0,1,0,1,2,2,2,2,4
869,860,860,860,14,14,15,13,9,0,0,0,-1,2,1,2,2,2,2,4
1007,1003,1000,1003,13,14,12,13,4,3,-3,-1,2,-1,0,1,3,2,1,4
337,332,328,325,13,14,15,13,5,4,3,-1,-1,2,0,1,1,1,2,4
396,384,386,386,13,14,12,13,12,-2,0,-1,2,-1,0,2,1,2,2,4
187,185,187,182,18,17,18,16,2,-2,5,1,-1,2,2,1,2,1,1,4
201,203,201,203,21,19,21,19,-2,2,-2,2,-2,2,2,1,2,1,2,4
269,260,264,257,14,14,15,16,9,-4,7,0,-1,-1,-2,2,2,2,1,4
768,764,757,754,13,14,15,13,4,7,3,-1,-1,2,0,1,3,2,1,4
304,295,300,300,14,14,13,13,9,-5,0,0,1,0,1,1,1,3,1,4
616,611,614,609,14,14,13,13,5,-3,5,0,1,0,1,2,2,3,1,4
424,417,417,412,20,19,18,18,7,0,5,1,1,0,2,2,1,1,1,4
1026,1021,1017,1012,13,14,15,13,5,4,5,-1,-1,2,0,3,3,3,1,4
588,581,576,576,14,14,13,13,7,5,0,0,1,0,1,2,1,1,3,4
977,974,972,970,13,14,12,13,3,2,2,-1,2,-1,0,2,3,2,1,4
407,398,405,407,13,14,15,13,9,-7,-2,-1,-1,2,0,1,1,2,1,4
508,506,503,503,14,14,15,13,2,3,0,0,-1,2,1,2,3,2,2,4
635,625,628,625,13,14,13,13,10,-3,3,-1,1,0,0,2,2,1,2,4
213,210,210,210,14,17,15,16,3,0,0,-3,2,-1,-2,2,1,1,3,4
1038,1036,1031,1033,17,19,18,18,2,5,-2,-2,1,0,-1,2,1,1,2,4
656,649,646,642,17,19,18,18,7,3,4,-2,1,0,-1,1,2,1,1,4
621,614,604,604,18,17,18,19,7,10,0,1,-1,-1,-1,2,1,3,1,4
405,398,403,403,17,16,15,16,7,-5,0,1,1,-1,1,2,1,1,3,4
834,824,829,829,14,14,15,13,10,-5,0,0,-1,2,1,3,1,1,1,4
1031,1028,1026,1028,13,14,15,13,3,2,-2,-1,-1,2,0,3,2,1,2,4
946,946,949,951,20,19,18,18,0,-3,-2,1,1,0,2,3,1,2,1,4
290,286,278,278,14,17,15,16,4,8,0,-3,2,-1,-2,3,1,2,2,4
909,909,904,909,18,17,18,16,0,5,-5,1,-1,2,2,1,3,3,1,4
996,993,993,989,20,19,20,18,3,0,4,1,-1,2,2,2,1,1,1,4
839,832,827,827,18,17,18,19,7,5,0,1,-1,-1,-1,1,2,2,2,4
360,356,353,356,20,19,20,21,4,3,-3,1,-1,-1,-1,3,1,2,1,4
515,513,515,515,14,17,15,16,2,-2,0,-3,2,-1,-2,3,2,1,1,4
635,623,625,628,20,19,18,19,12,-2,-3,1,1,-1,1,2,1,2,1,4
438,438,436,436,17,16,18,18,0,2,0,1,-2,0,-1,2,2,1,1,4
300,295,293,295,14,14,13,13,5,2,-2,0,1,0,1,1,3,2,1,4
574,574,574,576,14,17,15,16,0,0,-2,-3,2,-1,-2,2,2,2,1,4
813,808,806,806,14,17,15,16,5,2,0,-3,2,-1,-2,2,2,1,1,4
431,424,421,421,13,14,12,13,7,3,0,-1,2,-1,0,1,2,1,1,4
1014,1017,1012,1012,17,16,18,16,-3,5,0,1,-2,2,1,2,1,1,1,4
248,239,239,239,18,19,18,18,9,0,0,-1,1,0,0,3,3,1,1,4
808,803,801,801,14,14,15,13,5,2,0,0,-1,2,1,2,2,1,1,4
918,916,914,914,14,14,13,13,2,2,0,0,1,0,1,3,2,1,1,4
501,496,496,492,21,19,21,21,5,0,4,2,-2,0,0,1,1,1,1,4
520,506,510,508,18,19,18,19,14,-4,2,-1,1,-1,-1,1,1,1,2,4
562,562,564,557,14,14,13,13,0,-2,7,0,1,0,1,3,3,2,1,4
464,461,459,459,20,19,20,18,3,2,0,1,-1,2,2,1,2,1,1,4
1038,1036,1026,1026,13,14,15,13,2,10,0,-1,-1,2,0,2,1,1,1,4
660,658,656,656,17,19,18,18,2,2,0,-2,1,0,-1,1,2,1,1,4
246,241,246,241,21,19,20,18,5,-5,5,2,-1,2,3,2,2,2,2,4
1017,1010,1003,1003,13,14,12,13,7,7,0,-1,2,-1,0,3,2,1,1,4
752,745,745,745,20,19,20,18,7,0,0,1,-1,2,2,2,1,1,1,4
998,998,996,998,17,16,18,16,0,2,-2,1,-2,2,1,3,3,2,3,4
290,290,283,286,14,17,15,16,0,7,-3,-3,2,-1,-2,1,3,2,1,4
279,276,274,274,21,19,20,21,3,2,0,2,-1,-1,0,2,1,2,2,4
567,564,562,562,14,17,15,16,3,2,0,-3,2,-1,-2,3,2,1,3,4
543,546,539,539,14,17,15,16,-3,7,0,-3,2,-1,-2,3,2,1,1,4
886,876,874,869,18,17,18,16,10,2,5,1,-1,2,2,1,1,2,2,4
539,548,532,529,14,17,15,16,-9,16,3,-3,2,-1,-2,1,1,2,1,4
752,752,750,745,17,16,18,18,0,2,5,1,-2,0,-1,2,2,1,3,4
286,276,276,276,14,14,13,13,10,0,0,0,1,0,1,1,1,1,1,4
576,574,571,571,21,19,20,21,2,3,0,2,-1,-1,0,3,2,1,1,4
250,208,208,208,18,19,18,19,42,0,0,-1,1,-1,-1,2,2,2,2,4
489,485,482,487,21,19,21,19,4,3,-5,2,-2,2,2,2,2,1,1,4
883,874,869,871,18,19,18,18,9,5,-2,-1,1,0,0,2,2,2,3,4
445,447,445,445,17,19,18,18,-2,2,0,-2,1,0,-1,1,2,1,1,4
839,834,834,834,21,19,20,18,5,0,0,2,-1,2,3,1,1,1,3,4
750,752,740,740,20,19,20,18,-2,12,0,1,-1,2,2,3,2,1,1,4
234,232,229,229,18,19,18,19,2,3,0,-1,1,-1,-1,1,2,1,1,4
658,656,651,651,20,19,18,18,2,5,0,1,1,0,2,2,1,1,1,4
531,524,524,520,14,14,13,13,7,0,4,0,1,0,1,2,3,3,3,4
196,194,189,192,18,19,18,19,2,5,-3,-1,1,-1,-1,1,2,2,1,4
253,243,239,239,14,14,15,13,10,4,0,0,-1,2,1,3,3,3,1,4
576,567,567,567,14,14,15,13,9,0,0,0,-1,2,1,3,1,3,3,4
635,632,623,623,13,14,15,13,3,9,0,-1,-1,2,0,2,1,1,3,4
785,782,782,782,21,19,21,21,3,0,0,2,-2,0,0,2,1,1,1,4
417,405,417,412,13,14,12,13,12,-12,5,-1,2,-1,0,1,2,1,1,4
208,203,203,206,18,17,18,19,5,0,-3,1,-1,-1,-1,2,2,2,1,4
771,771,773,773,20,19,20,18,0,-2,0,1,-1,2,2,2,2,1,1,4
466,464,457,459,13,14,15,16,2,7,-2,-1,-1,-1,-3,2,3,2,1,4
571,557,560,562,14,17,15,16,14,-3,-2,-3,2,-1,-2,3,3,2,1,4
279,274,278,281,14,17,15,16,5,-4,-3,-3,2,-1,-2,2,2,2,1,4
1026,1026,1028,1026,13,14,12,13,0,-2,2,-1,2,-1,0,3,3,2,3,4
304,300,297,300,14,14,13,13,4,3,-3,0,1,0,1,1,3,2,1,4
824,824,822,820,14,17,15,16,0,2,2,-3,2,-1,-2,1,1,2,1,4
703,700,698,693,17,16,18,18,3,2,5,1,-2,0,-1,1,2,1,1,4
286,278,274,278,14,17,15,16,8,4,-4,-3,2,-1,-2,1,2,2,2,4
243,239,236,239,14,14,15,13,4,3,-3,0,-1,2,1,3,1,2,1,4
733,728,726,726,13,14,12,13,5,2,0,-1,2,-1,0,2,2,3,1,4
393,389,382,379,13,14,15,13,4,7,3,-1,-1,2,0,3,3,2,3,4
813,803,801,806,14,14,13,13,10,2,-5,0,1,0,1,2,2,1,1,4
234,227,217,220,21,19,20,21,7,10,-3,2,-1,-1,0,1,2,2,1,4
604,609,600,604,18,19,18,19,-5,9,-4,-1,1,-1,-1,3,1,1,3,4
911,902,895,893,14,14,15,13,9,7,2,0,-1,2,1,2,2,1,2,4
796,799,796,799,21,19,21,21,-3,3,-3,2,-2,0,0,3,2,1,2,4
386,384,379,370,13,14,12,13,2,5,9,-1,2,-1,0,2,1,1,1,4
1017,1014,1017,1014,17,16,15,16,3,-3,3,1,1,-1,1,3,2,3,2,4
740,738,736,733,20,19,18,18,2,2,3,1,1,0,2,1,2,1,2,4
1068,1059,1054,1059,13,14,15,13,9,5,-5,-1,-1,2,0,3,1,3,3,4
1033,1033,1026,1028,13,16,15,16,0,7,-2,-3,1,-1,-3,2,2,3,2,4
726,721,721,721,20,19,20,21,5,0,0,1,-1,-1,-1,3,1,1,1,4
328,318,318,318,18,19,18,19,10,0,0,-1,1,-1,-1,1,1,1,1,4
1010,1014,1012,1010,13,14,12,13,-4,2,2,-1,2,-1,0,2,2,1,2,4
989,982,979,984,17,19,18,18,7,3,-5,-2,1,0,-1,1,2,1,3,4
717,721,719,719,17,16,18,18,-4,2,0,1,-2,0,-1,1,1,2,2,4
300,297,300,295,14,17,15,16,3,-3,5,-3,2,-1,-2,1,2,1,1,4
1021,1024,1021,1019,13,14,15,13,-3,3,2,-1,-1,2,0,1,2,3,2,4
314,309,309,307,18,19,18,19,5,0,2,-1,1,-1,-1,3,1,1,2,4
623,616,609,614,14,17,15,16,7,7,-5,-3,2,-1,-2,3,2,1,1,4
560,548,543,541,21,19,20,21,12,5,2,2,-1,-1,0,2,3,1,2,4
513,506,501,499,21,19,21,19,7,5,2,2,-2,2,2,2,1,1,2,4
768,766,761,764,13,14,12,13,2,5,-3,-1,2,-1,0,1,2,2,1,4
717,719,717,717,17,16,18,16,-2,2,0,1,-2,2,1,3,2,1,1,4
557,548,546,548,18,17,18,18,9,2,-2,1,-1,0,0,1,3,2,1,4
410,410,407,407,20,19,20,21,0,3,0,1,-1,-1,-1,2,2,1,3,4
609,607,609,604,18,17,18,19,2,-2,5,1,-1,-1,-1,3,2,1,1,4
604,600,593,593,14,14,15,13,4,7,0,0,-1,2,1,1,1,2,2,4
1017,1010,1003,1000,20,19,20,18,7,7,3,1,-1,2,2,1,2,1,2,4
651,646,644,642,17,16,18,18,5,2,2,1,-2,0,-1,1,3,2,1,4
656,651,649,649,17,16,15,16,5,2,0,1,1,-1,1,3,1,2,2,4
1043,1036,1040,1038,13,14,15,16,7,-4,2,-1,-1,-1,-3,2,3,1,2,4
351,346,356,351,17,16,15,16,5,-10,5,1,1,-1,1,3,3,3,1,4
534,534,560,536,18,19,18,18,0,-26,24,-1,1,0,0,1,1,2,2,4
967,963,956,951,20,19,18,18,4,7,5,1,1,0,2,2,2,1,1,4
731,728,724,721,13,14,15,13,3,4,3,-1,-1,2,0,3,2,2,1,4
984,974,979,974,13,14,15,16,10,-5,5,-1,-1,-1,-3,3,1,3,1,4
283,269,269,260,14,14,15,13,14,0,9,0,-1,2,1,2,2,2,2,4
377,379,374,370,13,14,12,13,-2,5,4,-1,2,-1,0,2,3,3,1,4
562,560,557,560,14,14,13,13,2,3,-3,0,1,0,1,1,2,1,2,4
646,639,644,642,20,19,20,18,7,-5,2,1,-1,2,2,1,2,2,1,4
562,557,567,562,14,14,13,13,5,-10,5,0,1,0,1,1,1,3,1,4
750,750,750,747,17,19,18,18,0,0,3,-2,1,0,-1,1,1,1,2,4
290,283,286,288,14,14,13,13,7,-3,-2,0,1,0,1,1,2,1,2,4
494,487,487,487,14,14,15,16,7,0,0,0,-1,-1,-2,2,3,1,1,4
623,614,625,623,14,17,15,16,9,-11,2,-3,2,-1,-2,1,3,2,1,4
403,398,396,393,13,14,15,13,5,2,3,-1,-1,2,0,3,1,2,3,4
210,210,206,203,18,19,18,19,0,4,3,-1,1,-1,-1,1,3,3,2,4
590,583,583,583,18,17,18,16,7,0,0,1,-1,2,2,1,2,2,2,4
611,604,602,600,14,17,15,16,7,2,2,-3,2,-1,-2,2,1,2,3,4
628,621,628,625,21,19,21,19,7,-7,3,2,-2,2,2,1,2,1,2,4
567,571,567,567,18,19,18,18,-4,4,0,-1,1,0,0,1,1,1,1,4
625,623,616,616,18,19,21,19,2,7,0,-1,-2,2,-1,2,1,2,2,4
588,588,588,586,14,14,13,13,0,0,2,0,1,0,1,2,2,2,1,4
609,604,604,600,14,14,15,13,5,0,4,0,-1,2,1,1,1,1,1,4
782,773,768,766,14,14,12,13,9,5,2,0,2,-1,1,1,3,1,2,4
665,658,656,656,13,14,12,13,7,2,0,-1,2,-1,0,3,2,3,1,4
264,248,241,243,14,14,13,13,16,7,-2,0,1,0,1,2,1,2,1,4
914,904,897,900,14,17,15,16,10,7,-3,-3,2,-1,-2,1,1,2,1,4
700,703,700,700,20,19,20,18,-3,3,0,1,-1,2,2,2,1,2,2,4
323,321,318,318,14,17,15,16,2,3,0,-3,2,-1,-2,3,2,1,1,4
726,726,726,731,20,19,18,18,0,0,-5,1,1,0,2,3,3,3,1,4
318,311,309,309,14,14,13,13,7,2,0,0,1,0,1,1,2,1,1,4
309,311,309,304,14,14,15,13,-2,2,5,0,-1,2,1,3,2,1,1,4
979,984,979,982,17,16,18,16,-5,5,-3,1,-2,2,1,1,3,1,2,4
614,618,609,614,14,17,15,16,-4,9,-5,-3,2,-1,-2,1,3,1,1,4
789,775,775,773,21,19,20,18,14,0,2,2,-1,2,3,2,2,2,1,4
839,836,832,832,14,14,13,13,3,4,0,0,1,0,1,1,2,2,2,4
799,796,794,799,18,19,18,19,3,2,-5,-1,1,-1,-1,2,3,2,2,4
351,346,342,342,20,19,18,18,5,4,0,1,1,0,2,3,3,1,1,4
189,182,1078,1078,14,17,15,16,7,-896,0,-3,2,-1,-2,2,1,1,1,4
492,478,478,482,18,19,18,19,14,0,-4,-1,1,-1,-1,1,1,1,1,4
503,503,499,499,14,14,13,13,0,4,0,0,1,0,1,2,2,2,2,4
714,714,712,712,13,14,15,16,0,2,0,-1,-1,-1,-3,2,2,1,3,4
433,431,426,426,20,19,18,18,2,5,0,1,1,0,2,2,1,3,1,4
231,222,220,220,18,17,18,16,9,2,0,1,-1,2,2,2,2,3,1,4
651,646,644,637,17,16,15,16,5,2,7,1,1,-1,1,1,1,2,1,4
581,576,574,576,14,14,15,13,5,2,-2,0,-1,2,1,1,3,2,3,4
597,588,588,590,21,19,20,19,9,0,-2,2,-1,1,2,2,2,2,1,4
846,841,839,841,14,14,15,13,5,2,-2,0,-1,2,1,2,2,1,2,4
262,257,257,253,14,14,13,13,5,0,4,0,1,0,1,3,3,1,3,4
574,564,562,560,21,19,20,18,10,2,2,2,-1,2,3,2,2,1,2,4
618,614,614,614,18,19,18,19,4,0,0,-1,1,-1,-1,1,1,1,1,4
283,278,281,276,14,14,15,13,5,-3,5,0,-1,2,1,2,2,3,1,4
824,810,810,815,18,19,18,19,14,0,-5,-1,1,-1,-1,1,1,1,3,4
970,960,956,958,13,14,12,13,10,4,-2,-1,2,-1,0,3,1,1,2,4
396,391,389,389,17,16,18,18,5,2,0,1,-2,0,-1,2,2,1,1,4
318,314,316,314,18,17,18,19,4,-2,2,1,-1,-1,-1,1,1,2,1,4
761,757,754,759,17,19,18,18,4,3,-5,-2,1,0,-1,2,2,1,1,4
1031,1028,1021,1024,13,14,15,13,3,7,-3,-1,-1,2,0,3,2,3,2,4
290,286,286,286,18,19,18,19,4,0,0,-1,1,-1,-1,3,1,3,1,4
271,267,271,267,21,19,20,18,4,-4,4,2,-1,2,3,1,3,3,1,4
956,953,946,944,20,19,20,18,3,7,2,1,-1,2,2,1,2,1,2,4
703,693,698,698,20,19,18,18,10,-5,0,1,1,0,2,1,3,3,1,4
813,808,806,810,21,19,20,19,5,2,-4,2,-1,1,2,2,2,1,1,4
736,733,724,721,17,16,15,16,3,9,3,1,1,-1,1,3,2,2,1,4
349,335,332,337,13,14,13,13,14,3,-5,-1,1,0,0,2,2,1,1,4
560,546,546,553,14,14,15,13,14,0,-7,0,-1,2,1,2,2,2,3,4
489,485,485,489,14,14,15,13,4,0,-4,0,-1,2,1,2,2,2,2,4
609,604,600,600,18,17,18,19,5,4,0,1,-1,-1,-1,1,1,3,3,4
824,820,815,813,21,19,20,19,4,5,2,2,-1,1,2,1,1,3,2,4
510,503,503,501,14,17,15,16,7,0,2,-3,2,-1,-2,1,2,2,1,4
389,379,379,384,13,14,12,13,10,0,-5,-1,2,-1,0,1,3,1,3,4
827,822,824,820,18,19,18,19,5,-2,4,-1,1,-1,-1,2,2,1,3,4
740,740,740,740,13,14,15,13,0,0,0,-1,-1,2,0,1,1,1,1,4
1026,1021,1019,1021,13,16,15,16,5,2,-2,-3,1,-1,-3,1,1,2,1,4
260,253,246,248,14,14,13,13,7,7,-2,0,1,0,1,2,3,2,1,4
1045,1040,1040,1040,20,19,20,18,5,0,0,1,-1,2,2,1,3,1,1,4
286,276,267,264,18,17,18,18,10,9,3,1,-1,0,0,3,3,1,2,4
576,574,569,567,14,14,15,13,2,5,2,0,-1,2,1,1,2,2,1,4
527,517,515,513,18,17,18,19,10,2,2,1,-1,-1,-1,2,2,1,2,4
325,318,311,314,14,14,15,13,7,7,-3,0,-1,2,1,2,1,2,1,4
283,276,278,278,21,19,20,21,7,-2,0,2,-1,-1,0,2,1,2,2,4
396,389,391,389,20,19,20,18,7,-2,2,1,-1,2,2,2,1,2,1,4
267,262,262,257,14,14,13,13,5,0,5,0,1,0,1,3,3,3,1,4
766,766,764,764,13,14,12,13,0,2,0,-1,2,-1,0,2,2,1,1,4
381,377,374,374,17,19,18,18,4,3,0,-2,1,0,-1,2,2,1,1,4
365,360,360,360,17,16,18,18,5,0,0,1,-2,0,-1,3,1,1,1,4
300,295,286,290,14,14,13,13,5,9,-4,0,1,0,1,1,1,1,1,4
625,623,614,621,14,14,13,13,2,9,-7,0,1,0,1,2,1,1,2,4
1073,1073,1078,182,17,16,18,16,0,-5,896,1,-2,2,1,1,1,1,1,4
337,325,323,323,17,17,18,19,12,2,0,0,-1,-1,-2,3,2,1,1,4
871,867,867,864,14,14,13,13,4,0,3,0,1,0,1,1,3,1,2,4
960,956,951,965,13,16,15,16,4,5,-14,-3,1,-1,-3,3,1,3,1,4
843,843,836,836,14,14,15,16,0,7,0,0,-1,-1,-2,3,1,2,2,4
607,600,600,597,14,14,15,13,7,0,3,0,-1,2,1,2,3,3,2,4
339,276,278,278,17,17,15,16,63,-2,0,0,2,-1,1,2,3,2,2,4
215,201,199,201,14,14,15,13,14,2,-2,0,-1,2,1,1,1,2,1,4
1040,1036,1031,1026,17,16,15,16,4,5,5,1,1,-1,1,1,1,1,1,4
286,283,283,283,14,17,15,16,3,0,0,-3,2,-1,-2,1,2,2,2,4
937,937,937,932,17,16,15,16,0,0,5,1,1,-1,1,1,3,3,1,4
550,541,536,534,21,19,20,18,9,5,2,2,-1,2,3,2,2,2,1,4
318,311,311,311,14,17,15,16,7,0,0,-3,2,-1,-2,1,2,2,2,4
569,562,557,557,21,19,20,21,7,5,0,2,-1,-1,0,2,1,1,1,4
750,747,738,740,13,14,12,13,3,9,-2,-1,2,-1,0,1,2,2,3,4
970,963,967,965,13,14,15,13,7,-4,2,-1,-1,2,0,3,2,2,1,4
328,318,316,318,21,19,21,19,10,2,-2,2,-2,2,2,1,3,2,1,4
501,501,499,499,18,17,18,19,0,2,0,1,-1,-1,-1,3,3,2,2,4
642,642,642,642,20,19,18,18,0,0,0,1,1,0,2,1,1,1,1,4
1031,1026,1031,1031,17,16,18,16,5,-5,0,1,-2,2,1,3,1,1,1,4
440,433,431,431,17,16,18,18,7,2,0,1,-2,0,-1,1,2,1,1,4
846,839,834,834,18,19,18,18,7,5,0,-1,1,0,0,2,1,3,1,4
1059,1057,1057,1054,13,14,12,13,2,0,3,-1,2,-1,0,1,2,2,1,4
288,286,281,276,18,19,20,18,2,5,5,-1,-1,2,0,2,3,1,1,4
623,614,614,614,18,19,18,19,9,0,0,-1,1,-1,-1,3,3,1,1,4
185,189,1078,1075,14,17,15,16,-4,-889,3,-3,2,-1,-2,2,2,1,2,4
567,562,564,564,14,14,13,13,5,-2,0,0,1,0,1,3,1,2,2,4
871,862,857,857,18,17,18,16,9,5,0,1,-1,2,2,3,3,3,1,4
1078,1068,1066,1068,17,19,18,18,10,2,-2,-2,1,0,-1,1,1,2,1,4
712,710,700,707,13,14,15,13,2,10,-7,-1,-1,2,0,3,2,2,1,4
951,946,942,946,13,14,15,13,5,4,-4,-1,-1,2,0,1,3,1,1,4
579,576,574,576,18,19,18,18,3,2,-2,-1,1,0,0,2,1,2,1,4
644,642,644,644,17,19,18,18,2,-2,0,-2,1,0,-1,2,1,2,2,4
1047,1043,1045,1043,17,16,18,16,4,-2,2,1,-2,2,1,2,2,3,2,4
1040,1043,1040,1040,20,19,20,21,-3,3,0,1,-1,-1,-1,1,2,1,1,4
637,635,628,625,13,14,13,13,2,7,3,-1,1,0,0,1,2,1,2,4
639,637,632,632,20,19,20,18,2,5,0,1,-1,2,2,2,3,1,1,4
231,232,224,229,14,17,15,16,-1,8,-5,-3,2,-1,-2,2,2,3,1,4
539,536,534,539,18,19,18,18,3,2,-5,-1,1,0,0,1,2,3,1,4
447,445,445,445,20,19,18,18,2,0,0,1,1,0,2,2,3,1,1,4
639,635,635,632,17,16,18,18,4,0,3,1,-2,0,-1,2,2,2,1,4
1021,1017,1019,1021,20,19,20,21,4,-2,-2,1,-1,-1,-1,1,1,2,1,4
316,309,307,300,14,14,13,13,7,2,7,0,1,0,1,2,3,2,3,4
440,438,438,431,20,19,20,18,2,0,7,1,-1,2,2,3,2,2,1,4
478,478,473,473,20,19,20,18,0,5,0,1,-1,2,2,1,1,1,1,4
1007,1003,1000,1003,13,14,12,13,4,3,-3,-1,2,-1,0,3,3,2,1,4
787,782,785,782,14,17,15,16,5,-3,3,-3,2,-1,-2,1,1,2,1,4
712,712,707,710,17,16,18,18,0,5,-3,1,-2,0,-1,3,1,1,2,4
271,271,264,267,14,17,15,16,0,7,-3,-3,2,-1,-2,1,1,2,1,4
370,367,365,365,13,14,12,13,3,2,0,-1,2,-1,0,1,2,1,3,4
738,738,731,731,13,14,12,13,0,7,0,-1,2,-1,0,2,2,3,1,4
569,574,567,564,14,14,13,13,-5,7,3,0,1,0,1,2,2,1,2,4
487,475,478,478,14,14,15,13,12,-3,0,0,-1,2,1,3,2,1,1,4
466,471,468,466,13,14,12,13,-5,3,2,-1,2,-1,0,2,2,1,2,4
1059,1061,1059,1059,13,14,15,16,-2,2,0,-1,-1,-1,-3,1,2,1,1,4
574,571,571,569,21,19,20,21,3,0,2,2,-1,-1,0,2,1,1,2,4
960,956,958,960,17,16,18,18,4,-2,-2,1,-2,0,-1,1,1,2,1,4
663,653,649,649,13,14,15,13,10,4,0,-1,-1,2,0,2,2,2,2,4
286,281,281,281,18,19,18,19,5,0,0,-1,1,-1,-1,1,3,1,1,4
738,731,731,726,13,14,12,13,7,0,5,-1,2,-1,0,2,1,1,3,4
557,557,555,557,21,19,23,18,0,2,-2,2,-4,5,3,1,3,2,1,4
241,239,234,236,21,19,20,21,2,5,-2,2,-1,-1,0,2,1,1,2,4
616,614,614,611,14,17,15,16,2,0,3,-3,2,-1,-2,2,1,1,2,4
454,450,445,447,13,14,15,13,4,5,-2,-1,-1,2,0,1,1,1,2,4
300,297,295,290,18,19,18,19,3,2,5,-1,1,-1,-1,1,2,1,3,4
618,611,611,609,14,14,15,16,7,0,2,0,-1,-1,-2,1,2,2,1,4
236,224,215,220,14,14,15,13,12,9,-5,0,-1,2,1,2,1,1,1,4
651,644,651,653,13,14,15,13,7,-7,-2,-1,-1,2,0,1,2,1,2,4
843,843,843,843,18,17,18,18,0,0,0,1,-1,0,0,1,1,1,1,4
459,457,447,450,13,14,12,13,2,10,-3,-1,2,-1,0,3,2,2,3,4
522,520,515,517,14,14,13,13,2,5,-2,0,1,0,1,2,3,1,2,4
454,454,452,452,20,19,20,21,0,2,0,1,-1,-1,-1,1,3,2,2,4
660,658,663,660,20,19,20,21,2,-5,3,1,-1,-1,-1,1,2,2,3,4
841,839,836,843,14,14,13,13,2,3,-7,0,1,0,1,2,1,2,1,4
501,499,501,496,14,14,15,13,2,-2,5,0,-1,2,1,3,2,1,1,4
635,632,628,628,20,19,18,19,3,4,0,1,1,-1,1,2,1,1,1,4
792,782,787,785,14,17,15,16,10,-5,2,-3,2,-1,-2,3,1,1,2,4
344,346,346,342,20,19,20,18,-2,0,4,1,-1,2,2,2,3,1,1,4
1017,1024,1017,1012,13,14,15,13,-7,7,5,-1,-1,2,0,3,2,1,1,4
586,564,564,567,14,17,15,16,22,0,-3,-3,2,-1,-2,1,2,2,1,4
386,372,379,374,13,14,12,13,14,-7,5,-1,2,-1,0,2,2,1,3,4
346,344,337,337,13,14,12,13,2,7,0,-1,2,-1,0,3,2,3,1,4
667,658,653,658,13,16,15,16,9,5,-5,-3,1,-1,-3,2,2,2,2,4
806,803,799,796,14,14,15,13,3,4,3,0,-1,2,1,1,2,2,1,4
932,925,923,923,17,17,15,16,7,2,0,0,2,-1,1,1,2,1,1,4
541,534,534,529,18,19,18,19,7,0,5,-1,1,-1,-1,2,3,1,1,4
436,433,436,436,20,19,20,18,3,-3,0,1,-1,2,2,1,2,1,1,4
492,440,426,436,21,19,20,18,52,14,-10,2,-1,2,3,3,3,1,1,4
778,773,773,775,13,14,15,13,5,0,-2,-1,-1,2,0,1,3,3,2,4
981,977,972,977,17,16,15,16,4,5,-5,1,1,-1,1,2,2,2,2,4
342,337,328,328,13,14,15,16,5,9,0,-1,-1,-1,-3,1,3,1,1,4
283,278,281,276,14,14,15,13,5,-3,5,0,-1,2,1,2,2,1,1,4
806,803,801,801,14,17,15,16,3,2,0,-3,2,-1,-2,1,2,1,3,4
393,386,389,391,20,19,20,21,7,-3,-2,1,-1,-1,-1,1,2,1,2,4
342,342,342,339,17,16,18,16,0,0,3,1,-2,2,1,1,1,1,2,4
810,806,803,806,18,19,18,19,4,3,-3,-1,1,-1,-1,1,1,2,1,4
625,623,623,618,14,14,15,13,2,0,5,0,-1,2,1,2,1,1,1,4
611,607,611,609,14,17,15,16,4,-4,2,-3,2,-1,-2,2,2,2,1,4
602,600,600,595,14,14,15,13,2,0,5,0,-1,2,1,2,1,1,1,4
799,796,792,792,14,14,15,16,3,4,0,0,-1,-1,-2,2,3,3,1,4
951,951,946,946,13,14,15,13,0,5,0,-1,-1,2,0,1,3,1,1,4
248,248,239,239,21,19,20,21,0,9,0,2,-1,-1,0,3,1,1,1,4
276,267,267,267,18,19,18,18,9,0,0,-1,1,0,0,1,1,1,1,4
304,295,293,293,14,14,15,16,9,2,0,0,-1,-1,-2,1,1,2,2,4
571,571,567,567,14,14,15,16,0,4,0,0,-1,-1,-2,1,1,1,1,4
365,363,360,360,20,19,18,18,2,3,0,1,1,0,2,1,2,1,1,4
400,398,389,389,20,19,20,21,2,9,0,1,-1,-1,-1,2,3,1,1,4
1064,1059,1059,1064,20,19,20,18,5,0,-5,1,-1,2,2,3,1,1,1,4
346,342,342,342,17,16,18,16,4,0,0,1,-2,2,1,3,1,1,1,4
646,646,639,642,13,14,15,13,0,7,-3,-1,-1,2,0,1,3,2,1,4
534,539,532,532,21,19,20,19,-5,7,0,2,-1,1,2,3,1,2,2,4
405,405,403,396,13,14,12,13,0,2,7,-1,2,-1,0,2,2,1,2,4
534,529,529,532,21,19,20,21,5,0,-3,2,-1,-1,0,1,1,1,2,4
372,372,360,360,13,16,15,16,0,12,0,-3,1,-1,-3,2,2,1,3,4
260,248,239,236,18,17,18,16,12,9,3,1,-1,2,2,2,3,1,2,4
222,217,215,215,18,17,18,19,5,2,0,1,-1,-1,-1,2,2,1,1,4
346,342,346,346,20,19,20,18,4,-4,0,1,-1,2,2,3,3,1,1,4
464,464,459,464,13,14,15,16,0,5,-5,-1,-1,-1,-3,1,3,3,1,4
295,290,290,290,14,14,15,13,5,0,0,0,-1,2,1,1,1,1,1,4
546,536,534,536,14,17,15,16,10,2,-2,-3,2,-1,-2,2,2,3,2,4
260,257,257,257,18,17,18,16,3,0,0,1,-1,2,2,2,1,3,1,4
616,614,614,618,21,19,21,21,2,0,-4,2,-2,0,0,2,3,1,1,4
949,942,937,937,20,19,20,21,7,5,0,1,-1,-1,-1,2,1,1,1,4
391,389,391,391,17,19,18,18,2,-2,0,-2,1,0,-1,2,1,2,2,4
346,337,328,328,13,14,13,13,9,9,0,-1,1,0,0,1,1,1,1,4
496,492,492,494,18,19,18,19,4,0,-2,-1,1,-1,-1,3,1,1,2,4
721,712,714,717,13,14,15,13,9,-2,-3,-1,-1,2,0,3,1,2,1,4
1017,1017,1017,1017,17,19,18,18,0,0,0,-2,1,0,-1,1,1,3,1,4
801,787,785,782,14,14,15,13,14,2,3,0,-1,2,1,1,3,2,1,4
707,703,700,703,17,16,18,16,4,3,-3,1,-2,2,1,3,1,2,1,4
1064,1064,1061,1059,20,19,18,18,0,3,2,1,1,0,2,1,3,2,1,4
567,560,562,562,18,17,18,16,7,-2,0,1,-1,2,2,3,2,1,1,4
1014,1017,1012,1012,20,19,20,21,-3,5,0,1,-1,-1,-1,2,1,1,1,4
904,907,900,904,21,19,20,21,-3,7,-4,2,-1,-1,0,1,2,1,3,4
1073,1064,1064,1064,13,14,15,16,9,0,0,-1,-1,-1,-3,1,1,3,1,4
1071,1068,1068,1071,17,19,18,18,3,0,-3,-2,1,0,-1,2,1,3,2,4
513,510,506,503,21,19,20,21,3,4,3,2,-1,-1,0,2,1,1,2,4
729,719,717,719,13,14,15,13,10,2,-2,-1,-1,2,0,2,2,1,2,4
281,269,264,267,18,17,18,18,12,5,-3,1,-1,0,0,1,2,2,1,4
356,349,346,349,13,16,15,16,7,3,-3,-3,1,-1,-3,1,2,1,2,4
799,792,792,792,21,19,21,21,7,0,0,2,-2,0,0,2,1,1,3,4
801,796,796,796,14,14,15,13,5,0,0,0,-1,2,1,3,1,1,3,4
539,536,539,543,14,14,15,13,3,-3,-4,0,-1,2,1,1,2,1,3,4
269,271,1026,260,14,14,18,13,-2,-755,766,0,-4,5,1,2,1,1,2,4
935,935,925,928,20,19,21,21,0,10,-3,1,-2,0,-1,2,2,2,1,4
900,890,881,886,18,17,18,19,10,9,-5,1,-1,-1,-1,1,3,1,1,4
489,482,478,478,18,17,18,16,7,4,0,1,-1,2,2,2,1,1,1,4
1036,1031,1031,1028,13,14,12,13,5,0,3,-1,2,-1,0,3,1,1,2,4
276,243,241,243,14,14,13,13,33,2,-2,0,1,0,1,1,1,2,1,4
309,300,300,297,18,17,18,19,9,0,3,1,-1,-1,-1,1,1,1,2,4
681,677,665,663,13,14,15,13,4,12,2,-1,-1,2,0,2,2,1,2,4
557,548,548,550,18,17,18,18,9,0,-2,1,-1,0,0,3,3,3,2,4
489,487,485,487,21,19,21,21,2,2,-2,2,-2,0,0,2,3,2,1,4
665,658,656,663,13,14,15,13,7,2,-7,-1,-1,2,0,1,2,1,2,4
717,724,717,719,17,16,18,18,-7,7,-2,1,-2,0,-1,1,2,1,2,4
403,407,407,405,17,16,15,16,-4,0,2,1,1,-1,1,1,1,3,2,4
740,736,738,736,17,19,18,18,4,-2,2,-2,1,0,-1,1,1,2,3,4
864,857,824,857,18,17,18,18,7,33,-33,1,-1,0,0,2,1,3,1,4
1064,1059,1054,1059,20,19,20,18,5,5,-5,1,-1,2,2,1,1,1,1,4
848,836,836,834,14,14,13,13,12,0,2,0,1,0,1,3,2,2,3,4
384,370,379,384,17,16,18,16,14,-9,-5,1,-2,2,1,1,1,1,1,4
754,752,750,750,17,19,18,18,2,2,0,-2,1,0,-1,1,2,1,1,4
236,229,227,224,14,14,15,16,7,2,3,0,-1,-1,-2,2,1,2,1,4
182,182,187,187,14,17,15,16,0,-5,0,-3,2,-1,-2,1,1,3,1,4
1040,1038,1036,1038,13,14,12,13,2,2,-2,-1,2,-1,0,1,2,1,2,4
593,583,588,590,14,17,15,16,10,-5,-2,-3,2,-1,-2,2,2,2,1,4
520,517,508,510,14,14,13,13,3,9,-2,0,1,0,1,3,2,2,3,4
389,389,382,384,20,19,18,18,0,7,-2,1,1,0,2,1,1,2,1,4
787,775,773,775,14,14,12,13,12,2,-2,0,2,-1,1,1,2,1,2,4
768,771,764,761,17,16,18,18,-3,7,3,1,-2,0,-1,1,2,1,2,4
656,651,653,646,13,14,15,13,5,-2,7,-1,-1,2,0,1,1,2,1,4
986,974,967,965,17,16,15,16,12,7,2,1,1,-1,1,2,1,2,1,4
571,569,564,562,18,17,18,18,2,5,2,1,-1,0,0,3,2,2,1,4
520,515,515,515,18,17,18,16,5,0,0,1,-1,2,2,1,1,3,1,4
1031,1026,1028,1028,17,16,18,18,5,-2,0,1,-2,0,-1,1,1,2,2,4
372,363,363,360,13,16,15,16,9,0,3,-3,1,-1,-3,2,2,2,1,4
274,257,255,257,14,14,15,13,17,2,-2,0,-1,2,1,2,3,2,1,4
639,637,642,637,20,19,18,18,2,-5,5,1,1,0,2,2,1,1,1,4
550,546,539,541,18,17,18,16,4,7,-2,1,-1,2,2,2,2,3,2,4
698,693,684,691,13,14,12,13,5,9,-7,-1,2,-1,0,3,1,1,2,4
487,487,487,487,21,19,21,21,0,0,0,2,-2,0,0,1,1,1,1,4
759,759,754,754,13,14,12,13,0,5,0,-1,2,-1,0,1,3,1,1,4
569,564,567,567,18,19,18,18,5,-3,0,-1,1,0,0,2,2,1,1,4
407,405,398,396,13,14,12,13,2,7,2,-1,2,-1,0,3,2,1,2,4
419,419,412,412,17,16,18,18,0,7,0,1,-2,0,-1,2,2,3,1,4
707,707,703,703,20,19,18,18,0,4,0,1,1,0,2,1,3,1,1,4
900,888,883,897,14,14,15,13,12,5,-14,0,-1,2,1,1,2,2,2,4
466,464,461,464,17,16,15,16,2,3,-3,1,1,-1,1,2,1,2,3,4
307,302,307,307,18,19,18,19,5,-5,0,-1,1,-1,-1,2,2,2,2,4
339,335,325,325,13,14,15,13,4,10,0,-1,-1,2,0,2,2,2,2,4
956,956,960,965,17,16,18,18,0,-4,-5,1,-2,0,-1,1,1,3,3,4
417,410,405,403,13,14,15,13,7,5,2,-1,-1,2,0,1,2,2,3,4
911,902,897,900,18,17,18,19,9,5,-3,1,-1,-1,-1,2,2,2,1,4
998,993,991,993,17,19,18,18,5,2,-2,-2,1,0,-1,1,1,2,1,4
431,431,436,443,17,16,18,16,0,-5,-7,1,-2,2,1,1,3,1,2,4
977,972,967,965,17,16,18,18,5,5,2,1,-2,0,-1,2,2,2,1,4
1054,1054,1057,1052,17,16,15,16,0,-3,5,1,1,-1,1,1,1,2,2,4
841,836,834,829,21,19,20,21,5,2,5,2,-1,-1,0,2,2,1,1,4
274,271,269,271,18,19,18,18,3,2,-2,-1,1,0,0,2,3,2,1,4
1017,1010,1012,1010,17,16,18,18,7,-2,2,1,-2,0,-1,1,2,3,2,4
586,578,578,578,14,17,15,16,8,0,0,-3,2,-1,-2,1,2,2,2,4
307,304,297,295,14,17,15,16,3,7,2,-3,2,-1,-2,2,1,2,1,4
440,440,436,440,20,19,20,18,0,4,-4,1,-1,2,2,1,1,1,1,4
548,546,543,548,18,17,18,18,2,3,-5,1,-1,0,0,1,2,1,1,4
686,679,684,679,17,16,15,16,7,-5,5,1,1,-1,1,2,1,3,1,4
234,227,227,229,18,17,18,19,7,0,-2,1,-1,-1,-1,1,2,2,3,4
262,267,257,257,14,17,15,16,-5,10,0,-3,2,-1,-2,1,3,1,3,4
764,761,757,759,13,14,15,13,3,4,-2,-1,-1,2,0,3,2,2,3,4
473,475,468,468,20,19,20,18,-2,7,0,1,-1,2,2,3,2,1,1,4
583,567,550,557,14,17,15,16,16,17,-7,-3,2,-1,-2,2,3,2,1,4
201,199,201,196,18,19,18,19,2,-2,5,-1,1,-1,-1,1,2,3,1,4
660,660,656,651,20,19,18,18,0,4,5,1,1,0,2,1,1,1,1,4
719,712,712,712,13,14,12,13,7,0,0,-1,2,-1,0,2,3,1,3,4
431,426,421,421,13,14,15,13,5,5,0,-1,-1,2,0,1,3,1,1,4
1019,1021,1017,1017,20,19,20,21,-2,4,0,1,-1,-1,-1,2,3,1,1,4
593,588,590,590,18,19,20,19,5,-2,0,-1,-1,1,-1,2,2,1,1,4
900,888,890,895,14,17,15,16,12,-2,-5,-3,2,-1,-2,1,2,1,3,4
1017,1017,1014,1012,17,19,18,18,0,3,2,-2,1,0,-1,3,1,2,1,4
286,276,274,276,14,14,13,13,10,2,-2,0,1,0,1,3,1,2,3,4
824,822,820,820,18,19,18,19,2,2,0,-1,1,-1,-1,3,2,1,1,4
839,834,834,829,14,14,15,13,5,0,5,0,-1,2,1,1,1,3,3,4
210,206,206,203,21,19,20,21,4,0,3,2,-1,-1,0,1,1,1,2,4
733,733,724,724,13,14,15,16,0,9,0,-1,-1,-1,-3,2,2,2,2,4
773,768,771,773,20,19,18,18,5,-3,-2,1,1,0,2,3,3,2,1,4
206,210,206,206,21,19,20,19,-4,4,0,2,-1,1,2,3,1,1,1,4
761,754,752,754,13,16,15,16,7,2,-2,-3,1,-1,-3,2,1,2,1,4
267,248,243,246,14,14,13,13,19,5,-3,0,1,0,1,3,3,1,2,4
698,698,698,700,20,19,20,18,0,0,-2,1,-1,2,2,3,1,1,2,4
429,431,426,426,17,19,18,18,-2,5,0,-2,1,0,-1,2,3,1,1,4
904,900,893,893,14,14,15,13,4,7,0,0,-1,2,1,3,1,2,2,4
939,937,932,932,13,14,13,13,2,5,0,-1,1,0,0,2,3,1,1,4
396,393,396,393,17,16,18,16,3,-3,3,1,-2,2,1,2,1,2,1,4
860,848,843,846,14,14,13,13,12,5,-3,0,1,0,1,2,1,1,2,4
637,632,628,616,17,19,18,19,5,4,12,-2,1,-1,-2,1,1,1,2,4
520,513,517,515,14,17,15,16,7,-4,2,-3,2,-1,-2,1,2,2,1,4
839,834,832,829,14,14,15,16,5,2,3,0,-1,-1,-2,3,3,2,3,4
881,878,862,876,18,17,18,16,3,16,-14,1,-1,2,2,3,2,1,3,4
255,246,220,243,14,14,13,13,9,26,-23,0,1,0,1,2,2,1,1,4
321,318,314,318,14,17,15,16,3,4,-4,-3,2,-1,-2,2,3,3,1,4
693,686,684,689,13,14,15,16,7,2,-5,-1,-1,-1,-3,1,2,1,1,4
923,914,911,904,18,19,18,19,9,3,7,-1,1,-1,-1,3,1,2,1,4
750,747,752,745,13,14,15,16,3,-5,7,-1,-1,-1,-3,3,2,2,1,4
789,787,787,785,18,19,18,19,2,0,2,-1,1,-1,-1,2,1,1,2,4
698,693,689,691,20,19,20,21,5,4,-2,1,-1,-1,-1,1,1,1,2,4
576,567,569,569,18,19,18,18,9,-2,0,-1,1,0,0,1,1,2,2,4
510,508,506,506,18,17,18,16,2,2,0,1,-1,2,2,3,2,1,1,4
510,506,506,501,21,19,20,19,4,0,5,2,-1,1,2,1,1,1,1,4
1036,1033,1033,1031,17,16,15,16,3,0,2,1,1,-1,1,3,2,2,1,4
262,255,257,250,14,19,15,16,7,-2,7,-5,4,-1,-2,3,2,3,2,4
604,597,595,590,18,19,18,19,7,2,5,-1,1,-1,-1,3,2,1,1,4
663,665,665,665,17,19,18,18,-2,0,0,-2,1,0,-1,2,1,1,3,4
1045,1050,1040,1036,20,19,20,18,-5,10,4,1,-1,2,2,3,1,1,1,4
738,733,731,733,17,16,18,18,5,2,-2,1,-2,0,-1,2,2,3,2,4
900,895,890,890,14,14,15,13,5,5,0,0,-1,2,1,1,1,1,1,4
597,586,586,588,14,17,15,16,11,0,-2,-3,2,-1,-2,2,1,1,2,4
358,365,360,356,17,16,18,18,-7,5,4,1,-2,0,-1,2,1,1,1,4
1003,1003,1003,998,20,19,20,18,0,0,5,1,-1,2,2,1,1,1,1,4
196,196,192,196,21,19,21,19,0,4,-4,2,-2,2,2,1,1,1,1,4
581,569,567,571,18,17,18,18,12,2,-4,1,-1,0,0,3,2,1,3,4
921,907,904,902,14,17,15,16,14,3,2,-3,2,-1,-2,2,2,3,2,4
1057,1052,1057,1052,13,14,15,13,5,-5,5,-1,-1,2,0,2,2,2,2,4
935,928,925,923,13,14,13,13,7,3,2,-1,1,0,0,2,1,2,1,4
459,454,445,452,13,14,12,13,5,9,-7,-1,2,-1,0,1,1,3,2,4
527,520,517,520,14,17,15,16,7,3,-3,-3,2,-1,-2,2,1,2,1,4
377,374,370,372,20,19,20,21,3,4,-2,1,-1,-1,-1,2,1,1,2,4
974,974,974,979,17,19,18,18,0,0,-5,-2,1,0,-1,3,3,1,1,4
914,916,911,911,21,19,21,19,-2,5,0,2,-2,2,2,3,2,2,2,4
729,726,726,724,20,19,20,18,3,0,2,1,-1,2,2,2,1,1,2,4
843,843,839,839,14,17,15,16,0,4,0,-3,2,-1,-2,1,1,1,1,4
541,534,534,536,18,19,18,18,7,0,-2,-1,1,0,0,2,3,1,2,4
196,192,192,192,21,19,21,21,4,0,0,2,-2,0,0,1,1,1,1,4
267,257,257,257,21,19,20,21,10,0,0,2,-1,-1,0,1,1,1,3,4
267,257,255,257,14,14,15,13,10,2,-2,0,-1,2,1,3,3,2,1,4
918,909,907,907,18,17,18,16,9,2,0,1,-1,2,2,1,1,2,2,4
698,696,693,689,13,14,15,13,2,3,4,-1,-1,2,0,1,2,1,1,4
309,304,295,293,14,14,15,13,5,9,2,0,-1,2,1,3,1,1,2,4
824,813,808,813,18,17,15,16,11,5,-5,1,2,-1,2,1,2,2,2,4
635,625,628,628,13,14,13,13,10,-3,0,-1,1,0,0,2,2,1,1,4
457,457,452,450,17,16,15,16,0,5,2,1,1,-1,1,2,2,2,1,4
719,721,721,719,13,16,15,16,-2,0,2,-3,1,-1,-3,2,1,1,2,4
445,440,436,440,13,14,12,13,5,4,-4,-1,2,-1,0,3,1,1,3,4
766,764,764,761,20,19,20,21,2,0,3,1,-1,-1,-1,2,3,1,2,4
1036,1031,1033,1036,13,14,15,13,5,-2,-3,-1,-1,2,0,1,1,2,1,4
733,726,728,728,13,14,12,13,7,-2,0,-1,2,-1,0,2,3,2,2,4
925,925,923,921,14,14,15,13,0,2,2,0,-1,2,1,2,2,3,2,4
792,787,785,785,14,14,15,13,5,2,0,0,-1,2,1,1,3,2,2,4
586,581,581,578,14,17,15,16,5,0,3,-3,2,-1,-2,1,1,1,2,4
215,213,210,208,14,17,15,16,2,3,2,-3,2,-1,-2,3,2,3,2,4
738,733,733,733,17,19,18,18,5,0,0,-2,1,0,-1,2,2,2,2,4
642,639,639,639,17,16,18,16,3,0,0,1,-2,2,1,3,2,2,2,4
881,874,876,874,14,14,15,13,7,-2,2,0,-1,2,1,3,2,1,2,4
773,768,768,773,20,19,20,18,5,0,-5,1,-1,2,2,3,1,1,1,4
593,586,583,583,18,17,18,16,7,3,0,1,-1,2,2,2,3,2,2,4
953,951,949,949,17,19,18,18,2,2,0,-2,1,0,-1,2,1,2,2,4
217,217,210,210,18,19,18,19,0,7,0,-1,1,-1,-1,2,2,1,3,4
932,925,923,928,13,14,15,13,7,2,-5,-1,-1,2,0,1,2,3,1,4
869,867,862,857,18,19,18,18,2,5,5,-1,1,0,0,2,3,1,1,4
1000,993,993,991,20,19,20,18,7,0,2,1,-1,2,2,2,1,1,2,4
274,260,260,260,18,17,18,16,14,0,0,1,-1,2,2,2,2,2,2,4
731,731,736,736,13,14,12,13,0,-5,0,-1,2,-1,0,1,1,3,3,4
410,403,403,403,17,16,18,16,7,0,0,1,-2,2,1,2,1,3,1,4
949,942,942,942,17,19,18,18,7,0,0,-2,1,0,-1,2,1,1,1,4
984,984,974,972,13,14,12,13,0,10,2,-1,2,-1,0,3,1,1,2,4
210,208,210,217,14,14,13,13,2,-2,-7,0,1,0,1,1,2,1,2,4
862,862,860,857,21,19,20,18,0,2,3,2,-1,2,3,1,1,2,1,4
829,794,789,789,14,14,13,13,35,5,0,0,1,0,1,3,2,2,2,4
925,921,918,918,14,14,13,13,4,3,0,0,1,0,1,2,2,1,1,4
407,405,407,407,13,14,12,13,2,-2,0,-1,2,-1,0,1,2,3,1,4
243,234,229,234,18,17,18,18,9,5,-5,1,-1,0,0,1,3,3,1,4
953,953,951,956,17,16,15,16,0,2,-5,1,1,-1,1,2,2,1,1,4
426,414,410,407,13,14,15,13,12,4,3,-1,-1,2,0,3,2,2,1,4
513,513,510,508,18,17,18,16,0,3,2,1,-1,2,2,2,2,1,2,4
192,189,185,187,14,14,13,13,3,4,-2,0,1,0,1,3,2,2,3,4
918,911,911,911,21,19,21,21,7,0,0,2,-2,0,0,3,2,2,2,4
860,857,853,855,14,14,15,16,3,4,-2,0,-1,-1,-2,2,3,1,2,4
843,836,836,836,18,17,18,16,7,0,0,1,-1,2,2,1,2,2,2,4
965,956,956,956,20,19,20,18,9,0,0,1,-1,2,2,1,1,1,1,4
595,593,595,588,18,17,18,19,2,-2,7,1,-1,-1,-1,1,2,1,2,4
665,660,660,660,17,16,18,16,5,0,0,1,-2,2,1,1,1,1,1,4
750,754,754,752,13,14,12,13,-4,0,2,-1,2,-1,0,3,3,3,2,4
335,332,328,328,13,14,13,13,3,4,0,-1,1,0,0,2,1,1,1,4
569,569,564,567,14,14,13,13,0,5,-3,0,1,0,1,2,2,2,1,4
993,993,991,991,13,14,12,13,0,2,0,-1,2,-1,0,3,1,2,2,4
217,215,210,210,18,17,18,16,2,5,0,1,-1,2,2,2,1,1,1,4
562,560,557,553,18,17,15,16,2,3,4,1,2,-1,2,1,2,3,3,4
867,871,869,867,14,14,13,13,-4,2,2,0,1,0,1,3,1,2,1,4
616,609,611,614,18,17,18,16,7,-2,-3,1,-1,2,2,2,3,2,1,4
182,1075,1078,1075,18,16,18,18,-893,-3,3,2,-2,0,0,1,2,1,2,4
1026,1024,1021,1021,13,14,15,13,2,3,0,-1,-1,2,0,3,2,1,1,4
201,206,201,201,14,17,15,16,-5,5,0,-3,2,-1,-2,1,3,1,1,4
834,827,832,832,18,17,18,19,7,-5,0,1,-1,-1,-1,1,2,2,2,4
935,932,928,928,17,19,18,19,3,4,0,-2,1,-1,-2,2,1,1,1,4
740,738,738,736,20,19,20,18,2,0,2,1,-1,2,2,1,2,2,1,4
1054,1052,1050,1050,17,16,18,18,2,2,0,1,-2,0,-1,1,2,1,1,4
843,839,839,841,14,14,13,13,4,0,-2,0,1,0,1,3,1,3,2,4
614,604,602,609,18,17,18,19,10,2,-7,1,-1,-1,-1,1,1,2,1,4
1040,1036,1036,1031,20,19,20,18,4,0,5,1,-1,2,2,1,1,1,1,4
393,396,393,393,17,16,18,18,-3,3,0,1,-2,0,-1,3,2,1,1,4
932,928,923,925,17,17,15,16,4,5,-2,0,2,-1,1,1,1,1,2,4
293,281,283,286,14,14,13,13,12,-2,-3,0,1,0,1,2,1,2,1,4
314,314,311,309,18,19,18,19,0,3,2,-1,1,-1,-1,1,1,2,3,4
953,951,951,951,17,16,18,18,2,0,0,1,-2,0,-1,2,1,1,1,4
907,862,864,860,18,17,18,16,45,-2,4,1,-1,2,2,2,1,2,2,4
515,510,508,510,18,19,18,19,5,2,-2,-1,1,-1,-1,1,1,2,1,4
309,293,288,290,14,14,13,13,16,5,-2,0,1,0,1,3,2,2,1,4
182,1078,1078,1078,18,16,18,18,-896,0,0,2,-2,0,0,1,1,1,1,4
794,792,789,787,18,19,18,19,2,3,2,-1,1,-1,-1,2,1,2,3,4
576,576,576,574,21,19,20,21,0,0,2,2,-1,-1,0,1,1,1,2,4
325,321,316,321,14,14,13,13,4,5,-5,0,1,0,1,2,2,2,2,4
958,956,953,953,13,16,15,16,2,3,0,-3,1,-1,-3,2,1,2,2,4
541,534,527,527,18,17,18,19,7,7,0,1,-1,-1,-1,2,1,2,2,4
914,911,909,904,18,19,18,19,3,2,5,-1,1,-1,-1,1,2,1,1,4
639,642,642,637,20,19,20,18,-3,0,5,1,-1,2,2,2,1,3,1,4
1040,1038,1036,1043,13,14,15,16,2,2,-7,-1,-1,-1,-3,1,2,3,2,4
658,649,649,649,13,14,15,13,9,0,0,-1,-1,2,0,2,2,2,2,4
496,492,492,492,14,14,13,13,4,0,0,0,1,0,1,1,1,3,1,4
281,267,271,276,14,14,15,16,14,-4,-5,0,-1,-1,-2,1,1,3,1,4
974,970,970,970,20,19,20,18,4,0,0,1,-1,2,2,1,1,1,1,4
424,419,417,421,17,16,18,16,5,2,-4,1,-2,2,1,2,2,3,1,4
817,808,806,810,14,17,15,16,9,2,-4,-3,2,-1,-2,2,2,1,1,4
740,745,740,745,20,19,18,18,-5,5,-5,1,1,0,2,3,3,1,1,4
1047,1038,1040,1038,13,14,15,13,9,-2,2,-1,-1,2,0,2,2,3,2,4
246,243,241,241,18,19,18,18,3,2,0,-1,1,0,0,2,3,2,2,4
738,731,731,726,13,14,12,13,7,0,5,-1,2,-1,0,2,3,3,1,4
761,761,757,759,17,16,15,16,0,4,-2,1,1,-1,1,2,2,2,1,4
951,949,949,949,17,16,15,16,2,0,0,1,1,-1,1,3,2,2,2,4
953,960,953,956,13,14,12,13,-7,7,-3,-1,2,-1,0,2,3,2,1,4
351,351,344,344,13,14,15,13,0,7,0,-1,-1,2,0,1,3,2,2,4
323,314,314,316,18,19,18,19,9,0,-2,-1,1,-1,-1,1,3,1,2,4
724,721,717,717,17,16,15,16,3,4,0,1,1,-1,1,2,1,3,1,4
210,199,201,201,18,17,18,19,11,-2,0,1,-1,-1,-1,1,2,3,1,4
1003,998,996,993,13,14,12,13,5,2,3,-1,2,-1,0,3,3,2,3,4
667,663,660,656,17,16,15,16,4,3,4,1,1,-1,1,2,2,1,1,4
621,609,602,609,18,19,18,19,12,7,-7,-1,1,-1,-1,2,1,2,1,4
581,576,569,569,18,17,18,18,5,7,0,1,-1,0,0,1,1,2,2,4
928,918,921,918,14,14,15,16,10,-3,3,0,-1,-1,-2,1,1,2,1,4
590,583,578,588,21,19,20,21,7,5,-10,2,-1,-1,0,1,2,2,2,4
623,614,609,609,14,14,13,13,9,5,0,0,1,0,1,1,1,1,1,4
836,829,827,827,14,17,15,16,7,2,0,-3,2,-1,-2,2,1,2,2,4
290,276,283,286,18,17,18,16,14,-7,-3,1,-1,2,2,3,1,2,1,4
843,839,836,839,18,17,18,18,4,3,-3,1,-1,0,0,1,1,2,1,4
1029,1024,1021,1021,13,14,15,13,5,3,0,-1,-1,2,0,2,2,1,1,4
494,487,485,487,14,17,15,16,7,2,-2,-3,2,-1,-2,2,3,2,1,4
201,199,199,196,14,17,15,16,2,0,3,-3,2,-1,-2,3,2,2,1,4
1000,993,998,1000,17,19,18,18,7,-5,-2,-2,1,0,-1,2,3,3,2,4
384,382,379,417,20,19,20,18,2,3,-38,1,-1,2,2,3,2,1,3,4
721,721,721,721,13,14,12,13,0,0,0,-1,2,-1,0,1,1,1,1,4
970,965,963,956,13,14,15,13,5,2,7,-1,-1,2,0,3,1,2,1,4
745,740,738,738,17,19,18,18,5,2,0,-2,1,0,-1,3,3,2,2,4
693,689,684,689,13,14,12,13,4,5,-5,-1,2,-1,0,1,1,1,1,4
217,213,210,210,21,19,20,21,4,3,0,2,-1,-1,0,2,2,1,1,4
590,586,581,583,18,19,20,19,4,5,-2,-1,-1,1,-1,1,1,1,2,4
501,494,492,494,14,14,13,13,7,2,-2,0,1,0,1,1,2,1,2,4
989,984,979,979,13,14,15,13,5,5,0,-1,-1,2,0,1,1,1,3,4
185,1075,1073,1075,14,14,12,13,-890,2,-2,0,2,-1,1,2,2,1,2,4
597,593,590,588,18,19,18,19,4,3,2,-1,1,-1,-1,2,2,3,2,4
590,586,586,583,21,19,20,19,4,0,3,2,-1,1,2,1,1,1,2,4
679,674,670,674,13,14,15,13,5,4,-4,-1,-1,2,0,1,1,3,1,4
215,201,199,199,14,17,15,16,14,2,0,-3,2,-1,-2,1,1,2,2,4
1061,1059,1059,1061,20,19,20,21,2,0,-2,1,-1,-1,-1,2,1,1,2,4
979,979,979,982,13,14,15,16,0,0,-3,-1,-1,-1,-3,1,3,1,2,4
217,217,213,217,14,14,13,13,0,4,-4,0,1,0,1,2,2,2,2,4
923,914,909,911,18,19,18,19,9,5,-2,-1,1,-1,-1,1,1,1,2,4
217,215,215,213,14,14,15,13,2,0,2,0,-1,2,1,2,1,3,2,4
557,560,546,553,18,19,18,18,-3,14,-7,-1,1,0,0,1,2,2,1,4
743,733,726,731,13,16,15,16,10,7,-5,-3,1,-1,-3,2,2,3,1,4
487,485,487,489,21,19,21,19,2,-2,-2,2,-2,2,2,1,2,1,2,4
531,527,529,532,14,17,15,16,4,-2,-3,-3,2,-1,-2,2,2,1,2,4
515,506,496,496,18,17,18,16,9,10,0,1,-1,2,2,1,1,3,1,4
1050,1045,1040,1040,20,19,20,18,5,5,0,1,-1,2,2,3,1,1,3,4
290,288,276,274,14,14,15,16,2,12,2,0,-1,-1,-2,1,2,1,2,4
679,679,665,665,17,16,18,16,0,14,0,1,-2,2,1,3,3,1,1,4
991,989,986,984,13,14,12,13,2,3,2,-1,2,-1,0,2,3,2,1,4
553,541,536,539,14,14,15,13,12,5,-3,0,-1,2,1,1,2,2,3,4
820,820,815,815,14,14,15,13,0,5,0,0,-1,2,1,1,3,1,3,4
834,834,834,829,14,14,15,13,0,0,5,0,-1,2,1,1,3,1,1,4
848,848,843,843,18,17,18,16,0,5,0,1,-1,2,2,1,3,3,1,4
787,775,771,768,14,16,15,16,12,4,3,-2,1,-1,-2,1,2,2,1,4
586,586,583,583,18,19,18,19,0,3,0,-1,1,-1,-1,1,3,2,2,4
991,989,986,984,13,16,15,16,2,3,2,-3,1,-1,-3,2,3,2,3,4
1003,998,993,996,13,16,15,16,5,5,-3,-3,1,-1,-3,1,3,1,2,4
651,644,646,646,17,19,18,18,7,-2,0,-2,1,0,-1,1,2,3,1,4
499,482,482,482,14,17,15,16,17,0,0,-3,2,-1,-2,2,1,1,1,4
674,667,667,667,17,16,15,16,7,0,0,1,1,-1,1,3,2,2,2,4
883,881,878,881,18,17,18,16,2,3,-3,1,-1,2,2,2,3,2,1,4
843,834,834,834,21,19,20,21,9,0,0,2,-1,-1,0,1,1,1,1,4
400,398,398,393,17,16,15,16,2,0,5,1,1,-1,1,2,3,1,1,4
611,616,609,609,14,17,15,16,-5,7,0,-3,2,-1,-2,2,2,1,1,4
670,665,663,663,17,16,18,16,5,2,0,1,-2,2,1,3,1,2,2,4
215,206,201,201,18,19,18,19,9,5,0,-1,1,-1,-1,3,3,1,1,4
569,557,557,557,18,17,18,16,12,0,0,1,-1,2,2,2,1,1,1,4
1033,1026,1036,1036,20,19,18,18,7,-10,0,1,1,0,2,2,1,1,3,4
297,295,286,290,14,14,15,13,2,9,-4,0,-1,2,1,2,3,3,1,4
187,1075,1078,1075,18,16,18,18,-888,-3,3,2,-2,0,0,1,2,1,2,4
900,895,895,897,14,14,15,13,5,0,-2,0,-1,2,1,3,3,1,2,4
588,581,581,586,14,14,15,13,7,0,-5,0,-1,2,1,2,1,1,1,4
569,567,567,569,18,19,18,18,2,0,-2,-1,1,0,0,2,1,1,2,4
1017,1019,1019,1017,13,14,12,13,-2,0,2,-1,2,-1,0,1,2,2,1,4
351,349,344,344,20,19,18,18,2,5,0,1,1,0,2,1,2,2,2,4
567,569,564,560,14,14,13,13,-2,5,4,0,1,0,1,3,2,2,2,4
499,494,492,494,21,19,21,19,5,2,-2,2,-2,2,2,2,2,1,2,4
339,342,339,342,13,14,15,13,-3,3,-3,-1,-1,2,0,2,3,2,3,4
740,736,736,736,20,19,20,18,4,0,0,1,-1,2,2,1,1,1,1,4
979,974,977,977,20,19,18,18,5,-3,0,1,1,0,2,1,3,2,2,4
309,307,300,304,18,19,18,19,2,7,-4,-1,1,-1,-1,1,2,3,1,4
417,414,410,414,17,16,15,16,3,4,-4,1,1,-1,1,1,2,2,2,4
468,468,468,468,13,16,15,16,0,0,0,-3,1,-1,-3,1,3,1,3,4
398,393,384,389,17,16,15,16,5,9,-5,1,1,-1,1,1,3,1,3,4
445,440,438,436,13,16,15,16,5,2,2,-3,1,-1,-3,1,1,2,1,4
625,623,623,623,21,19,21,21,2,0,0,2,-2,0,0,2,1,3,1,4
904,897,895,897,21,19,20,19,7,2,-2,2,-1,1,2,1,2,3,2,4
965,960,965,960,20,19,20,21,5,-5,5,1,-1,-1,-1,1,1,1,1,4
935,932,928,928,20,19,18,19,3,4,0,1,1,-1,1,2,1,1,1,4
485,482,478,475,14,14,13,13,3,4,3,0,1,0,1,2,1,1,2,4
468,468,468,475,13,14,15,13,0,0,-7,-1,-1,2,0,3,1,3,2,4
192,187,192,182,14,14,15,13,5,-5,10,0,-1,2,1,1,3,1,1,4
693,689,696,698,20,19,20,18,4,-7,-2,1,-1,2,2,1,1,2,1,4
970,965,951,949,13,14,12,13,5,14,2,-1,2,-1,0,3,3,1,2,4
656,651,646,651,20,19,20,18,5,5,-5,1,-1,2,2,1,3,1,1,4
1064,1064,1061,1059,17,19,18,18,0,3,2,-2,1,0,-1,1,1,2,3,4
286,283,278,276,18,17,18,18,3,5,2,1,-1,0,0,3,2,2,1,4
967,965,956,958,17,16,18,18,2,9,-2,1,-2,0,-1,2,1,1,2,4
902,897,900,900,14,17,15,16,5,-3,0,-3,2,-1,-2,2,2,1,1,4
757,754,759,759,20,19,20,21,3,-5,0,1,-1,-1,-1,2,1,1,3,4
984,984,984,982,17,16,18,18,0,0,2,1,-2,0,-1,1,1,3,2,4
553,548,546,548,21,19,20,21,5,2,-2,2,-1,-1,0,1,3,2,1,4
970,967,965,963,13,14,15,16,3,2,2,-1,-1,-1,-3,3,2,1,2,4
829,824,827,824,14,14,13,13,5,-3,3,0,1,0,1,1,1,2,3,4
824,820,813,810,14,17,15,16,4,7,3,-3,2,-1,-2,1,1,2,3,4
597,597,593,595,14,14,15,13,0,4,-2,0,-1,2,1,2,2,2,1,4
796,794,794,794,18,19,18,19,2,0,0,-1,1,-1,-1,3,2,2,2,4
210,210,206,206,18,19,18,19,0,4,0,-1,1,-1,-1,3,3,1,1,4
937,937,937,935,17,19,18,18,0,0,2,-2,1,0,-1,3,1,3,2,4
740,740,740,736,20,19,18,18,0,0,4,1,1,0,2,1,3,1,3,4
719,717,717,717,13,14,15,13,2,0,0,-1,-1,2,0,2,3,1,1,4
506,506,501,501,14,14,15,16,0,5,0,0,-1,-1,-2,1,1,1,1,4
363,363,363,356,17,19,18,18,0,0,7,-2,1,0,-1,2,2,2,1,4
1005,998,989,993,13,14,15,16,7,9,-4,-1,-1,-1,-3,2,1,1,1,4
358,353,353,356,13,14,12,13,5,0,-3,-1,2,-1,0,2,2,2,1,4
710,707,700,703,17,16,15,16,3,7,-3,1,1,-1,1,2,3,2,1,4
286,281,278,281,18,19,18,19,5,3,-3,-1,1,-1,-1,1,1,2,1,4
588,586,574,581,14,17,15,16,2,12,-7,-3,2,-1,-2,2,1,2,1,4
309,307,307,304,21,19,20,21,2,0,3,2,-1,-1,0,1,2,2,1,4
309,297,297,297,18,17,18,19,12,0,0,1,-1,-1,-1,1,2,2,2,4
1064,1059,1061,1061,13,14,12,13,5,-2,0,-1,2,-1,0,1,1,2,2,4
778,773,771,773,20,19,20,18,5,2,-2,1,-1,2,2,1,1,2,3,4
489,487,482,487,21,19,21,19,2,5,-5,2,-2,2,2,2,1,1,1,4
932,925,925,928,13,17,15,16,7,0,-3,-4,2,-1,-3,1,2,2,1,4
295,295,297,295,21,19,20,21,0,-2,2,2,-1,-1,0,1,1,2,1,4
534,529,522,524,14,14,15,16,5,7,-2,0,-1,-1,-2,1,1,2,1,4
989,979,977,979,17,19,18,18,10,2,-2,-2,1,0,-1,1,1,2,1,4
689,689,684,684,20,19,20,21,0,5,0,1,-1,-1,-1,1,3,1,1,4
1005,1010,1010,1012,17,19,18,18,-5,0,-2,-2,1,0,-1,2,2,2,1,4
902,902,900,902,21,19,20,21,0,2,-2,2,-1,-1,0,2,2,1,2,4
438,438,431,431,17,16,18,18,0,7,0,1,-2,0,-1,2,2,3,1,4
831,829,829,824,21,19,20,21,2,0,5,2,-1,-1,0,2,1,3,1,4
213,210,208,206,18,17,18,16,3,2,2,1,-1,2,2,2,3,2,1,4
707,703,698,698,20,19,20,21,4,5,0,1,-1,-1,-1,1,1,1,1,4
513,508,506,508,14,14,15,13,5,2,-2,0,-1,2,1,2,2,1,2,4
900,897,893,890,14,17,15,16,3,4,3,-3,2,-1,-2,1,2,2,1,4
424,417,421,421,20,19,20,18,7,-4,0,1,-1,2,2,2,1,1,1,4
886,878,881,881,18,19,18,19,8,-3,0,-1,1,-1,-1,1,2,1,1,4
302,307,297,297,14,14,15,13,-5,10,0,0,-1,2,1,2,2,2,2,4
785,778,773,771,18,16,18,18,7,5,2,2,-2,0,0,2,1,1,2,4
1031,1024,1017,1021,17,19,18,18,7,7,-4,-2,1,0,-1,3,2,3,3,4
721,719,717,717,13,14,15,13,2,2,0,-1,-1,2,0,3,2,1,1,4
513,503,508,506,18,19,18,19,10,-5,2,-1,1,-1,-1,2,2,2,1,4
900,895,895,895,14,14,13,13,5,0,0,0,1,0,1,1,3,1,3,4
775,768,771,768,13,14,15,13,7,-3,3,-1,-1,2,0,2,3,2,1,4
201,201,196,196,18,17,18,16,0,5,0,1,-1,2,2,1,3,3,1,4
886,876,878,883,14,17,15,16,10,-2,-5,-3,2,-1,-2,3,1,2,2,4
485,482,482,475,14,17,15,16,3,0,7,-3,2,-1,-2,2,1,1,2,4
984,984,979,979,20,19,20,21,0,5,0,1,-1,-1,-1,1,3,1,1,4
407,412,407,410,17,16,18,16,-5,5,-3,1,-2,2,1,3,1,1,2,4
323,316,307,309,14,14,13,13,7,9,-2,0,1,0,1,3,2,2,1,4
700,719,717,719,20,19,18,18,-19,2,-2,1,1,0,2,2,2,1,2,4
560,553,553,553,18,17,18,16,7,0,0,1,-1,2,2,2,1,1,1,4
1045,1031,1040,1040,17,16,15,16,14,-9,0,1,1,-1,1,3,1,1,1,4
792,789,787,785,14,14,13,13,3,2,2,0,1,0,1,3,2,1,2,4
1073,1068,1068,1066,17,19,18,18,5,0,2,-2,1,0,-1,1,1,1,2,4
494,496,487,489,14,14,15,13,-2,9,-2,0,-1,2,1,2,3,1,2,4
646,646,651,642,13,14,12,13,0,-5,9,-1,2,-1,0,1,3,3,1,4
1005,1000,998,996,13,14,15,16,5,2,2,-1,-1,-1,-3,2,2,3,2,4
827,824,820,815,18,19,18,19,3,4,5,-1,1,-1,-1,2,1,1,1,4
879,878,867,871,14,17,15,16,1,11,-4,-3,2,-1,-2,2,2,1,1,4
1003,996,991,993,17,16,18,16,7,5,-2,1,-2,2,1,1,2,2,1,4
637,637,635,632,13,14,15,13,0,2,3,-1,-1,2,0,3,3,2,1,4
412,412,410,407,20,19,18,18,0,2,3,1,1,0,2,1,1,2,1,4
1064,1064,1064,1064,17,16,18,16,0,0,0,1,-2,2,1,1,1,1,1,4
590,586,562,588,14,14,13,13,4,24,-26,0,1,0,1,3,3,1,2,4
309,297,300,295,14,14,13,13,12,-3,5,0,1,0,1,1,2,3,1,4
346,346,339,342,13,16,15,16,0,7,-3,-3,1,-1,-3,3,3,2,1,4
611,609,614,614,18,19,18,19,2,-5,0,-1,1,-1,-1,2,3,1,1,4
623,623,621,616,18,17,18,16,0,2,5,1,-1,2,2,1,1,2,2,4
843,841,846,841,14,17,15,16,2,-5,5,-3,2,-1,-2,3,2,2,2,4
618,618,618,618,18,17,18,19,0,0,0,1,-1,-1,-1,1,3,3,1,4
876,878,876,878,18,17,18,19,-2,2,-2,1,-1,-1,-1,3,2,3,2,4
384,379,379,379,17,16,18,16,5,0,0,1,-2,2,1,1,1,1,3,4
672,667,665,667,20,19,20,21,5,2,-2,1,-1,-1,-1,2,2,1,2,4
1068,1073,1068,1068,20,19,20,21,-5,5,0,1,-1,-1,-1,3,1,1,3,4
834,834,836,834,14,17,15,16,0,-2,2,-3,2,-1,-2,1,1,2,3,4
787,775,773,778,14,16,15,16,12,2,-5,-2,1,-1,-2,1,2,1,1,4
1045,1038,1033,1031,13,14,15,13,7,5,2,-1,-1,2,0,1,2,2,1,4
977,974,972,974,20,19,20,21,3,2,-2,1,-1,-1,-1,2,1,2,3,4
457,454,452,452,17,16,18,16,3,2,0,1,-2,2,1,2,1,2,2,4
874,869,862,867,14,14,15,13,5,7,-5,0,-1,2,1,2,2,1,3,4
213,217,206,206,18,17,18,16,-4,11,0,1,-1,2,2,2,2,3,1,4
1007,1007,1000,1003,13,14,12,13,0,7,-3,-1,2,-1,0,1,3,2,3,4
288,276,281,286,18,19,18,19,12,-5,-5,-1,1,-1,-1,2,1,3,1,4
506,499,501,501,21,19,21,21,7,-2,0,2,-2,0,0,3,2,1,1,4
419,414,412,412,17,16,18,18,5,2,0,1,-2,0,-1,2,2,1,1,4
323,318,318,323,18,17,18,16,5,0,-5,1,-1,2,2,1,1,3,1,4
283,281,274,271,14,14,13,13,2,7,3,0,1,0,1,2,3,2,3,4
224,203,206,210,18,17,18,16,21,-3,-4,1,-1,2,2,3,2,1,1,4
286,276,274,276,21,19,20,18,10,2,-2,2,-1,2,3,1,3,2,1,4
246,246,248,239,21,19,20,18,0,-2,9,2,-1,2,3,2,2,1,1,4
557,553,546,543,18,19,18,18,4,7,3,-1,1,0,0,1,3,2,1,4
871,867,867,867,21,19,20,21,4,0,0,2,-1,-1,0,1,3,1,1,4
623,614,607,607,14,14,13,13,9,7,0,0,1,0,1,3,3,2,2,4
459,461,457,454,17,16,18,18,-2,4,3,1,-2,0,-1,1,2,2,1,4
199,192,185,1078,21,19,21,21,7,7,-893,2,-2,0,0,2,3,2,1,4
803,801,792,792,18,17,15,16,2,9,0,1,2,-1,2,2,3,3,1,4
665,658,660,667,13,14,12,13,7,-2,-7,-1,2,-1,0,1,2,3,2,4
539,529,524,524,18,17,18,19,10,5,0,1,-1,-1,-1,1,1,1,1,4
543,539,536,536,18,19,18,18,4,3,0,-1,1,0,0,3,1,2,2,4
379,374,374,372,20,19,20,21,5,0,2,1,-1,-1,-1,3,1,1,2,4
768,761,759,759,20,19,20,21,7,2,0,1,-1,-1,-1,3,2,1,1,4
693,691,684,679,20,19,18,18,2,7,5,1,1,0,2,1,2,1,1,4
1026,1024,1021,1021,13,14,12,13,2,3,0,-1,2,-1,0,3,2,1,1,4
771,768,768,768,13,14,15,13,3,0,0,-1,-1,2,0,2,3,1,1,4
478,471,468,471,13,14,12,13,7,3,-3,-1,2,-1,0,1,2,3,2,4
996,993,989,991,20,19,20,18,3,4,-2,1,-1,2,2,2,3,1,2,4
904,904,904,904,21,19,20,21,0,0,0,2,-1,-1,0,1,1,1,1,4
248,224,236,239,14,14,13,13,24,-12,-3,0,1,0,1,3,3,2,3,4
492,487,487,487,21,19,21,21,5,0,0,2,-2,0,0,1,3,3,1,4
553,548,548,553,21,19,20,21,5,0,-5,2,-1,-1,0,1,3,1,1,4
344,365,360,356,20,19,20,18,-21,5,4,1,-1,2,2,2,1,1,1,4
965,958,956,953,13,14,12,13,7,2,3,-1,2,-1,0,3,2,1,2,4
189,185,185,182,18,17,18,16,4,0,3,1,-1,2,2,2,2,2,1,4
888,886,886,881,18,17,18,19,2,0,5,1,-1,-1,-1,2,1,3,1,4
192,189,185,187,21,19,21,19,3,4,-2,2,-2,2,2,1,2,2,1,4
1073,1068,1066,1073,20,19,20,18,5,2,-7,1,-1,2,2,1,3,2,1,4
614,609,604,609,14,14,13,13,5,5,-5,0,1,0,1,1,3,1,1,4
794,792,792,792,18,17,18,19,2,0,0,1,-1,-1,-1,2,1,3,1,4
960,958,953,951,17,16,18,18,2,5,2,1,-2,0,-1,1,2,2,1,4
260,253,248,250,21,19,20,21,7,5,-2,2,-1,-1,0,2,3,1,2,4
452,450,447,445,17,19,18,18,2,3,2,-2,1,0,-1,2,1,2,1,4
496,482,482,482,14,14,13,13,14,0,0,0,1,0,1,3,1,1,1,4
712,710,707,710,13,14,12,13,2,3,-3,-1,2,-1,0,3,2,1,2,4
595,593,590,590,18,17,18,19,2,3,0,1,-1,-1,-1,1,2,1,1,4
325,323,314,311,14,14,13,13,2,9,3,0,1,0,1,2,3,1,2,4
703,703,700,696,20,19,20,18,0,3,4,1,-1,2,2,1,1,2,2,4
991,989,984,986,20,19,20,21,2,5,-2,1,-1,-1,-1,2,3,3,2,4
951,946,944,935,17,16,18,16,5,2,9,1,-2,2,1,1,1,2,2,4
447,438,431,436,17,19,18,18,9,7,-5,-2,1,0,-1,2,2,3,1,4
979,979,979,974,20,19,18,18,0,0,5,1,1,0,2,1,3,1,1,4
1071,1068,1066,1064,17,19,18,18,3,2,2,-2,1,0,-1,2,3,2,1,4
349,344,346,344,13,16,15,16,5,-2,2,-3,1,-1,-3,2,2,1,2,4
960,956,956,958,20,19,18,18,4,0,-2,1,1,0,2,3,3,1,2,4
928,921,921,918,14,17,15,16,7,0,3,-3,2,-1,-2,1,2,2,1,4
421,414,414,421,20,19,20,21,7,0,-7,1,-1,-1,-1,1,2,2,1,4
740,736,736,731,13,14,12,13,4,0,5,-1,2,-1,0,1,3,1,1,4
951,951,949,949,13,14,12,13,0,2,0,-1,2,-1,0,1,3,2,2,4
372,372,365,370,17,16,18,18,0,7,-5,1,-2,0,-1,2,2,1,1,4
719,714,714,712,13,14,15,13,5,0,2,-1,-1,2,0,2,2,2,3,4
848,846,843,843,18,17,18,18,2,3,0,1,-1,0,0,1,2,1,1,4
311,300,290,290,14,14,13,13,11,10,0,0,1,0,1,2,3,1,1,4
646,644,639,639,17,19,18,18,2,5,0,-2,1,0,-1,3,2,2,2,4
822,806,803,803,14,17,15,16,16,3,0,-3,2,-1,-2,2,1,2,2,4
524,524,517,520,14,14,13,13,0,7,-3,0,1,0,1,1,1,2,1,4
707,714,712,714,13,14,12,13,-7,2,-2,-1,2,-1,0,3,2,1,2,4
293,288,288,286,18,19,18,19,5,0,2,-1,1,-1,-1,2,2,2,1,4
314,314,311,316,21,19,21,21,0,3,-5,2,-2,0,0,3,1,2,2,4
433,431,431,433,20,19,20,18,2,0,-2,1,-1,2,2,2,1,3,2,4
1029,1019,1021,1019,17,16,18,18,10,-2,2,1,-2,0,-1,2,2,1,2,4
220,220,217,220,18,17,18,19,0,3,-3,1,-1,-1,-1,1,1,2,1,4
239,239,239,234,21,19,20,18,0,0,5,2,-1,2,3,1,1,1,1,4
229,224,222,222,14,17,15,16,5,2,0,-3,2,-1,-2,3,1,2,2,4
1031,1028,1028,1031,17,16,15,16,3,0,-3,1,1,-1,1,1,2,2,1,4
417,419,410,407,17,19,18,18,-2,9,3,-2,1,0,-1,1,2,2,1,4
295,290,290,295,14,17,15,16,5,0,-5,-3,2,-1,-2,3,1,1,1,4
253,250,250,248,18,17,18,18,3,0,2,1,-1,0,0,3,2,2,1,4
862,839,841,841,14,14,15,13,23,-2,0,0,-1,2,1,1,1,2,2,4
719,719,717,717,17,16,18,16,0,2,0,1,-2,2,1,2,2,3,1,4
337,325,323,323,17,19,18,19,12,2,0,-2,1,-1,-2,3,2,1,1,4
269,257,257,257,21,19,20,21,12,0,0,2,-1,-1,0,2,1,1,1,4
738,738,733,731,13,14,15,13,0,5,2,-1,-1,2,0,2,2,2,1,4
515,510,506,503,18,17,18,19,5,4,3,1,-1,-1,-1,1,1,3,2,4
876,864,864,867,14,14,15,13,12,0,-3,0,-1,2,1,1,2,2,3,4
853,848,848,846,18,19,18,18,5,0,2,-1,1,0,0,1,1,3,2,4
365,360,360,358,13,16,15,16,5,0,2,-3,1,-1,-3,3,1,1,2,4
1064,1061,1064,1059,13,14,15,13,3,-3,5,-1,-1,2,0,1,2,1,1,4
557,557,553,555,18,17,18,16,0,4,-2,1,-1,2,2,1,3,1,2,4
623,623,618,621,14,14,13,13,0,5,-3,0,1,0,1,1,3,3,2,4
1005,1005,998,1007,17,19,18,18,0,7,-9,-2,1,0,-1,2,2,3,1,4
208,210,206,206,14,14,13,13,-2,4,0,0,1,0,1,2,3,1,1,4
836,824,815,820,14,17,15,16,12,9,-5,-3,2,-1,-2,2,1,3,3,4
679,674,677,674,20,19,20,18,5,-3,3,1,-1,2,2,1,1,2,1,4
459,454,459,457,20,19,20,18,5,-5,2,1,-1,2,2,1,1,1,2,4
911,900,893,895,14,14,15,13,11,7,-2,0,-1,2,1,2,1,2,1,4
553,541,539,539,18,19,18,18,12,2,0,-1,1,0,0,1,2,1,1,4
482,478,473,473,18,16,18,16,4,5,0,2,-2,2,2,1,1,1,1,4
637,632,628,628,13,14,13,13,5,4,0,-1,1,0,0,1,1,1,1,4
916,904,907,907,14,17,15,16,12,-3,0,-3,2,-1,-2,2,1,2,2,4
590,586,588,588,18,17,18,19,4,-2,0,1,-1,-1,-1,1,1,2,2,4
489,487,485,487,14,14,15,16,2,2,-2,0,-1,-1,-2,2,3,2,1,4
953,956,949,951,20,19,20,21,-3,7,-2,1,-1,-1,-1,2,1,2,1,4
745,745,745,745,20,19,20,18,0,0,0,1,-1,2,2,1,1,1,1,4
501,501,496,492,18,17,18,19,0,5,4,1,-1,-1,-1,1,3,1,1,4
991,984,993,989,17,16,18,18,7,-9,4,1,-2,0,-1,2,3,3,1,4
1029,1028,1026,1024,13,14,15,16,1,2,2,-1,-1,-1,-3,2,2,1,2,4
829,822,815,815,14,14,15,13,7,7,0,0,-1,2,1,1,2,1,3,4
571,389,386,384,14,14,15,13,182,3,2,0,-1,2,1,3,3,2,1,4
562,562,560,562,14,17,15,16,0,2,-2,-3,2,-1,-2,1,3,2,1,4
890,883,881,874,18,17,18,18,7,2,7,1,-1,0,0,1,2,3,2,4
297,295,293,295,14,17,15,16,2,2,-2,-3,2,-1,-2,2,1,2,1,4
300,297,300,295,14,14,13,13,3,-3,5,0,1,0,1,1,2,1,3,4
464,450,450,445,13,14,15,13,14,0,5,-1,-1,2,0,3,1,3,3,4
921,918,918,914,14,14,15,13,3,0,4,0,-1,2,1,2,1,1,1,4
309,304,302,304,21,19,20,19,5,2,-2,2,-1,1,2,1,1,2,1,4
611,609,604,609,14,14,15,13,2,5,-5,0,-1,2,1,2,3,1,3,4
262,257,253,253,18,17,18,16,5,4,0,1,-1,2,2,1,1,1,1,4
534,534,529,529,21,19,20,19,0,5,0,2,-1,1,2,3,1,1,1,4
893,883,881,881,18,19,18,19,10,2,0,-1,1,-1,-1,2,2,1,1,4
231,227,224,224,18,19,18,19,4,3,0,-1,1,-1,-1,2,2,1,1,4
670,663,663,660,20,19,20,21,7,0,3,1,-1,-1,-1,3,2,2,1,4
403,393,398,398,13,14,12,13,10,-5,0,-1,2,-1,0,3,3,1,3,4
286,278,281,281,18,19,18,19,8,-3,0,-1,1,-1,-1,1,2,1,1,4
229,217,220,224,18,19,18,19,12,-3,-4,-1,1,-1,-1,1,2,3,1,4
1073,1071,1071,1071,13,14,12,13,2,0,0,-1,2,-1,0,1,2,2,2,4
974,970,977,984,13,16,15,16,4,-7,-7,-3,1,-1,-3,1,3,2,1,4
663,660,660,660,20,19,18,18,3,0,0,1,1,0,2,2,3,1,1,4
487,487,482,485,21,19,21,19,0,5,-3,2,-2,2,2,1,1,1,2,4
210,203,199,203,18,17,18,19,7,4,-4,1,-1,-1,-1,1,2,2,2,4
618,618,618,618,18,17,18,16,0,0,0,1,-1,2,2,1,1,1,1,4
1010,1007,1000,1000,13,14,12,13,3,7,0,-1,2,-1,0,2,3,2,2,4
900,893,895,895,21,19,20,19,7,-2,0,2,-1,1,2,1,2,1,1,4
196,192,189,189,14,14,15,13,4,3,0,0,-1,2,1,1,1,2,2,4
843,841,836,836,21,19,20,21,2,5,0,2,-1,-1,0,3,2,2,2,4
374,374,374,374,17,16,18,18,0,0,0,1,-2,0,-1,3,3,1,1,4
881,867,829,867,14,14,13,13,14,38,-38,0,1,0,1,1,3,1,1,4
593,588,590,588,18,17,18,19,5,-2,2,1,-1,-1,-1,2,2,1,2,4
778,771,773,773,17,16,18,18,7,-2,0,1,-2,0,-1,1,2,1,1,4
759,750,752,750,13,14,15,16,9,-2,2,-1,-1,-1,-3,3,3,2,1,4
621,614,611,611,18,17,18,19,7,3,0,1,-1,-1,-1,2,1,2,2,4
358,360,360,356,20,19,20,21,-2,0,4,1,-1,-1,-1,2,1,1,1,4
693,689,691,691,20,19,20,21,4,-2,0,1,-1,-1,-1,1,1,2,2,4
918,916,869,909,14,17,15,16,2,47,-40,-3,2,-1,-2,1,2,2,1,4
196,187,189,182,14,14,15,13,9,-2,7,0,-1,2,1,3,1,2,1,4
302,300,300,300,18,19,18,19,2,0,0,-1,1,-1,-1,2,3,3,1,4
576,569,576,576,18,17,18,18,7,-7,0,1,-1,0,0,3,2,1,3,4
808,796,792,801,14,17,15,16,12,4,-9,-3,2,-1,-2,2,1,1,3,4
1045,1050,1045,1043,20,19,18,18,-5,5,2,1,1,0,2,1,3,1,2,4
196,192,182,187,18,17,18,19,4,10,-5,1,-1,-1,-1,3,3,1,1,4
785,775,778,778,18,16,18,18,10,-3,0,2,-2,0,0,2,2,1,1,4
318,318,321,318,18,17,18,19,0,-3,3,1,-1,-1,-1,3,1,2,1,4
379,372,377,370,13,14,12,13,7,-5,7,-1,2,-1,0,1,2,2,1,4
255,234,232,236,14,14,13,13,21,2,-4,0,1,0,1,2,1,2,2,4
464,466,461,459,17,16,15,16,-2,5,2,1,1,-1,1,3,2,2,1,4
482,482,485,482,18,17,18,19,0,-3,3,1,-1,-1,-1,1,1,2,1,4
431,428,431,426,20,19,20,18,3,-3,5,1,-1,2,2,1,2,1,1,4
501,494,496,496,14,14,13,13,7,-2,0,0,1,0,1,1,2,1,1,4
857,855,853,850,14,14,15,13,2,2,3,0,-1,2,1,1,2,1,2,4
745,747,738,743,13,14,15,13,-2,9,-5,-1,-1,2,0,1,2,2,2,4
1024,1024,1021,1021,13,14,12,13,0,3,0,-1,2,-1,0,2,2,1,3,4
374,374,370,367,13,14,15,13,0,4,3,-1,-1,2,0,3,1,1,2,4
445,440,440,450,13,14,15,13,5,0,-10,-1,-1,2,0,1,3,3,1,4
351,349,346,346,13,14,12,13,2,3,0,-1,2,-1,0,3,2,3,1,4
705,700,677,698,13,14,12,13,5,23,-21,-1,2,-1,0,2,2,2,1,4
534,524,520,515,18,17,18,19,10,4,5,1,-1,-1,-1,1,1,3,1,4
736,733,724,724,13,14,15,13,3,9,0,-1,-1,2,0,3,2,2,2,4
1010,1012,1010,1014,13,14,15,13,-2,2,-4,-1,-1,2,0,2,1,2,2,4
923,916,911,916,14,14,13,13,7,5,-5,0,1,0,1,1,2,2,2,4
792,787,787,787,21,19,21,21,5,0,0,2,-2,0,0,1,1,3,1,4
904,895,895,895,14,14,13,13,9,0,0,0,1,0,1,1,1,3,1,4
539,539,534,534,21,19,20,18,0,5,0,2,-1,2,3,1,1,1,1,4
796,789,787,787,21,19,21,21,7,2,0,2,-2,0,0,3,2,1,1,4
295,288,283,283,14,14,13,13,7,5,0,0,1,0,1,1,2,2,2,4
773,768,768,764,17,16,18,16,5,0,4,1,-2,2,1,1,1,3,1,4
731,733,736,731,13,14,15,16,-2,-3,5,-1,-1,-1,-3,1,2,3,1,4
496,496,492,496,18,19,18,19,0,4,-4,-1,1,-1,-1,1,1,1,1,4
827,824,820,820,14,17,15,16,3,4,0,-3,2,-1,-2,2,1,1,1,4
703,700,684,696,20,19,20,18,3,16,-12,1,-1,2,2,3,2,1,2,4
248,243,239,243,14,14,15,13,5,4,-4,0,-1,2,1,3,1,1,1,4
283,281,278,278,14,14,15,16,2,3,0,0,-1,-1,-2,2,1,2,2,4
421,421,421,419,17,16,18,18,0,0,2,1,-2,0,-1,1,1,1,2,4
405,403,398,393,13,16,15,16,2,5,5,-3,1,-1,-3,2,3,3,1,4
839,832,824,820,21,19,20,19,7,8,4,2,-1,1,2,1,2,1,1,4
670,667,665,665,20,19,20,21,3,2,0,1,-1,-1,-1,1,2,1,1,4
674,665,656,658,20,19,20,18,9,9,-2,1,-1,2,2,1,3,3,2,4
590,588,588,586,14,14,15,16,2,0,2,0,-1,-1,-2,3,2,2,1,4
412,407,400,403,17,16,15,16,5,7,-3,1,1,-1,1,3,1,2,1,4
824,827,827,824,18,17,18,19,-3,0,3,1,-1,-1,-1,1,2,2,1,4
567,564,560,562,14,14,15,13,3,4,-2,0,-1,2,1,3,2,2,3,4
217,213,213,215,14,17,15,16,4,0,-2,-3,2,-1,-2,2,2,2,1,4
328,325,321,318,18,17,18,19,3,4,3,1,-1,-1,-1,1,2,2,1,4
867,860,857,857,18,17,18,16,7,3,0,1,-1,2,2,1,2,1,1,4
260,262,257,257,21,19,20,18,-2,5,0,2,-1,2,3,2,3,3,1,4
208,1050,1050,1047,14,14,15,13,-842,0,3,0,-1,2,1,2,1,3,2,4
984,982,979,977,20,19,20,21,2,3,2,1,-1,-1,-1,3,2,1,2,4
229,227,227,227,14,14,13,13,2,0,0,0,1,0,1,3,2,2,2,4
721,721,721,721,17,16,18,16,0,0,0,1,-2,2,1,3,1,1,1,4
466,464,466,464,17,16,15,16,2,-2,2,1,1,-1,1,2,1,2,1,4
839,836,834,829,21,19,20,19,3,2,5,2,-1,1,2,1,2,1,1,4
255,246,246,243,14,14,15,13,9,0,3,0,-1,2,1,2,2,2,1,4
372,372,360,358,13,14,12,13,0,12,2,-1,2,-1,0,2,2,1,2,4
337,337,335,332,17,16,15,16,0,2,3,1,1,-1,1,1,1,2,1,4
1036,1031,1031,1031,20,19,18,18,5,0,0,1,1,0,2,3,1,1,1,4
344,342,337,337,17,16,18,18,2,5,0,1,-2,0,-1,2,1,1,1,4
323,314,307,307,18,19,18,19,9,7,0,-1,1,-1,-1,1,1,2,2,4
342,339,337,342,13,14,12,13,3,2,-5,-1,2,-1,0,1,2,1,1,4
576,581,571,571,21,19,20,21,-5,10,0,2,-1,-1,0,3,1,1,1,4
485,475,478,478,18,19,20,18,10,-3,0,-1,-1,2,0,2,2,1,1,4
813,820,817,815,18,19,18,19,-7,3,2,-1,1,-1,-1,2,1,2,1,4
543,548,548,548,21,19,20,21,-5,0,0,2,-1,-1,0,1,3,1,1,4
196,187,187,187,21,19,21,19,9,0,0,2,-2,2,2,1,1,1,1,4
201,199,196,196,18,19,18,19,2,3,0,-1,1,-1,-1,1,2,3,1,4
370,360,353,360,20,19,18,18,10,7,-7,1,1,0,2,3,1,2,1,4
274,267,271,271,21,19,20,21,7,-4,0,2,-1,-1,0,2,1,1,1,4
874,878,869,869,18,17,18,16,-4,9,0,1,-1,2,2,2,2,2,2,4
815,810,810,808,14,14,15,13,5,0,2,0,-1,2,1,1,1,3,2,4
902,890,895,890,14,14,13,13,12,-5,5,0,1,0,1,2,1,3,1,4
337,332,335,332,20,19,20,21,5,-3,3,1,-1,-1,-1,3,1,2,1,4
698,693,696,691,17,16,15,16,5,-3,5,1,1,-1,1,1,1,2,2,4
815,808,810,806,18,19,18,19,7,-2,4,-1,1,-1,-1,3,2,1,1,4
993,991,982,989,17,16,15,16,2,9,-7,1,1,-1,1,1,2,2,1,4
597,588,588,588,14,17,15,16,9,0,0,-3,2,-1,-2,2,2,2,2,4
935,925,925,925,13,14,15,16,10,0,0,-1,-1,-1,-3,2,2,2,2,4
707,707,703,703,13,14,12,13,0,4,0,-1,2,-1,0,1,3,3,3,4
958,956,949,946,17,16,18,18,2,7,3,1,-2,0,-1,2,3,2,1,4
346,337,337,337,20,19,18,18,9,0,0,1,1,0,2,3,3,1,1,4
187,182,185,187,14,14,13,13,5,-3,-2,0,1,0,1,1,1,2,1,4
346,337,332,332,13,16,15,16,9,5,0,-3,1,-1,-3,1,1,1,1,4
656,649,642,646,20,19,20,18,7,7,-4,1,-1,2,2,1,2,1,1,4
508,503,506,501,18,19,18,19,5,-3,5,-1,1,-1,-1,2,2,3,1,4
1073,1073,1078,1068,13,14,15,16,0,-5,10,-1,-1,-1,-3,1,1,1,1,4
736,731,728,736,13,14,12,13,5,3,-8,-1,2,-1,0,3,3,2,1,4
721,726,721,719,13,14,15,13,-5,5,2,-1,-1,2,0,1,3,1,2,4
499,496,496,499,21,19,21,21,3,0,-3,2,-2,0,0,2,3,1,2,4
353,356,353,356,17,16,18,18,-3,3,-3,1,-2,0,-1,2,3,2,1,4
1033,1036,1031,1031,17,19,18,18,-3,5,0,-2,1,0,-1,2,3,1,1,4
297,295,297,304,21,19,20,19,2,-2,-7,2,-1,1,2,2,1,2,1,4
843,834,843,834,14,14,15,13,9,-9,9,0,-1,2,1,3,1,1,3,4
939,939,937,935,13,16,15,16,0,2,2,-3,1,-1,-3,2,2,1,2,4
445,424,445,454,20,19,20,21,21,-21,-9,1,-1,-1,-1,3,2,1,3,4
574,567,567,567,21,19,20,18,7,0,0,2,-1,2,3,2,1,1,1,4
227,222,227,224,14,14,15,13,5,-5,3,0,-1,2,1,2,2,2,3,4
632,635,625,632,13,14,13,13,-3,10,-7,-1,1,0,0,1,2,2,1,4
344,335,337,337,17,16,15,16,9,-2,0,1,1,-1,1,2,2,1,1,4
529,524,520,517,18,19,18,19,5,4,3,-1,1,-1,-1,1,1,1,2,4
222,220,210,217,18,17,15,16,2,10,-7,1,2,-1,2,2,1,1,2,4
890,886,886,883,18,17,18,16,4,0,3,1,-1,2,2,1,1,1,2,4
698,693,691,689,20,19,20,21,5,2,2,1,-1,-1,-1,1,1,2,1,4
1045,1045,1043,1040,17,16,18,16,0,2,3,1,-2,2,1,1,1,2,1,4
874,871,871,864,14,14,13,13,3,0,7,0,1,0,1,2,1,1,2,4
224,224,222,220,18,17,18,16,0,2,2,1,-1,2,2,1,1,2,1,4
571,569,569,571,18,19,18,18,2,0,-2,-1,1,0,0,1,2,2,1,4
972,967,965,965,13,14,12,13,5,2,0,-1,2,-1,0,2,2,1,1,4
203,201,201,201,14,17,15,16,2,0,0,-3,2,-1,-2,2,1,1,1,4
787,787,782,787,18,17,18,16,0,5,-5,1,-1,2,2,1,1,1,1,4
693,693,696,693,20,19,20,18,0,-3,3,1,-1,2,2,1,1,2,3,4
531,534,529,534,14,17,15,16,-3,5,-5,-3,2,-1,-2,2,3,1,1,4
534,524,532,527,14,17,15,16,10,-8,5,-3,2,-1,-2,1,1,2,2,4
607,604,600,604,14,14,13,13,3,4,-4,0,1,0,1,2,3,1,1,4
1068,1068,1066,1066,20,19,20,21,0,2,0,1,-1,-1,-1,3,3,2,2,4
628,621,621,623,14,17,15,16,7,0,-2,-3,2,-1,-2,1,2,2,3,4
1068,1064,1059,1059,13,14,12,13,4,5,0,-1,2,-1,0,1,3,1,3,4
1031,1024,1028,1026,17,16,15,16,7,-4,2,1,1,-1,1,1,2,2,1,4
281,276,262,276,14,17,15,16,5,14,-14,-3,2,-1,-2,1,3,1,1,4
1068,1068,1068,1068,17,19,18,18,0,0,0,-2,1,0,-1,1,1,1,1,4
421,417,417,417,20,19,18,18,4,0,0,1,1,0,2,1,1,1,1,4
794,787,782,782,14,14,13,13,7,5,0,0,1,0,1,2,3,1,1,4
360,356,356,358,13,14,15,16,4,0,-2,-1,-1,-1,-3,1,1,1,2,4
745,745,740,743,13,14,15,13,0,5,-3,-1,-1,2,0,1,3,1,2,4
325,318,311,314,21,19,21,21,7,7,-3,2,-2,0,0,2,1,2,1,4
314,309,307,304,18,19,18,19,5,2,3,-1,1,-1,-1,1,1,2,1,4
857,853,853,857,21,19,20,18,4,0,-4,2,-1,2,3,1,3,1,1,4
487,487,482,487,21,19,21,19,0,5,-5,2,-2,2,2,1,1,1,1,4
993,986,974,977,13,14,12,13,7,12,-3,-1,2,-1,0,1,2,1,2,4
916,904,897,897,14,17,15,16,12,7,0,-3,2,-1,-2,2,3,2,2,4
663,658,651,653,13,14,15,13,5,7,-2,-1,-1,2,0,2,2,1,2,4
335,328,328,328,20,19,21,21,7,0,0,1,-2,0,-1,2,1,1,1,4
653,649,651,651,17,16,18,18,4,-2,0,1,-2,0,-1,2,2,1,1,4
281,276,271,267,14,14,13,13,5,5,4,0,1,0,1,1,3,1,1,4
351,349,351,351,20,19,18,18,2,-2,0,1,1,0,2,1,2,1,1,4
869,867,862,857,21,19,20,18,2,5,5,2,-1,2,3,2,1,1,3,4
393,386,386,386,17,16,15,16,7,0,0,1,1,-1,1,3,2,2,2,4
421,417,412,412,13,14,15,13,4,5,0,-1,-1,2,0,1,3,1,1,4
325,323,323,325,18,19,18,19,2,0,-2,-1,1,-1,-1,2,1,3,2,4
864,860,857,857,21,19,20,21,4,3,0,2,-1,-1,0,2,2,1,1,4
203,196,203,203,18,17,18,19,7,-7,0,1,-1,-1,-1,2,1,2,2,4
848,848,839,839,18,17,18,18,0,9,0,1,-1,0,0,1,1,1,1,4
192,189,182,187,21,19,21,21,3,7,-5,2,-2,0,0,1,2,1,3,4
935,932,935,932,20,19,18,18,3,-3,3,1,1,0,2,2,1,2,1,4
229,229,220,222,14,14,13,13,0,9,-2,0,1,0,1,1,3,1,2,4
522,520,517,510,14,17,15,16,2,3,7,-3,2,-1,-2,2,1,2,3,4
829,822,815,817,21,19,20,21,7,7,-2,2,-1,-1,0,1,2,3,2,4
674,672,670,672,20,19,20,21,2,2,-2,1,-1,-1,-1,1,2,1,2,4
473,473,466,466,13,14,12,13,0,7,0,-1,2,-1,0,1,3,2,2,4
1066,1071,1066,1066,13,14,15,13,-5,5,0,-1,-1,2,0,2,2,2,2,4
921,918,923,916,18,17,18,19,3,-5,7,1,-1,-1,-1,2,1,1,2,4
381,379,374,377,20,19,18,18,2,5,-3,1,1,0,2,2,3,1,2,4
234,229,229,224,21,19,20,21,5,0,5,2,-1,-1,0,1,1,1,1,4
820,813,813,817,21,19,20,21,7,0,-4,2,-1,-1,0,1,2,2,2,4
571,574,581,576,21,19,20,18,-3,-7,5,2,-1,2,3,1,2,1,1,4
642,639,637,639,20,19,18,18,3,2,-2,1,1,0,2,1,2,1,2,4
916,914,909,907,21,19,21,21,2,5,2,2,-2,0,0,2,1,1,2,4
946,942,942,942,13,14,15,13,4,0,0,-1,-1,2,0,3,1,3,1,4
206,199,196,192,21,19,21,19,7,3,4,2,-2,2,2,3,2,3,3,4
459,454,452,450,13,14,15,13,5,2,2,-1,-1,2,0,3,1,2,3,4
710,705,698,700,13,14,12,13,5,7,-2,-1,2,-1,0,2,2,1,2,4
1007,1003,998,998,20,19,20,18,4,5,0,1,-1,2,2,1,3,1,1,4
239,236,239,234,21,19,20,21,3,-3,5,2,-1,-1,0,1,2,1,1,4
501,482,473,473,18,17,18,18,19,9,0,1,-1,0,0,1,1,1,1,4
224,213,206,208,14,17,15,16,11,7,-2,-3,2,-1,-2,3,2,3,2,4
436,431,424,431,13,14,15,13,5,7,-7,-1,-1,2,0,1,3,2,1,4
236,232,224,222,18,17,18,19,4,8,2,1,-1,-1,-1,2,2,1,2,4
1073,1075,1073,1073,13,14,15,13,-2,2,0,-1,-1,2,0,1,2,3,1,4
567,557,557,553,14,17,15,16,10,0,4,-3,2,-1,-2,1,1,3,1,4
199,192,194,196,14,17,15,16,7,-2,-2,-3,2,-1,-2,2,1,2,1,4
374,370,370,370,20,19,20,21,4,0,0,1,-1,-1,-1,1,1,1,1,4
902,897,890,890,18,17,18,19,5,7,0,1,-1,-1,-1,2,2,1,1,4
775,766,761,766,13,14,12,13,9,5,-5,-1,2,-1,0,2,2,2,2,4
321,321,309,309,14,17,15,16,0,12,0,-3,2,-1,-2,2,2,1,3,4
501,496,501,496,14,14,15,13,5,-5,5,0,-1,2,1,1,1,3,1,4
222,208,206,213,18,19,18,19,14,2,-7,-1,1,-1,-1,2,2,1,2,4
356,356,353,353,17,16,15,16,0,3,0,1,1,-1,1,1,1,2,2,4
302,290,290,288,14,14,15,13,12,0,2,0,-1,2,1,2,1,3,2,4
520,515,513,515,14,14,15,13,5,2,-2,0,-1,2,1,1,3,2,1,4
438,438,440,440,17,16,15,16,0,-2,0,1,1,-1,1,2,2,1,1,4
482,473,473,475,21,19,20,21,9,0,-2,2,-1,-1,0,1,1,1,2,4
492,487,489,487,14,14,13,13,5,-2,2,0,1,0,1,1,3,2,3,4
590,586,581,586,18,19,18,19,4,5,-5,-1,1,-1,-1,3,1,1,1,4
1045,1031,1031,1031,13,14,12,13,14,0,0,-1,2,-1,0,1,3,1,1,4
510,508,501,499,21,19,21,19,2,7,2,2,-2,2,2,3,2,1,2,4
309,297,295,293,21,19,20,21,12,2,2,2,-1,-1,0,1,2,1,2,4
295,290,281,281,14,17,15,16,5,9,0,-3,2,-1,-2,3,1,1,3,4
567,560,562,555,21,19,20,21,7,-2,7,2,-1,-1,0,1,2,1,2,4
815,810,806,806,21,19,20,21,5,4,0,2,-1,-1,0,3,1,3,1,4
450,447,443,445,17,16,18,18,3,4,-2,1,-2,0,-1,3,2,2,1,4
745,740,740,740,20,19,20,21,5,0,0,1,-1,-1,-1,1,3,3,1,4
524,524,527,529,14,14,15,13,0,-3,-2,0,-1,2,1,1,3,2,1,4
1031,1031,1028,1028,20,19,20,18,0,3,0,1,-1,2,2,1,1,2,2,4
489,489,485,487,14,17,15,16,0,4,-2,-3,2,-1,-2,2,2,2,1,4
815,810,808,808,18,17,18,16,5,2,0,1,-1,2,2,3,3,2,2,4
754,754,752,750,20,19,20,21,0,2,2,1,-1,-1,-1,3,1,2,1,4
815,810,810,806,18,19,18,19,5,0,4,-1,1,-1,-1,3,3,1,1,4
536,534,529,529,14,17,15,16,2,5,0,-3,2,-1,-2,2,3,1,1,4
895,890,890,886,21,19,20,21,5,0,4,2,-1,-1,0,3,1,1,1,4
745,747,728,745,13,14,12,13,-2,19,-17,-1,2,-1,0,1,2,2,3,4
304,304,300,300,18,17,18,19,0,4,0,1,-1,-1,-1,1,1,1,1,4
989,979,967,965,13,14,12,13,10,12,2,-1,2,-1,0,3,3,2,1,4
520,513,510,515,18,19,18,19,7,3,-5,-1,1,-1,-1,3,2,3,1,4
450,440,431,433,13,14,12,13,10,9,-2,-1,2,-1,0,3,3,1,2,4
255,253,250,248,18,17,18,16,2,3,2,1,-1,2,2,2,1,2,1,4
314,311,309,307,14,14,13,13,3,2,2,0,1,0,1,1,2,1,2,4
325,325,323,325,18,19,18,19,0,2,-2,-1,1,-1,-1,2,2,1,2,4
389,389,386,389,17,16,18,18,0,3,-3,1,-2,0,-1,1,1,2,1,4
248,253,246,243,18,17,18,18,-5,7,3,1,-1,0,0,1,3,2,1,4
921,907,916,914,18,19,18,19,14,-9,2,-1,1,-1,-1,2,2,2,1,4
902,900,890,900,14,17,15,16,2,10,-10,-3,2,-1,-2,2,1,1,1,4
239,232,229,232,14,14,15,16,7,3,-3,0,-1,-1,-2,1,2,1,2,4
231,189,185,185,14,14,15,13,42,4,0,0,-1,2,1,2,2,2,2,4
822,817,813,813,14,17,15,16,5,4,0,-3,2,-1,-2,2,2,2,2,4
506,501,501,499,18,19,18,19,5,0,2,-1,1,-1,-1,1,3,3,2,4
187,1073,1064,1064,14,14,12,13,-886,9,0,0,2,-1,1,1,3,1,1,4
267,262,260,257,21,19,20,18,5,2,3,2,-1,2,3,1,1,2,3,4
510,508,510,510,18,17,18,19,2,-2,0,1,-1,-1,-1,1,2,3,1,4
965,972,965,970,13,14,15,13,-7,7,-5,-1,-1,2,0,1,2,1,1,4
1073,1073,1071,1073,13,14,15,13,0,2,-2,-1,-1,2,0,3,3,2,1,4
583,576,574,576,14,14,15,13,7,2,-2,0,-1,2,1,2,3,2,1,4
337,335,328,325,13,14,15,13,2,7,3,-1,-1,2,0,1,2,1,2,4
487,482,478,485,14,17,15,16,5,4,-7,-3,2,-1,-2,3,1,1,2,4
546,546,543,539,18,17,18,16,0,3,4,1,-1,2,2,2,2,3,1,4
264,262,257,257,18,17,18,18,2,5,0,1,-1,0,0,2,1,1,1,4
1026,1026,1026,1026,20,19,20,21,0,0,0,1,-1,-1,-1,1,1,3,1,4
246,239,239,239,18,17,18,18,7,0,0,1,-1,0,0,2,3,1,1,4
243,236,229,227,14,14,13,13,7,7,2,0,1,0,1,3,2,1,2,4
942,937,937,935,20,19,20,21,5,0,2,1,-1,-1,-1,3,3,1,2,4
328,318,314,314,14,14,15,13,10,4,0,0,-1,2,1,1,3,3,1,4
517,515,513,515,18,19,18,19,2,2,-2,-1,1,-1,-1,2,3,2,1,4
487,478,475,475,14,16,15,16,9,3,0,-2,1,-1,-2,3,1,2,2,4
293,286,286,288,18,17,18,16,7,0,-2,1,-1,2,2,2,1,1,2,4
590,593,586,586,18,17,18,19,-3,7,0,1,-1,-1,-1,1,2,3,1,4
274,274,274,271,21,19,20,21,0,0,3,2,-1,-1,0,2,2,2,3,4
543,543,539,539,18,19,18,18,0,4,0,-1,1,0,0,1,1,1,1,4
487,482,482,482,14,14,15,13,5,0,0,0,-1,2,1,1,1,1,1,4
314,309,307,307,14,17,15,16,5,2,0,-3,2,-1,-2,1,1,2,2,4
454,445,452,452,13,14,12,13,9,-7,0,-1,2,-1,0,3,1,2,2,4
684,686,684,684,17,16,15,16,-2,2,0,1,1,-1,1,1,2,1,1,4
989,986,979,979,13,14,15,13,3,7,0,-1,-1,2,0,3,2,1,1,4
543,543,541,541,14,17,15,16,0,2,0,-3,2,-1,-2,3,1,2,2,4
550,546,543,543,14,14,13,13,4,3,0,0,1,0,1,2,2,1,3,4
689,682,684,682,17,16,15,16,7,-2,2,1,1,-1,1,3,2,1,2,4
960,960,956,953,13,14,15,13,0,4,3,-1,-1,2,0,3,1,1,2,4
199,199,196,196,21,19,21,19,0,3,0,2,-2,2,2,2,2,1,1,4
782,775,766,773,14,16,15,16,7,9,-7,-2,1,-1,-2,1,2,2,1,4
487,482,485,482,14,17,15,16,5,-3,3,-3,2,-1,-2,1,1,2,1,4
452,445,452,450,13,14,15,13,7,-7,2,-1,-1,2,0,2,1,2,1,4
307,302,304,304,21,19,20,21,5,-2,0,2,-1,-1,0,2,2,1,1,4
607,595,590,588,14,14,13,13,12,5,2,0,1,0,1,2,1,1,2,4
977,979,977,979,13,14,15,13,-2,2,-2,-1,-1,2,0,2,1,2,1,4
300,288,286,290,14,14,15,13,12,2,-4,0,-1,2,1,1,2,1,1,4
520,510,503,506,14,14,15,13,10,7,-3,0,-1,2,1,3,3,2,3,4
712,712,707,712,20,19,20,18,0,5,-5,1,-1,2,2,1,1,1,1,4
424,424,421,421,17,16,15,16,0,3,0,1,1,-1,1,2,2,1,1,4
182,1073,1073,1073,18,16,18,18,-891,0,0,2,-2,0,0,1,1,1,3,4
614,604,602,600,18,17,18,16,10,2,2,1,-1,2,2,3,1,2,3,4
862,853,853,848,14,14,13,13,9,0,5,0,1,0,1,1,3,1,1,4
210,203,201,210,14,14,13,13,7,2,-9,0,1,0,1,1,2,1,1,4
557,548,541,539,14,17,15,16,9,7,2,-3,2,-1,-2,1,1,2,1,4
325,321,318,323,14,17,15,16,4,3,-5,-3,2,-1,-2,2,2,3,1,4
625,628,618,618,14,17,15,16,-3,10,0,-3,2,-1,-2,2,1,3,1,4
942,946,935,939,20,19,18,18,-4,11,-4,1,1,0,2,1,1,2,2,4
932,925,923,925,17,17,15,16,7,2,-2,0,2,-1,1,1,2,1,2,4
393,384,391,389,13,14,15,13,9,-7,2,-1,-1,2,0,1,1,2,1,4
318,323,314,311,14,17,15,16,-5,9,3,-3,2,-1,-2,1,1,1,2,4
679,674,672,674,20,19,20,18,5,2,-2,1,-1,2,2,1,1,2,1,4
379,377,372,374,13,14,12,13,2,5,-2,-1,2,-1,0,1,2,2,3,4
293,283,281,276,18,19,20,18,10,2,5,-1,-1,2,0,2,2,1,1,4
386,382,358,398,17,16,18,16,4,24,-40,1,-2,2,1,2,2,2,1,4
546,534,532,532,14,14,13,13,12,2,0,0,1,0,1,2,1,2,2,4
1045,1047,1043,1047,13,14,15,13,-2,4,-4,-1,-1,2,0,1,2,2,2,4
778,771,773,773,17,16,15,16,7,-2,0,1,1,-1,1,1,2,1,1,4
736,731,721,721,17,16,15,16,5,10,0,1,1,-1,1,3,1,1,1,4
869,878,867,867,18,19,18,18,-9,11,0,-1,1,0,0,2,2,1,1,4
846,836,829,832,21,19,20,19,10,7,-3,2,-1,1,2,2,2,3,2,4
604,604,609,609,14,14,13,13,0,-5,0,0,1,0,1,1,1,3,3,4
367,370,360,365,13,16,15,16,-3,10,-5,-3,1,-1,-3,2,1,1,1,4
553,541,534,529,14,14,15,13,12,7,5,0,-1,2,1,1,2,3,1,4
600,602,595,597,14,17,15,16,-2,7,-2,-3,2,-1,-2,1,2,1,2,4
255,257,250,246,14,17,15,16,-2,7,4,-3,2,-1,-2,2,3,2,2,4
956,951,946,949,13,14,12,13,5,5,-3,-1,2,-1,0,3,1,1,2,4
614,609,614,614,21,19,21,21,5,-5,0,2,-2,0,0,3,1,1,1,4
806,801,808,803,14,14,13,13,5,-7,5,0,1,0,1,3,3,2,2,4
796,794,794,794,14,17,15,16,2,0,0,-3,2,-1,-2,3,2,2,2,4
717,717,714,714,17,16,18,18,0,3,0,1,-2,0,-1,3,3,2,2,4
271,267,262,264,14,14,13,13,4,5,-2,0,1,0,1,1,3,3,2,4
557,553,548,548,18,19,18,18,4,5,0,-1,1,0,0,1,1,1,1,4
473,473,471,468,13,14,12,13,0,2,3,-1,2,-1,0,3,1,2,1,4
351,342,342,344,13,14,12,13,9,0,-2,-1,2,-1,0,1,1,1,2,4
264,262,260,262,18,17,18,18,2,2,-2,1,-1,0,0,2,1,2,1,4
534,524,522,524,14,17,15,16,10,2,-2,-3,2,-1,-2,1,3,2,1,4
766,768,761,764,20,19,18,18,-2,7,-3,1,1,0,2,2,3,2,1,4
517,513,510,510,14,14,13,13,4,3,0,0,1,0,1,2,2,1,1,4
346,344,342,342,17,16,18,16,2,2,0,1,-2,2,1,3,2,3,1,4
593,581,581,586,21,19,20,21,12,0,-5,2,-1,-1,0,2,3,1,1,4
400,393,398,396,17,16,15,16,7,-5,2,1,1,-1,1,2,1,3,2,4
215,208,210,208,21,19,20,21,7,-2,2,2,-1,-1,0,3,2,1,2,4
372,365,363,365,20,19,18,18,7,2,-2,1,1,0,2,2,1,2,1,4
700,677,646,674,13,14,12,13,23,31,-28,-1,2,-1,0,2,2,1,3,4
656,646,646,644,17,16,15,16,10,0,2,1,1,-1,1,1,1,1,2,4
445,440,440,443,13,14,12,13,5,0,-3,-1,2,-1,0,1,1,1,2,4
658,656,656,651,17,16,18,16,2,0,5,1,-2,2,1,2,1,1,3,4
628,618,623,623,21,19,21,21,10,-5,0,2,-2,0,0,1,1,1,1,4
787,787,782,782,14,14,13,13,0,5,0,0,1,0,1,3,1,1,1,4
586,588,588,590,14,14,13,13,-2,0,-2,0,1,0,1,3,2,2,3,4
914,911,907,907,14,14,13,13,3,4,0,0,1,0,1,1,2,2,2,4
642,642,632,637,20,19,20,18,0,10,-5,1,-1,2,2,3,1,1,1,4
560,548,555,560,14,14,15,13,12,-7,-5,0,-1,2,1,2,1,2,2,4
454,452,450,450,13,14,12,13,2,2,0,-1,2,-1,0,1,2,3,1,4
520,513,508,503,14,14,13,13,7,5,5,0,1,0,1,1,2,2,2,4
855,848,843,848,14,17,15,16,7,5,-5,-3,2,-1,-2,2,1,3,1,4
813,810,810,815,21,19,20,21,3,0,-5,2,-1,-1,0,2,1,1,3,4
346,342,342,342,20,19,20,21,4,0,0,1,-1,-1,-1,1,3,1,1,4
979,977,972,977,13,14,15,13,2,5,-5,-1,-1,2,0,3,2,2,2,4
928,918,904,904,14,14,13,13,10,14,0,0,1,0,1,1,1,3,1,4
1073,1068,1061,1059,13,16,15,16,5,7,2,-3,1,-1,-3,1,1,2,1,4
869,860,853,860,18,19,18,18,9,7,-7,-1,1,0,0,2,2,1,2,4
553,550,550,553,14,14,13,13,3,0,-3,0,1,0,1,1,2,2,1,4
189,182,182,182,14,14,15,16,7,0,0,0,-1,-1,-2,2,1,1,1,4
604,574,578,581,14,14,15,13,30,-4,-3,0,-1,2,1,1,2,2,3,4
928,925,923,923,14,17,15,16,3,2,0,-3,2,-1,-2,1,2,3,1,4
836,829,824,824,14,17,15,16,7,5,0,-3,2,-1,-2,2,3,3,1,4
492,487,478,478,18,19,18,18,5,9,0,-1,1,0,0,1,1,1,1,4
196,192,185,187,18,17,18,19,4,7,-2,1,-1,-1,-1,3,3,2,1,4
1057,1054,1050,1050,17,19,18,18,3,4,0,-2,1,0,-1,2,3,1,1,4
323,314,316,314,18,19,18,19,9,-2,2,-1,1,-1,-1,3,1,2,3,4
515,506,501,506,18,19,18,19,9,5,-5,-1,1,-1,-1,3,3,3,1,4
513,506,501,503,14,14,13,13,7,5,-2,0,1,0,1,2,3,1,2,4
407,405,403,403,17,19,18,18,2,2,0,-2,1,0,-1,1,2,1,1,4
264,262,260,262,14,17,15,16,2,2,-2,-3,2,-1,-2,2,1,2,3,4
290,290,286,286,21,19,20,21,0,4,0,2,-1,-1,0,1,3,1,1,4
712,707,703,703,13,14,12,13,5,4,0,-1,2,-1,0,1,3,1,1,4
546,543,543,539,18,19,18,18,3,0,4,-1,1,0,0,2,1,3,1,4
436,431,431,431,20,19,18,18,5,0,0,1,1,0,2,1,1,3,1,4
496,492,492,492,21,19,21,19,4,0,0,2,-2,2,2,3,1,1,3,4
335,337,332,337,20,19,20,21,-2,5,-5,1,-1,-1,-1,2,3,1,1,4
335,325,323,325,17,17,15,16,10,2,-2,0,2,-1,1,2,2,1,2,4
623,614,607,602,18,17,18,16,9,7,5,1,-1,2,2,1,1,2,2,4
403,398,396,396,13,14,12,13,5,2,0,-1,2,-1,0,1,3,2,2,4
649,637,644,644,17,16,15,16,12,-7,0,1,1,-1,1,2,1,2,2,4
588,576,578,576,18,19,18,18,12,-2,2,-1,1,0,0,2,1,2,1,4
342,332,328,328,20,19,18,19,10,4,0,1,1,-1,1,3,1,1,1,4
351,346,346,349,13,14,15,16,5,0,-3,-1,-1,-1,-3,1,1,3,2,4
487,475,475,473,14,14,15,13,12,0,2,0,-1,2,1,1,2,2,3,4
984,986,979,979,17,16,18,18,-2,7,0,1,-2,0,-1,3,2,1,1,4
796,785,785,782,18,17,18,16,11,0,3,1,-1,2,2,3,2,2,1,4
867,867,867,869,14,14,15,13,0,0,-2,0,-1,2,1,1,3,1,2,4
224,224,224,224,18,19,18,19,0,0,0,-1,1,-1,-1,3,3,1,1,4
1014,1014,1012,1010,20,19,18,18,0,2,2,1,1,0,2,2,2,1,2,4
731,726,721,721,17,16,18,16,5,5,0,1,-2,2,1,1,3,1,1,4
733,728,731,728,20,19,20,18,5,-3,3,1,-1,2,2,2,2,1,2,4
1036,1033,1028,1031,20,19,18,18,3,5,-3,1,1,0,2,1,2,2,1,4
600,595,593,590,14,14,15,13,5,2,3,0,-1,2,1,1,1,2,1,4
349,346,339,344,13,16,15,16,3,7,-5,-3,1,-1,-3,2,1,2,2,4
674,672,665,670,13,16,15,16,2,7,-5,-3,1,-1,-3,1,2,3,1,4
977,970,970,972,13,14,15,13,7,0,-2,-1,-1,2,0,2,1,1,2,4
824,820,820,820,14,14,15,13,4,0,0,0,-1,2,1,1,3,1,1,4
649,646,642,644,17,16,18,18,3,4,-2,1,-2,0,-1,2,1,1,2,4
977,914,914,909,17,17,18,16,63,0,5,0,-1,2,1,2,1,3,1,4
916,911,914,914,18,17,18,19,5,-3,0,1,-1,-1,-1,2,2,1,1,4
196,189,187,187,14,17,15,16,7,2,0,-3,2,-1,-2,3,2,1,3,4
867,862,860,860,18,17,18,18,5,2,0,1,-1,0,0,1,1,2,2,4
182,1078,1078,182,21,19,20,21,-896,0,896,2,-1,-1,0,1,1,1,1,4
611,604,600,600,14,14,13,13,7,4,0,0,1,0,1,2,1,1,1,4
269,264,267,267,18,17,18,18,5,-3,0,1,-1,0,0,2,2,3,1,4
700,696,696,698,13,16,15,16,4,0,-2,-3,1,-1,-3,2,2,2,1,4
923,923,923,923,14,14,15,16,0,0,0,0,-1,-1,-2,3,1,1,1,4
337,342,337,337,13,14,12,13,-5,5,0,-1,2,-1,0,1,1,3,1,4
665,663,658,658,20,19,20,18,2,5,0,1,-1,2,2,1,2,2,2,4
869,862,857,857,18,17,18,18,7,5,0,1,-1,0,0,2,1,1,1,4
984,977,974,974,17,16,15,16,7,3,0,1,1,-1,1,1,2,1,1,4
1050,1040,1050,1054,13,14,15,16,10,-10,-4,-1,-1,-1,-3,3,1,1,1,4
360,356,358,358,17,16,18,18,4,-2,0,1,-2,0,-1,1,1,2,2,4
208,206,199,206,18,19,18,19,2,7,-7,-1,1,-1,-1,2,3,2,1,4
487,489,489,487,18,17,18,19,-2,0,2,1,-1,-1,-1,1,2,2,1,4
206,192,196,196,14,14,15,13,14,-4,0,0,-1,2,1,1,1,1,1,4
393,384,382,384,13,14,15,13,9,2,-2,-1,-1,2,0,3,1,2,1,4
738,731,736,731,20,19,18,18,7,-5,5,1,1,0,2,2,1,1,1,4
900,876,878,878,14,14,15,16,24,-2,0,0,-1,-1,-2,1,1,2,2,4
393,391,389,389,20,19,20,21,2,2,0,1,-1,-1,-1,3,2,1,1,4
487,475,478,471,14,14,13,13,12,-3,7,0,1,0,1,1,2,1,2,4
253,243,248,243,14,17,15,16,10,-5,5,-3,2,-1,-2,1,1,1,1,4
1045,1040,1047,1043,20,19,20,21,5,-7,4,1,-1,-1,-1,1,1,2,2,4
1026,1024,1021,1017,20,19,18,18,2,3,4,1,1,0,2,1,2,1,1,4
295,288,281,283,21,19,20,21,7,7,-2,2,-1,-1,0,3,2,1,2,4
909,909,902,904,14,14,15,13,0,7,-2,0,-1,2,1,1,3,2,3,4
478,473,471,473,17,16,18,18,5,2,-2,1,-2,0,-1,1,3,2,1,4
215,213,210,217,14,14,15,13,2,3,-7,0,-1,2,1,1,2,1,2,4
550,555,534,543,18,19,18,16,-5,21,-9,-1,1,2,2,2,2,1,3,4
827,813,815,815,14,14,15,13,14,-2,0,0,-1,2,1,2,2,3,1,4
963,960,958,960,17,16,15,16,3,2,-2,1,1,-1,1,2,1,2,3,4
696,689,689,684,13,14,12,13,7,0,5,-1,2,-1,0,2,3,1,1,4
918,916,914,914,18,17,18,16,2,2,0,1,-1,2,2,3,2,3,1,4
881,871,867,871,21,19,20,18,10,4,-4,2,-1,2,3,1,1,1,1,4
1019,1014,1012,1014,13,14,15,13,5,2,-2,-1,-1,2,0,2,2,1,2,4
726,714,719,721,13,14,12,13,12,-5,-2,-1,2,-1,0,1,2,2,1,4
332,337,328,328,20,19,18,19,-5,9,0,1,1,-1,1,1,1,1,1,4
576,562,560,557,18,17,18,16,14,2,3,1,-1,2,2,3,3,2,1,4
857,850,853,853,14,17,15,16,7,-3,0,-3,2,-1,-2,1,2,1,1,4
792,773,775,771,18,16,18,18,19,-2,4,2,-2,0,0,1,1,2,2,4
337,337,337,339,20,19,20,21,0,0,-2,1,-1,-1,-1,3,3,1,2,4
541,536,539,534,18,17,18,18,5,-3,5,1,-1,0,0,2,2,1,1,4
1003,1000,1000,996,17,16,15,16,3,0,4,1,1,-1,1,1,2,2,2,4
464,464,464,466,20,19,20,21,0,0,-2,1,-1,-1,-1,1,1,1,2,4
189,182,182,182,14,14,15,16,7,0,0,0,-1,-1,-2,2,1,1,1,4
963,953,951,951,13,14,12,13,10,2,0,-1,2,-1,0,2,2,1,1,4
674,665,642,660,17,16,15,16,9,23,-18,1,1,-1,1,1,3,1,1,4
370,370,365,365,20,19,18,18,0,5,0,1,1,0,2,1,3,1,1,4
257,246,241,241,18,17,18,18,11,5,0,1,-1,0,0,3,2,2,2,4
546,543,539,539,14,14,13,13,3,4,0,0,1,0,1,2,3,1,1,4
203,203,199,203,21,19,21,21,0,4,-4,2,-2,0,0,2,2,2,2,4
206,208,208,208,21,19,20,21,-2,0,0,2,-1,-1,0,1,2,2,2,4
637,639,632,632,17,16,15,16,-2,7,0,1,1,-1,1,3,2,1,1,4
998,998,996,998,17,16,18,16,0,2,-2,1,-2,2,1,3,1,2,3,4
243,239,239,234,18,19,18,18,4,0,5,-1,1,0,0,1,1,1,1,4
904,897,890,895,14,14,13,13,7,7,-5,0,1,0,1,3,2,1,1,4
754,757,752,752,13,14,12,13,-3,5,0,-1,2,-1,0,3,2,2,2,4
1068,1066,1064,1064,13,14,12,13,2,2,0,-1,2,-1,0,3,2,3,1,4
651,651,649,651,13,14,15,13,0,2,-2,-1,-1,2,0,3,3,2,1,4
618,616,611,614,14,17,15,16,2,5,-3,-3,2,-1,-2,1,2,2,1,4
332,332,304,328,20,19,20,21,0,28,-24,1,-1,-1,-1,1,1,1,1,4
262,262,257,257,18,19,18,18,0,5,0,-1,1,0,0,1,1,3,1,4
953,949,951,946,17,16,18,18,4,-2,5,1,-2,0,-1,2,2,3,1,4
778,768,768,768,20,19,18,18,10,0,0,1,1,0,2,1,1,1,1,4
895,893,848,890,14,14,13,13,2,45,-42,0,1,0,1,3,2,1,1,4
600,595,595,595,21,19,20,19,5,0,0,2,-1,1,2,1,1,1,1,4
590,586,576,576,18,17,18,18,4,10,0,1,-1,0,0,3,1,1,1,4
311,309,307,304,14,17,15,16,2,2,3,-3,2,-1,-2,2,1,2,1,4
445,440,436,436,20,19,20,18,5,4,0,1,-1,2,2,3,1,1,1,4
628,621,616,616,14,14,15,13,7,5,0,0,-1,2,1,1,2,2,2,4
396,386,379,379,13,16,15,16,10,7,0,-3,1,-1,-3,2,2,1,1,4
253,250,248,243,14,14,15,13,3,2,5,0,-1,2,1,1,2,1,1,4
773,771,773,775,20,19,18,18,2,-2,-2,1,1,0,2,1,2,3,2,4
778,778,778,778,13,14,13,13,0,0,0,-1,1,0,0,1,1,1,1,4
279,274,271,271,18,17,18,16,5,3,0,1,-1,2,2,2,2,1,1,4
391,377,379,379,13,16,15,16,14,-2,0,-3,1,-1,-3,2,2,3,1,4
782,773,771,773,14,14,15,16,9,2,-2,0,-1,-1,-2,1,1,2,1,4
461,464,459,459,17,16,18,18,-3,5,0,1,-2,0,-1,2,1,1,1,4
508,501,506,503,21,19,20,19,7,-5,3,2,-1,1,2,2,3,1,2,4
1021,1021,1012,1010,13,16,15,16,0,9,2,-3,1,-1,-3,1,3,1,2,4
981,970,974,972,20,19,20,21,11,-4,2,1,-1,-1,-1,2,1,1,2,4
194,194,189,189,21,19,21,19,0,5,0,2,-2,2,2,2,2,2,2,4
210,203,192,196,14,14,15,13,7,11,-4,0,-1,2,1,1,2,1,1,4
436,428,426,426,13,14,12,13,8,2,0,-1,2,-1,0,1,2,3,1,4
468,468,464,464,20,19,20,21,0,4,0,1,-1,-1,-1,3,1,1,1,4
1026,1019,1012,1012,20,19,20,18,7,7,0,1,-1,2,2,1,2,1,1,4
215,210,206,206,14,17,15,16,5,4,0,-3,2,-1,-2,3,1,1,3,4
660,658,653,656,13,14,12,13,2,5,-3,-1,2,-1,0,1,2,2,3,4
850,846,843,846,18,17,18,16,4,3,-3,1,-1,2,2,2,2,3,2,4
646,639,637,642,20,19,20,21,7,2,-5,1,-1,-1,-1,3,2,1,3,4
384,379,377,379,20,19,20,21,5,2,-2,1,-1,-1,-1,3,1,2,1,4
314,304,297,300,14,17,15,16,10,7,-3,-3,2,-1,-2,3,3,2,1,4
773,773,771,773,17,19,18,18,0,2,-2,-2,1,0,-1,3,3,2,1,4
942,932,937,935,17,16,18,18,10,-5,2,1,-2,0,-1,3,1,3,2,4
710,707,707,707,13,14,15,16,3,0,0,-1,-1,-1,-3,2,1,3,3,4
1026,1021,1019,1017,17,16,15,16,5,2,2,1,1,-1,1,1,3,2,1,4
269,267,262,267,18,19,18,18,2,5,-5,-1,1,0,0,2,1,1,3,4
879,876,876,876,18,17,18,18,3,0,0,1,-1,0,0,2,1,1,1,4
792,792,789,787,18,19,18,19,0,3,2,-1,1,-1,-1,1,3,2,1,4
963,914,914,914,13,14,13,13,49,0,0,-1,1,0,0,2,3,1,3,4
332,339,337,337,17,16,15,16,-7,2,0,1,1,-1,1,1,2,1,1,4
309,311,309,302,14,14,13,13,-2,2,7,0,1,0,1,3,2,3,2,4
426,417,417,417,20,19,18,18,9,0,0,1,1,0,2,1,1,1,1,4
787,782,775,773,14,14,13,13,5,7,2,0,1,0,1,3,1,2,3,4
724,719,717,714,17,16,15,16,5,2,3,1,1,-1,1,2,2,3,2,4
485,482,473,473,21,19,20,21,3,9,0,2,-1,-1,0,2,1,1,1,4
543,536,541,541,14,14,13,13,7,-5,0,0,1,0,1,1,2,2,2,4
398,393,389,389,20,19,18,18,5,4,0,1,1,0,2,1,1,1,1,4
417,412,400,412,13,14,15,13,5,12,-12,-1,-1,2,0,1,3,2,3,4
684,677,682,679,17,16,15,16,7,-5,3,1,1,-1,1,1,2,2,1,4
351,353,349,351,17,16,18,16,-2,4,-2,1,-2,2,1,1,2,2,1,4
665,660,665,665,20,19,20,18,5,-5,0,1,-1,2,2,1,1,1,1,4
1064,1061,1054,1054,20,19,20,21,3,7,0,1,-1,-1,-1,1,2,1,3,4
1014,1007,1003,1010,13,14,12,13,7,4,-7,-1,2,-1,0,2,1,1,2,4
314,314,309,309,18,19,18,19,0,5,0,-1,1,-1,-1,1,1,1,1,4
1000,1003,1000,1012,20,19,18,18,-3,3,-12,1,1,0,2,2,1,2,1,4
874,871,869,864,14,17,15,16,3,2,5,-3,2,-1,-2,2,3,2,2,4
443,440,438,440,20,19,20,21,3,2,-2,1,-1,-1,-1,2,1,2,1,4
403,398,393,407,17,16,15,16,5,5,-14,1,1,-1,1,1,3,3,1,4
332,325,323,323,20,19,18,19,7,2,0,1,1,-1,1,1,2,1,1,4
213,213,201,210,21,19,21,19,0,12,-9,2,-2,2,2,2,2,1,1,4
965,958,958,956,13,14,12,13,7,0,2,-1,2,-1,0,1,2,2,1,4
745,745,738,738,13,14,15,13,0,7,0,-1,-1,2,0,1,1,2,2,4
314,311,309,309,14,14,15,13,3,2,0,0,-1,2,1,1,2,1,1,4
328,316,307,309,14,14,15,13,12,9,-2,0,-1,2,1,1,2,2,1,4
977,972,970,970,17,19,18,18,5,2,0,-2,1,0,-1,2,2,3,1,4
581,571,576,583,21,19,20,21,10,-5,-7,2,-1,-1,0,3,1,1,2,4
356,360,356,356,20,19,20,21,-4,4,0,1,-1,-1,-1,1,3,1,1,4
607,602,602,602,18,17,18,19,5,0,0,1,-1,-1,-1,2,2,2,2,4
651,644,637,637,13,16,15,16,7,7,0,-3,1,-1,-3,3,2,1,1,4
754,752,750,750,17,16,15,16,2,2,0,1,1,-1,1,1,2,1,1,4
972,972,970,970,20,19,20,21,0,2,0,1,-1,-1,-1,2,2,1,1,4
515,510,501,506,18,17,18,19,5,9,-5,1,-1,-1,-1,1,1,1,3,4
768,764,759,754,17,16,18,18,4,5,5,1,-2,0,-1,1,1,1,1,4
576,564,557,557,14,14,15,16,12,7,0,0,-1,-1,-2,1,2,1,1,4
431,428,426,436,17,16,15,16,3,2,-10,1,1,-1,1,1,2,1,3,4
761,754,754,750,17,16,18,18,7,0,4,1,-2,0,-1,2,1,1,3,4
206,201,199,201,14,17,15,16,5,2,-2,-3,2,-1,-2,1,1,2,1,4
271,262,262,262,18,17,18,16,9,0,0,1,-1,2,2,3,1,1,1,4
942,937,942,937,20,19,20,18,5,-5,5,1,-1,2,2,1,1,1,1,4
381,382,382,379,17,16,18,16,-1,0,3,1,-2,2,1,2,2,2,3,4
210,210,208,206,21,19,20,19,0,2,2,2,-1,1,2,1,1,2,1,4
569,571,571,571,21,19,20,18,-2,0,0,2,-1,2,3,2,1,1,1,4
424,421,419,417,13,14,12,13,3,2,2,-1,2,-1,0,2,3,2,1,4
646,644,642,644,17,16,15,16,2,2,-2,1,1,-1,1,3,2,1,2,4
429,424,421,421,20,19,20,21,5,3,0,1,-1,-1,-1,2,2,1,1,4
302,295,293,290,14,14,13,13,7,2,3,0,1,0,1,2,1,2,1,4
189,185,1078,1078,14,14,15,13,4,-893,0,0,-1,2,1,2,2,1,1,4
600,593,595,595,21,19,20,21,7,-2,0,2,-1,-1,0,1,2,3,1,4
651,649,649,649,13,14,12,13,2,0,0,-1,2,-1,0,1,2,2,2,4
445,440,440,436,17,19,18,18,5,0,4,-2,1,0,-1,1,3,1,3,4
996,993,974,986,13,14,12,13,3,19,-12,-1,2,-1,0,2,1,1,2,4
965,960,956,953,20,19,20,18,5,4,3,1,-1,2,2,3,3,1,2,4
239,234,234,232,18,17,18,19,5,0,2,1,-1,-1,-1,1,3,1,2,4
471,471,468,473,17,16,15,16,0,3,-5,1,1,-1,1,2,2,1,1,4
925,921,916,914,14,14,15,13,4,5,2,0,-1,2,1,2,2,2,1,4
335,332,328,328,20,19,21,21,3,4,0,1,-2,0,-1,2,1,1,1,4
974,970,965,965,17,16,15,16,4,5,0,1,1,-1,1,1,1,3,3,4
637,642,635,632,17,16,18,16,-5,7,3,1,-2,2,1,3,1,2,1,4
286,281,276,276,14,14,15,13,5,5,0,0,-1,2,1,3,1,1,1,4
958,951,942,942,13,14,12,13,7,9,0,-1,2,-1,0,2,3,1,1,4
810,810,801,803,14,14,13,13,0,9,-2,0,1,0,1,3,1,1,2,4
972,970,967,965,20,19,18,18,2,3,2,1,1,0,2,2,1,2,1,4
911,904,904,904,18,17,18,19,7,0,0,1,-1,-1,-1,2,1,1,1,4
255,255,250,253,14,19,15,16,0,5,-3,-5,4,-1,-2,2,2,2,1,4
639,632,632,632,13,14,13,13,7,0,0,-1,1,0,0,2,1,1,1,4
389,379,382,379,20,19,20,21,10,-3,3,1,-1,-1,-1,3,3,2,1,4
815,813,815,817,18,17,18,19,2,-2,-2,1,-1,-1,-1,1,2,1,2,4
726,726,721,719,20,19,18,18,0,5,2,1,1,0,2,3,1,1,2,4
904,897,895,895,18,17,18,16,7,2,0,1,-1,2,2,1,2,1,3,4
234,1073,1068,1068,14,14,15,16,-839,5,0,0,-1,-1,-2,1,1,1,1,4
286,288,283,283,14,17,15,16,-2,5,0,-3,2,-1,-2,1,2,2,2,4
438,393,398,393,17,16,18,16,45,-5,5,1,-2,2,1,2,3,1,1,4
450,447,440,445,17,16,15,16,3,7,-5,1,1,-1,1,1,2,1,1,4
431,426,426,421,20,19,18,18,5,0,5,1,1,0,2,1,3,1,1,4
1026,1021,1036,1021,20,19,20,18,5,-15,15,1,-1,2,2,1,1,1,1,4
717,712,710,712,13,16,15,16,5,2,-2,-3,1,-1,-3,3,1,2,1,4
860,857,857,857,18,19,18,18,3,0,0,-1,1,0,0,2,1,1,1,4
714,714,710,712,17,16,15,16,0,4,-2,1,1,-1,1,2,2,2,1,4
768,773,766,768,20,19,20,18,-5,7,-2,1,-1,2,2,1,3,2,1,4
925,923,918,918,21,19,21,21,2,5,0,2,-2,0,0,2,1,1,1,4
189,185,1078,1078,14,14,13,13,4,-893,0,0,1,0,1,2,2,1,1,4
1052,1040,1040,1043,17,16,18,16,12,0,-3,1,-2,2,1,2,3,1,2,4
693,691,689,684,17,16,15,16,2,2,5,1,1,-1,1,3,2,1,1,4
436,438,436,431,17,16,18,18,-2,2,5,1,-2,0,-1,1,2,1,1,4
766,766,764,766,17,16,18,18,0,2,-2,1,-2,0,-1,2,2,1,2,4
384,379,377,377,17,16,18,16,5,2,0,1,-2,2,1,1,1,2,2,4
1047,1040,1040,1040,17,16,15,16,7,0,0,1,1,-1,1,2,3,1,1,4
325,316,314,316,14,14,13,13,9,2,-2,0,1,0,1,2,2,1,2,4
815,815,810,808,18,17,18,16,0,5,2,1,-1,2,2,1,3,1,2,4
850,850,848,848,14,17,15,16,0,2,0,-3,2,-1,-2,2,2,1,3,4
876,876,874,878,14,14,13,13,0,2,-4,0,1,0,1,3,1,2,2,4
639,632,635,625,20,19,18,19,7,-3,10,1,1,-1,1,2,1,2,2,4
757,757,759,757,13,14,15,13,0,-2,2,-1,-1,2,0,2,2,1,2,4
944,946,939,942,13,16,15,16,-2,7,-3,-3,1,-1,-3,2,3,2,3,4
810,808,806,808,21,19,20,19,2,2,-2,2,-1,1,2,1,2,1,2,4
921,914,911,916,21,19,21,21,7,3,-5,2,-2,0,0,2,1,2,2,4
417,412,410,410,13,14,12,13,5,2,0,-1,2,-1,0,1,3,2,2,4
583,574,571,569,14,14,13,13,9,3,2,0,1,0,1,2,2,1,2,4
567,562,553,550,18,19,18,18,5,9,3,-1,1,0,0,1,1,1,2,4
222,217,217,217,18,19,18,19,5,0,0,-1,1,-1,-1,2,2,2,2,4
403,405,398,398,13,14,15,13,-2,7,0,-1,-1,2,0,1,2,1,1,4
471,473,471,475,20,19,20,18,-2,2,-4,1,-1,2,2,2,3,2,2,4
1078,1073,1071,1071,17,16,18,16,5,2,0,1,-2,2,1,1,1,2,2,4
787,785,785,787,18,17,18,19,2,0,-2,1,-1,-1,-1,3,2,2,1,4
189,185,185,182,18,19,18,19,4,0,3,-1,1,-1,-1,2,2,2,1,4
1045,1038,1036,1033,13,16,15,16,7,2,3,-3,1,-1,-3,1,2,1,2,4
351,351,344,346,17,16,15,16,0,7,-2,1,1,-1,1,3,1,2,1,4
342,337,335,332,13,14,15,13,5,2,3,-1,-1,2,0,1,3,2,1,4
450,447,445,445,13,14,15,13,3,2,0,-1,-1,2,0,1,2,3,3,4
614,560,567,571,18,17,18,18,54,-7,-4,1,-1,0,0,1,2,1,1,4
754,752,752,747,20,19,18,18,2,0,5,1,1,0,2,1,2,2,2,4
236,234,234,234,14,17,15,16,2,0,0,-3,2,-1,-2,2,3,1,1,4
604,602,597,595,14,14,13,13,2,5,2,0,1,0,1,3,2,2,3,4
918,916,909,909,14,17,15,16,2,7,0,-3,2,-1,-2,1,2,1,1,4
956,956,956,956,17,16,15,16,0,0,0,1,1,-1,1,1,1,1,1,4
424,419,414,414,13,14,12,13,5,5,0,-1,2,-1,0,2,2,2,2,4
628,625,623,623,21,19,21,19,3,2,0,2,-2,2,2,1,2,1,1,4
646,644,639,646,20,19,20,18,2,5,-7,1,-1,2,2,1,2,2,1,4
766,766,759,764,13,14,15,16,0,7,-5,-1,-1,-1,-3,2,2,1,1,4
253,196,192,194,21,19,21,19,57,4,-2,2,-2,2,2,1,3,1,2,4
625,618,621,635,14,14,13,13,7,-3,-14,0,1,0,1,2,3,2,2,4
707,707,705,700,17,16,18,18,0,2,5,1,-2,0,-1,1,1,2,2,4
206,201,201,210,18,19,18,19,5,0,-9,-1,1,-1,-1,1,1,1,1,4
360,356,356,358,17,16,18,18,4,0,-2,1,-2,0,-1,3,3,1,2,4
806,794,787,785,14,14,13,13,12,7,2,0,1,0,1,3,2,3,2,4
864,857,853,853,14,14,15,13,7,4,0,0,-1,2,1,2,3,3,3,4
466,461,454,459,13,14,12,13,5,7,-5,-1,2,-1,0,2,2,3,1,4
738,736,707,731,20,19,20,18,2,29,-24,1,-1,2,2,2,1,1,1,4
618,611,609,611,18,17,18,19,7,2,-2,1,-1,-1,-1,1,2,1,2,4
918,909,904,907,14,14,13,13,9,5,-3,0,1,0,1,3,3,1,2,4
1045,1050,1047,1047,13,14,15,16,-5,3,0,-1,-1,-1,-3,3,3,2,2,4
1017,1014,1014,1012,13,14,12,13,3,0,2,-1,2,-1,0,1,2,2,1,4
764,766,764,773,17,16,18,18,-2,2,-9,1,-2,0,-1,1,2,3,1,4
836,834,832,829,18,19,18,19,2,2,3,-1,1,-1,-1,2,3,2,1,4
956,953,951,951,20,19,18,18,3,2,0,1,1,0,2,1,2,1,1,4
473,478,478,471,20,19,20,21,-5,0,7,1,-1,-1,-1,1,1,1,2,4
471,464,454,454,13,14,12,13,7,10,0,-1,2,-1,0,2,3,1,1,4
593,586,583,576,18,19,18,18,7,3,7,-1,1,0,0,2,3,2,1,4
907,900,897,900,21,19,20,19,7,3,-3,2,-1,1,2,2,1,2,1,4
736,736,733,733,20,19,20,21,0,3,0,1,-1,-1,-1,3,1,2,2,4
243,232,227,222,14,14,15,13,11,5,5,0,-1,2,1,1,2,2,2,4
686,684,684,679,13,14,12,13,2,0,5,-1,2,-1,0,2,1,1,1,4
623,614,618,621,21,19,21,19,9,-4,-3,2,-2,2,2,1,1,1,2,4
1031,1031,1026,1026,13,16,15,16,0,5,0,-3,1,-1,-3,3,1,1,3,4
546,543,536,534,14,17,15,16,3,7,2,-3,2,-1,-2,2,3,2,1,4
562,557,555,553,14,14,15,13,5,2,2,0,-1,2,1,3,1,2,3,4
461,452,454,450,13,14,15,13,9,-2,4,-1,-1,2,0,2,2,1,1,4
314,314,314,318,18,19,18,19,0,0,-4,-1,1,-1,-1,1,1,1,3,4
768,759,754,752,17,16,18,18,9,5,2,1,-2,0,-1,1,3,3,2,4
243,239,234,234,18,19,18,18,4,5,0,-1,1,0,0,3,1,1,1,4
1014,1019,1017,1012,13,14,12,13,-5,2,5,-1,2,-1,0,2,2,1,1,4
539,534,534,539,14,14,13,13,5,0,-5,0,1,0,1,1,3,1,1,4
253,250,246,248,14,17,15,16,3,4,-2,-3,2,-1,-2,1,2,2,1,4
977,974,970,970,17,19,18,18,3,4,0,-2,1,0,-1,2,3,1,1,4
1007,1005,1000,1000,13,14,15,13,2,5,0,-1,-1,2,0,1,2,2,2,4
928,928,923,928,21,19,21,19,0,5,-5,2,-2,2,2,1,1,1,1,4
888,890,888,989,18,19,18,16,-2,2,-101,-1,1,2,2,2,1,2,1,4
712,710,707,707,20,19,20,18,2,3,0,1,-1,2,2,3,2,1,1,4
956,949,951,946,20,19,20,18,7,-2,5,1,-1,2,2,1,2,3,1,4
426,417,419,419,20,19,18,18,9,-2,0,1,1,0,2,3,3,2,2,4
1066,1059,1054,1054,20,19,18,18,7,5,0,1,1,0,2,2,1,1,1,4
555,548,546,543,18,17,18,16,7,2,3,1,-1,2,2,2,3,2,1,4
206,201,201,196,21,19,21,21,5,0,5,2,-2,0,0,1,1,1,3,4
637,637,632,632,13,14,13,13,0,5,0,-1,1,0,0,1,1,1,1,4
433,428,431,426,13,14,12,13,5,-3,5,-1,2,-1,0,2,2,1,3,4
318,318,309,311,14,14,15,16,0,9,-2,0,-1,-1,-2,3,1,3,2,4
194,189,189,187,18,19,18,19,5,0,2,-1,1,-1,-1,2,2,2,1,4
187,1064,1052,1047,14,14,12,13,-877,12,5,0,2,-1,1,1,1,2,2,4
412,407,403,407,13,14,12,13,5,4,-4,-1,2,-1,0,1,3,3,3,4
867,860,857,860,14,14,15,13,7,3,-3,0,-1,2,1,1,2,1,2,4
944,939,939,937,20,19,20,18,5,0,2,1,-1,2,2,2,2,2,1,4
220,215,213,213,14,14,15,13,5,2,0,0,-1,2,1,3,3,2,2,4
271,267,257,257,18,19,18,18,4,10,0,-1,1,0,0,3,1,1,1,4
989,979,979,979,13,14,12,13,10,0,0,-1,2,-1,0,1,3,3,1,4
262,250,243,246,14,14,13,13,12,7,-3,0,1,0,1,1,2,3,2,4
489,489,487,487,21,19,21,21,0,2,0,2,-2,0,0,2,2,1,1,4
886,881,888,888,18,19,18,19,5,-7,0,-1,1,-1,-1,3,1,2,2,4
286,278,281,276,14,14,13,13,8,-3,5,0,1,0,1,1,2,1,3,4
1050,1050,1040,1038,17,16,15,16,0,10,2,1,1,-1,1,3,1,1,2,4
628,618,616,614,18,17,18,16,10,2,2,1,-1,2,2,1,3,2,1,4
801,799,794,794,18,17,18,16,2,5,0,1,-1,2,2,3,2,2,2,4
353,353,349,351,13,14,12,13,0,4,-2,-1,2,-1,0,2,2,2,3,4
206,203,201,201,18,17,18,16,3,2,0,1,-1,2,2,1,2,1,1,4
553,550,548,543,21,19,20,18,3,2,5,2,-1,2,3,1,2,1,1,4
529,522,520,524,14,14,13,13,7,2,-4,0,1,0,1,1,2,1,1,4
764,759,759,759,17,19,18,18,5,0,0,-2,1,0,-1,1,3,1,3,4
803,799,796,799,14,17,15,16,4,3,-3,-3,2,-1,-2,2,2,3,2,4
768,766,761,759,20,19,20,21,2,5,2,1,-1,-1,-1,1,2,2,1,4
581,571,571,576,21,19,20,18,10,0,-5,2,-1,2,3,1,1,1,1,4
529,527,524,522,18,19,18,19,2,3,2,-1,1,-1,-1,1,2,1,2,4
342,337,335,339,17,16,15,16,5,2,-4,1,1,-1,1,3,1,2,2,4
407,405,398,396,17,19,18,16,2,7,2,-2,1,2,1,1,2,1,2,4
747,745,740,740,20,19,20,18,2,5,0,1,-1,2,2,2,1,1,1,4
384,382,377,335,17,16,15,16,2,5,42,1,1,-1,1,1,2,2,2,4
590,590,581,581,14,17,15,16,0,9,0,-3,2,-1,-2,1,1,1,1,4
318,314,316,316,14,17,15,16,4,-2,0,-3,2,-1,-2,3,1,2,2,4
1043,1040,1038,1038,13,14,15,13,3,2,0,-1,-1,2,0,2,3,2,2,4
517,510,508,513,14,17,15,16,7,2,-5,-3,2,-1,-2,2,1,2,2,4
862,853,850,846,14,17,15,16,9,3,4,-3,2,-1,-2,1,1,2,2,4
1047,1045,1040,1040,17,16,18,18,2,5,0,1,-2,0,-1,2,1,1,1,4
431,426,428,428,13,14,12,13,5,-2,0,-1,2,-1,0,1,3,2,2,4
958,958,951,951,20,19,18,18,0,7,0,1,1,0,2,2,2,3,1,4
510,506,501,501,14,14,15,13,4,5,0,0,-1,2,1,3,3,3,1,4
281,271,271,276,18,17,18,18,10,0,-5,1,-1,0,0,1,1,1,1,4
609,604,604,604,18,19,20,19,5,0,0,-1,-1,1,-1,3,3,1,1,4
855,860,857,867,18,19,18,18,-5,3,-10,-1,1,0,0,2,2,1,1,4
393,389,389,389,20,19,20,18,4,0,0,1,-1,2,2,1,1,1,1,4
286,278,278,278,18,17,18,19,8,0,0,1,-1,-1,-1,1,2,2,2,4
1050,1047,1045,1043,20,19,18,18,3,2,2,1,1,0,2,1,2,1,2,4
557,550,548,546,14,14,15,13,7,2,2,0,-1,2,1,3,2,1,2,4
981,972,972,974,13,14,12,13,9,0,-2,-1,2,-1,0,2,2,2,1,4
900,897,895,895,18,17,18,19,3,2,0,1,-1,-1,-1,1,2,1,1,4
747,745,747,745,20,19,18,18,2,-2,2,1,1,0,2,2,1,2,1,4
222,215,217,215,21,19,20,19,7,-2,2,2,-1,1,2,2,3,2,1,4
900,900,895,895,21,19,20,21,0,5,0,2,-1,-1,0,1,1,1,1,4
831,824,815,824,14,14,13,13,7,9,-9,0,1,0,1,2,3,3,1,4
283,274,274,271,14,14,15,13,9,0,3,0,-1,2,1,2,2,2,3,4
257,250,246,246,18,17,18,18,7,4,0,1,-1,0,0,3,2,2,2,4
314,311,302,302,14,14,15,13,3,9,0,0,-1,2,1,1,2,2,2,4
290,281,278,274,21,19,20,18,9,3,4,2,-1,2,3,1,1,2,2,4
618,609,611,609,21,19,21,21,9,-2,2,2,-2,0,0,1,3,2,1,4
253,248,250,248,14,14,13,13,5,-2,2,0,1,0,1,1,3,2,3,4
853,855,853,860,18,19,18,18,-2,2,-7,-1,1,0,0,1,2,1,2,4
916,909,904,904,18,17,18,16,7,5,0,1,-1,2,2,2,1,1,1,4
407,405,405,407,13,14,15,13,2,0,-2,-1,-1,2,0,3,2,2,3,4
1047,1043,1045,1045,17,16,18,16,4,-2,0,1,-2,2,1,2,2,1,1,4
944,895,890,895,13,17,15,16,49,5,-5,-4,2,-1,-3,2,1,1,3,4
979,977,970,970,20,19,20,18,2,7,0,1,-1,2,2,1,2,1,1,4
529,524,520,522,14,14,13,13,5,4,-2,0,1,0,1,1,1,1,2,4
796,782,773,773,14,14,15,13,14,9,0,0,-1,2,1,3,1,1,3,4
236,227,229,227,14,14,15,13,9,-2,2,0,-1,2,1,2,2,1,2,4
229,220,208,210,14,14,15,13,9,12,-2,0,-1,2,1,1,3,2,1,4
541,536,536,534,18,19,18,18,5,0,2,-1,1,0,0,2,2,2,1,4
353,351,346,351,20,19,20,21,2,5,-5,1,-1,-1,-1,2,1,1,3,4
534,532,529,524,21,19,20,21,2,3,5,2,-1,-1,0,1,2,1,1,4
801,789,787,787,14,17,15,16,12,2,0,-3,2,-1,-2,1,2,1,1,4
414,412,412,417,20,19,20,18,2,0,-5,1,-1,2,2,2,1,1,3,4
752,752,747,747,17,16,15,16,0,5,0,1,1,-1,1,2,2,2,2,4
374,372,370,370,20,19,18,18,2,2,0,1,1,0,2,1,2,3,1,4
344,337,332,342,13,14,13,13,7,5,-10,-1,1,0,0,2,1,1,1,4
417,414,410,410,20,19,18,18,3,4,0,1,1,0,2,1,2,2,2,4
260,250,243,248,14,14,15,13,10,7,-5,0,-1,2,1,2,2,1,1,4
403,396,391,393,13,16,15,16,7,5,-2,-3,1,-1,-3,1,2,2,1,4
346,342,337,335,13,14,15,13,4,5,2,-1,-1,2,0,1,1,1,2,4
464,464,459,459,17,16,18,18,0,5,0,1,-2,0,-1,1,3,1,1,4
775,766,764,764,13,14,15,13,9,2,0,-1,-1,2,0,2,2,1,3,4
553,550,550,548,14,14,13,13,3,0,2,0,1,0,1,1,2,2,1,4
276,276,271,278,14,17,15,16,0,5,-7,-3,2,-1,-2,3,1,1,2,4
942,942,942,942,20,19,20,18,0,0,0,1,-1,2,2,1,1,1,1,4
981,979,974,972,17,16,18,16,2,5,2,1,-2,2,1,2,3,1,2,4
182,182,1078,1075,18,19,18,18,0,-896,3,-1,1,0,0,1,1,1,2,4
958,946,951,951,13,14,12,13,12,-5,0,-1,2,-1,0,2,3,1,1,4
213,192,194,196,14,17,15,16,21,-2,-2,-3,2,-1,-2,2,3,2,1,4
848,843,839,841,14,14,13,13,5,4,-2,0,1,0,1,3,1,1,2,4
900,895,895,895,18,17,18,19,5,0,0,1,-1,-1,-1,1,1,1,1,4
241,234,208,232,14,14,13,13,7,26,-24,0,1,0,1,2,3,2,2,4
239,234,239,234,21,19,20,18,5,-5,5,2,-1,2,3,1,1,3,1,4
595,590,590,586,21,19,20,21,5,0,4,2,-1,-1,0,1,3,1,1,4
628,625,623,623,14,14,13,13,3,2,0,0,1,0,1,1,2,1,3,4
398,393,396,391,13,16,15,16,5,-3,5,-3,1,-1,-3,1,3,2,2,4
363,365,360,358,17,16,18,16,-2,5,2,1,-2,2,1,2,3,3,2,4
981,979,974,974,20,19,20,18,2,5,0,1,-1,2,2,2,1,1,1,4
991,984,986,984,13,14,15,13,7,-2,2,-1,-1,2,0,2,3,2,3,4
316,309,300,297,14,17,15,16,7,9,3,-3,2,-1,-2,2,3,3,2,4
360,316,311,316,17,17,15,16,44,5,-5,0,2,-1,1,1,2,2,2,4
810,806,796,801,14,17,15,16,4,10,-5,-3,2,-1,-2,1,3,1,1,4
586,586,586,581,21,19,20,19,0,0,5,2,-1,1,2,3,1,1,1,4
461,452,440,440,13,14,12,13,9,12,0,-1,2,-1,0,2,2,1,1,4
1057,1054,1052,1054,20,19,20,18,3,2,-2,1,-1,2,2,2,1,2,1,4
813,810,829,815,14,17,15,16,3,-19,14,-3,2,-1,-2,2,3,1,1,4
879,876,878,881,18,19,18,19,3,-2,-3,-1,1,-1,-1,2,1,2,1,4
674,672,674,679,20,19,18,18,2,-2,-5,1,1,0,2,1,2,1,1,4
414,419,414,417,13,14,12,13,-5,5,-3,-1,2,-1,0,2,2,2,3,4
300,206,210,210,14,17,15,16,94,-4,0,-3,2,-1,-2,1,3,1,1,4
984,982,982,979,13,16,15,16,2,0,3,-3,1,-1,-3,3,2,2,1,4
325,318,318,318,21,19,21,19,7,0,0,2,-2,2,2,2,1,1,1,4
960,951,949,949,13,14,15,16,9,2,0,-1,-1,-1,-3,3,1,2,2,4
576,574,567,571,14,14,15,13,2,7,-4,0,-1,2,1,1,2,1,1,4
876,869,867,867,18,17,18,18,7,2,0,1,-1,0,0,3,2,1,1,4
576,576,571,576,18,17,18,18,0,5,-5,1,-1,0,0,1,3,3,1,4
393,391,386,386,13,14,15,13,2,5,0,-1,-1,2,0,3,2,2,2,4
250,241,234,234,14,17,15,16,9,7,0,-3,2,-1,-2,2,2,1,1,4
1059,1054,1052,1057,13,14,12,13,5,2,-5,-1,2,-1,0,1,3,2,2,4
909,909,907,907,18,19,18,19,0,2,0,-1,1,-1,-1,3,1,2,2,4
353,344,360,365,20,19,18,18,9,-16,-5,1,1,0,2,2,2,1,1,4
724,726,714,717,17,16,18,18,-2,12,-3,1,-2,0,-1,2,1,2,1,4
262,262,257,257,14,17,15,16,0,5,0,-3,2,-1,-2,3,1,1,3,4
609,611,607,609,14,17,15,16,-2,4,-2,-3,2,-1,-2,1,2,2,1,4
1017,1010,1014,1014,17,16,18,18,7,-4,0,1,-2,0,-1,1,2,2,2,4
595,588,590,590,14,14,13,13,7,-2,0,0,1,0,1,1,2,1,1,4
503,494,492,492,14,17,15,16,9,2,0,-3,2,-1,-2,2,2,3,1,4
700,710,703,703,20,19,18,18,-10,7,0,1,1,0,2,2,2,1,1,4
750,743,745,745,17,16,18,18,7,-2,0,1,-2,0,-1,3,2,1,1,4
374,377,370,370,13,14,15,13,-3,7,0,-1,-1,2,0,1,2,3,1,4
1064,1057,1059,1054,13,14,12,13,7,-2,5,-1,2,-1,0,3,2,1,1,4
1031,1026,1021,1021,13,14,12,13,5,5,0,-1,2,-1,0,1,1,1,3,4
981,977,974,979,17,16,18,16,4,3,-5,1,-2,2,1,2,2,3,1,4
857,860,857,857,18,19,18,18,-3,3,0,-1,1,0,0,1,2,1,1,4
286,283,283,281,18,19,18,19,3,0,2,-1,1,-1,-1,1,2,2,1,4
822,820,815,817,14,17,15,16,2,5,-2,-3,2,-1,-2,2,3,3,2,4
689,686,684,679,13,16,15,16,3,2,5,-3,1,-1,-3,1,2,1,1,4
637,637,637,637,20,19,18,18,0,0,0,1,1,0,2,1,1,1,1,4
799,799,799,806,21,19,21,21,0,0,-7,2,-2,0,0,2,2,2,1,4
1021,1024,1021,1024,13,14,12,13,-3,3,-3,-1,2,-1,0,3,2,1,2,4
625,625,625,625,21,19,21,21,0,0,0,2,-2,0,0,2,2,2,2,4
302,295,290,290,14,14,15,13,7,5,0,0,-1,2,1,2,3,3,1,4
956,956,949,951,13,14,15,16,0,7,-2,-1,-1,-1,-3,3,3,2,1,4
534,529,529,529,21,19,20,21,5,0,0,2,-1,-1,0,1,1,1,1,4
820,817,817,820,14,14,13,13,3,0,-3,0,1,0,1,1,2,2,3,4
595,593,590,590,18,17,18,16,2,3,0,1,-1,2,2,1,2,1,1,4
206,208,208,210,21,19,20,19,-2,0,-2,2,-1,1,2,1,2,2,1,4
492,489,485,485,14,17,15,16,3,4,0,-3,2,-1,-2,3,2,2,2,4
660,663,656,656,13,14,15,13,-3,7,0,-1,-1,2,0,3,2,1,1,4
309,297,293,295,14,17,15,16,12,4,-2,-3,2,-1,-2,3,2,2,1,4
494,496,492,492,14,14,15,13,-2,4,0,0,-1,2,1,2,3,1,1,4
290,281,276,276,21,19,20,18,9,5,0,2,-1,2,3,3,1,1,1,4
914,904,900,897,18,17,18,19,10,4,3,1,-1,-1,-1,3,1,3,2,4
515,510,508,506,14,14,13,13,5,2,2,0,1,0,1,1,3,2,1,4
1043,1033,1024,1026,13,14,12,13,10,9,-2,-1,2,-1,0,2,2,2,1,4
1000,998,993,991,13,14,15,13,2,5,2,-1,-1,2,0,2,3,3,2,4
576,571,571,576,18,19,18,18,5,0,-5,-1,1,0,0,1,1,1,1,4
421,421,417,414,20,19,20,21,0,4,3,1,-1,-1,-1,1,1,1,2,4
304,295,293,295,14,17,15,16,9,2,-2,-3,2,-1,-2,1,3,2,1,4
625,618,618,618,18,19,18,19,7,0,0,-1,1,-1,-1,2,3,1,1,4
1064,1068,1061,1064,20,19,20,21,-4,7,-3,1,-1,-1,-1,1,3,2,1,4
586,578,578,574,14,14,15,13,8,0,4,0,-1,2,1,1,2,2,2,4
839,832,832,829,18,19,20,19,7,0,3,-1,-1,1,-1,1,2,2,1,4
276,274,271,274,18,19,18,18,2,3,-3,-1,1,0,0,1,2,1,2,4
1071,1071,1066,1068,13,14,15,13,0,5,-2,-1,-1,2,0,2,2,2,1,4
459,452,447,447,13,14,15,13,7,5,0,-1,-1,2,0,1,2,2,2,4
389,389,386,389,17,19,18,18,0,3,-3,-2,1,0,-1,3,1,2,1,4
839,827,827,829,18,17,18,19,12,0,-2,1,-1,-1,-1,1,2,2,1,4
370,356,356,356,20,19,18,18,14,0,0,1,1,0,2,1,3,3,1,4
318,309,302,300,21,19,20,19,9,7,2,2,-1,1,2,3,3,2,1,4
703,703,703,703,20,19,20,21,0,0,0,1,-1,-1,-1,1,1,1,1,4
609,604,602,602,14,17,15,16,5,2,0,-3,2,-1,-2,1,1,2,2,4
466,461,457,461,17,16,18,18,5,4,-4,1,-2,0,-1,2,2,2,2,4
923,921,918,918,18,19,18,19,2,3,0,-1,1,-1,-1,3,2,1,1,4
736,733,731,731,13,14,15,13,3,2,0,-1,-1,2,0,1,2,1,1,4
897,895,888,890,14,14,15,16,2,7,-2,0,-1,-1,-2,2,3,2,1,4
773,771,773,773,17,16,18,16,2,-2,0,1,-2,2,1,1,2,1,1,4
311,304,304,302,18,17,18,16,7,0,2,1,-1,2,2,2,3,3,2,4
419,412,405,405,20,19,18,21,7,7,0,1,1,-3,-1,2,1,2,2,4
325,323,323,323,14,17,15,16,2,0,0,-3,2,-1,-2,2,1,1,1,4
932,925,921,916,13,14,15,13,7,4,5,-1,-1,2,0,1,2,2,2,4
888,881,881,881,14,17,15,16,7,0,0,-3,2,-1,-2,2,1,1,1,4
234,239,229,229,14,14,13,13,-5,10,0,0,1,0,1,1,1,1,3,4
1061,1054,1054,1050,20,19,20,21,7,0,4,1,-1,-1,-1,2,1,3,1,4
810,806,803,801,21,19,20,21,4,3,2,2,-1,-1,0,3,3,2,1,4
351,346,353,356,13,14,12,13,5,-7,-3,-1,2,-1,0,1,3,2,3,4
635,635,628,625,17,16,18,16,0,7,3,1,-2,2,1,2,2,1,2,4
946,946,942,946,20,19,20,18,0,4,-4,1,-1,2,2,1,1,1,3,4
902,904,902,904,14,14,13,13,-2,2,-2,0,1,0,1,2,3,2,1,4
492,473,475,485,14,14,13,13,19,-2,-10,0,1,0,1,1,3,2,2,4
391,389,384,384,13,14,12,13,2,5,0,-1,2,-1,0,2,1,3,1,4
890,890,888,890,14,14,13,13,0,2,-2,0,1,0,1,3,1,2,1,4
239,232,234,232,14,14,13,13,7,-2,2,0,1,0,1,1,2,1,2,4
740,736,731,736,13,14,15,13,4,5,-5,-1,-1,2,0,1,3,1,1,4
726,721,719,721,20,19,18,18,5,2,-2,1,1,0,2,3,1,2,1,4
260,260,250,243,21,19,20,21,0,10,7,2,-1,-1,0,2,2,2,1,4
396,393,391,389,13,14,15,13,3,2,2,-1,-1,2,0,2,3,2,3,4
956,956,949,949,17,16,18,16,0,7,0,1,-2,2,1,3,3,2,2,4
229,222,217,220,18,17,18,19,7,5,-3,1,-1,-1,-1,3,2,2,1,4
1017,1010,1000,1003,13,16,15,16,7,10,-3,-3,1,-1,-3,3,2,2,1,4
281,267,264,260,18,19,18,18,14,3,4,-1,1,0,0,3,1,2,2,4
436,431,428,431,13,14,15,13,5,3,-3,-1,-1,2,0,3,3,2,1,4
342,337,335,335,13,14,13,13,5,2,0,-1,1,0,0,1,1,2,2,4
461,454,454,454,17,16,15,16,7,0,0,1,1,-1,1,2,3,1,1,4
520,520,520,515,18,19,18,19,0,0,5,-1,1,-1,-1,1,1,1,1,4
253,239,239,239,14,14,15,16,14,0,0,0,-1,-1,-2,1,1,1,1,4
311,307,304,304,18,17,18,16,4,3,0,1,-1,2,2,2,2,1,1,4
918,914,911,904,21,19,21,21,4,3,7,2,-2,0,0,3,3,2,1,4
262,255,253,255,18,19,18,16,7,2,-2,-1,1,2,2,1,2,1,2,4
789,766,757,757,14,14,15,13,23,9,0,0,-1,2,1,2,2,2,2,4
403,403,398,398,13,14,15,13,0,5,0,-1,-1,2,0,1,3,1,1,4
719,714,707,707,13,14,15,13,5,7,0,-1,-1,2,0,2,2,1,3,4
595,578,574,571,14,14,15,13,17,4,3,0,-1,2,1,3,2,2,1,4
553,546,546,539,18,19,18,18,7,0,7,-1,1,0,0,3,2,2,1,4
384,382,372,370,17,16,15,16,2,10,2,1,1,-1,1,3,2,2,1,4
649,646,646,646,20,19,20,21,3,0,0,1,-1,-1,-1,2,1,1,1,4
1017,1014,1012,1012,13,14,15,16,3,2,0,-1,-1,-1,-3,1,2,1,1,4
989,982,984,986,17,16,18,18,7,-2,-2,1,-2,0,-1,3,2,3,2,4
489,487,485,482,14,14,15,13,2,2,3,0,-1,2,1,2,3,2,1,4
595,588,581,581,21,19,20,21,7,7,0,2,-1,-1,0,3,2,1,1,4
1000,998,989,996,13,14,15,16,2,9,-7,-1,-1,-1,-3,2,1,1,2,4
979,982,977,977,20,19,20,18,-3,5,0,1,-1,2,2,1,2,2,2,4
745,743,740,738,17,16,15,16,2,3,2,1,1,-1,1,1,2,3,2,4
1059,1054,1045,1047,13,14,15,13,5,9,-2,-1,-1,2,0,1,1,3,2,4
379,374,372,374,13,14,15,13,5,2,-2,-1,-1,2,0,1,1,2,1,4
761,759,761,759,20,19,20,18,2,-2,2,1,-1,2,2,2,1,2,1,4
513,506,496,506,14,14,15,13,7,10,-10,0,-1,2,1,2,1,1,1,4
1054,1054,1050,1052,17,16,18,18,0,4,-2,1,-2,0,-1,1,3,1,2,4
918,914,911,909,14,17,15,16,4,3,2,-3,2,-1,-2,1,3,2,1,4
199,201,199,196,21,19,21,21,-2,2,3,2,-2,0,0,2,1,2,1,4
515,503,499,501,14,14,15,16,12,4,-2,0,-1,-1,-2,1,2,2,1,4
635,623,623,623,13,14,15,13,12,0,0,-1,-1,2,0,2,3,1,3,4
960,958,951,953,13,14,12,13,2,7,-2,-1,2,-1,0,1,2,3,2,4
649,644,635,639,13,14,13,13,5,9,-4,-1,1,0,0,2,2,2,2,4
679,679,677,679,20,19,20,21,0,2,-2,1,-1,-1,-1,1,1,2,1,4
241,239,241,239,14,14,13,13,2,-2,2,0,1,0,1,2,1,2,3,4
824,815,801,815,21,19,21,21,9,14,-14,2,-2,0,0,3,1,3,1,4
909,902,904,902,21,19,20,21,7,-2,2,2,-1,-1,0,1,2,1,2,4
546,529,522,524,14,14,15,13,17,7,-2,0,-1,2,1,2,1,2,1,4
670,663,658,660,13,14,15,13,7,5,-2,-1,-1,2,0,1,2,2,1,4
893,890,895,886,21,19,20,21,3,-5,9,2,-1,-1,0,2,1,1,1,4
731,728,728,728,20,19,20,18,3,0,0,1,-1,2,2,1,2,2,2,4
581,578,576,578,14,14,13,13,3,2,-2,0,1,0,1,1,2,1,2,4
536,534,527,534,14,14,13,13,2,7,-7,0,1,0,1,2,3,2,1,4
274,269,267,264,18,17,18,18,5,2,3,1,-1,0,0,2,2,1,2,4
510,503,499,501,18,19,18,19,7,4,-2,-1,1,-1,-1,3,2,2,3,4
464,464,457,454,20,19,20,18,0,7,3,1,-1,2,2,1,3,2,1,4
1014,1007,1005,1003,13,14,15,13,7,2,2,-1,-1,2,0,2,1,2,1,4
304,295,295,297,14,14,13,13,9,0,-2,0,1,0,1,1,3,3,2,4
215,210,210,206,18,17,18,19,5,0,4,1,-1,-1,-1,3,1,1,1,4
639,639,623,625,13,14,15,13,0,16,-2,-1,-1,2,0,2,2,1,2,4
693,693,696,696,20,19,20,18,0,-3,0,1,-1,2,2,1,1,2,2,4
1017,1014,1012,1010,20,19,20,18,3,2,2,1,-1,2,2,1,2,1,2,4
1007,1000,1003,1007,17,16,18,18,7,-3,-4,1,-2,0,-1,1,2,1,1,4
325,328,323,328,18,19,18,19,-3,5,-5,-1,1,-1,-1,2,1,1,1,4
1007,1012,1007,1007,17,16,15,16,-5,5,0,1,1,-1,1,1,1,1,1,4
632,625,628,632,20,19,21,18,7,-3,-4,1,-2,3,2,1,2,1,1,4
281,278,281,286,14,14,15,13,3,-3,-5,0,-1,2,1,1,2,3,3,4
438,433,426,431,13,14,15,13,5,7,-5,-1,-1,2,0,2,2,1,1,4
196,192,189,189,14,14,13,13,4,3,0,0,1,0,1,1,1,2,2,4
1054,1059,1047,1059,17,16,18,18,-5,12,-12,1,-2,0,-1,3,1,2,1,4
564,557,550,557,14,14,15,16,7,7,-7,0,-1,-1,-2,2,1,2,1,4
1012,1012,1012,1010,20,19,20,21,0,0,2,1,-1,-1,-1,1,1,1,2,4
318,314,314,309,14,14,13,13,4,0,5,0,1,0,1,1,1,3,1,4
450,440,433,431,13,14,12,13,10,7,2,-1,2,-1,0,1,3,2,1,4
653,653,651,651,20,19,18,18,0,2,0,1,1,0,2,2,2,1,1,4
332,332,328,332,17,16,18,18,0,4,-4,1,-2,0,-1,1,1,1,1,4
1045,1043,1040,1036,17,16,18,18,2,3,4,1,-2,0,-1,1,2,1,1,4
1029,1031,1026,1021,17,16,18,18,-2,5,5,1,-2,0,-1,2,1,3,1,4
295,295,295,286,21,19,20,19,0,0,9,2,-1,1,2,1,1,1,1,4
215,210,208,210,18,19,18,19,5,2,-2,-1,1,-1,-1,3,1,2,1,4
1073,1075,1068,1064,17,19,18,18,-2,7,4,-2,1,0,-1,3,2,1,3,4
215,213,210,208,14,14,13,13,2,3,2,0,1,0,1,1,2,1,2,4
921,923,914,921,14,17,15,16,-2,9,-7,-3,2,-1,-2,2,3,3,2,4
515,508,508,506,18,17,18,19,7,0,2,1,-1,-1,-1,1,2,2,1,4
984,982,979,984,17,16,18,18,2,3,-5,1,-2,0,-1,1,2,1,3,4
864,857,857,860,14,14,15,16,7,0,-3,0,-1,-1,-2,2,3,1,2,4
963,958,956,960,17,19,18,18,5,2,-4,-2,1,0,-1,2,2,3,1,4
283,278,281,278,21,19,20,21,5,-3,3,2,-1,-1,0,2,2,1,2,4
611,604,600,604,14,14,13,13,7,4,-4,0,1,0,1,2,3,1,1,4
970,963,960,963,17,16,18,16,7,3,-3,1,-2,2,1,1,2,1,2,4
588,586,586,581,14,14,15,13,2,0,5,0,-1,2,1,2,1,1,1,4
262,253,253,253,14,14,15,13,9,0,0,0,-1,2,1,3,3,1,1,4
754,750,738,738,20,19,18,18,4,12,0,1,1,0,2,1,3,2,2,4
227,224,224,222,18,17,18,19,3,0,2,1,-1,-1,-1,2,1,1,2,4
733,726,733,731,20,19,20,18,7,-7,2,1,-1,2,2,2,1,2,1,4
262,255,257,257,14,19,15,16,7,-2,0,-5,4,-1,-2,1,2,1,1,4
248,243,234,229,18,19,18,19,5,9,5,-1,1,-1,-1,1,1,3,1,4
337,335,332,339,13,14,13,13,2,3,-7,-1,1,0,0,1,2,1,2,4
253,246,239,243,14,14,13,13,7,7,-4,0,1,0,1,1,2,1,1,4
867,862,853,857,21,19,20,21,5,9,-4,2,-1,-1,0,3,1,1,1,4
726,717,714,714,13,14,12,13,9,3,0,-1,2,-1,0,1,3,2,2,4
853,853,846,848,14,17,15,16,0,7,-2,-3,2,-1,-2,1,3,2,1,4
332,328,332,332,20,19,20,21,4,-4,0,1,-1,-1,-1,1,1,1,1,4
393,384,389,393,20,19,18,18,9,-5,-4,1,1,0,2,3,1,1,1,4
597,590,588,590,18,17,18,19,7,2,-2,1,-1,-1,-1,2,1,2,3,4
398,391,379,384,20,19,15,18,7,12,-5,1,4,-3,2,3,2,1,1,4
393,384,377,374,13,14,12,13,9,7,3,-1,2,-1,0,3,3,2,1,4
492,475,478,478,14,14,15,13,17,-3,0,0,-1,2,1,1,2,1,1,4
1057,1059,1054,1052,17,16,18,18,-2,5,2,1,-2,0,-1,2,1,1,2,4
403,396,391,396,13,14,12,13,7,5,-5,-1,2,-1,0,3,2,2,2,4
581,583,576,581,14,17,15,16,-2,7,-5,-3,2,-1,-2,1,2,1,1,4
344,342,342,344,20,19,20,21,2,0,-2,1,-1,-1,-1,2,3,1,2,4
991,989,986,986,20,19,20,21,2,3,0,1,-1,-1,-1,2,1,2,2,4
801,792,796,799,14,14,15,13,9,-4,-3,0,-1,2,1,1,1,1,2,4
555,553,553,553,14,14,15,16,2,0,0,0,-1,-1,-2,2,1,3,3,4
736,738,736,733,20,19,20,18,-2,2,3,1,-1,2,2,1,2,1,2,4
836,829,824,827,14,14,13,13,7,5,-3,0,1,0,1,2,3,1,2,4
370,367,363,370,13,14,12,13,3,4,-7,-1,2,-1,0,1,2,2,1,4
893,886,886,881,14,14,13,13,7,0,5,0,1,0,1,2,3,1,1,4
989,993,921,989,13,14,15,13,-4,72,-68,-1,-1,2,0,3,3,2,1,4
239,224,217,215,14,14,15,13,15,7,2,0,-1,2,1,3,3,2,1,4
222,213,210,208,14,14,15,16,9,3,2,0,-1,-1,-2,2,2,1,2,4
543,539,532,532,18,19,18,19,4,7,0,-1,1,-1,-1,3,1,2,2,4
290,281,276,281,14,17,15,16,9,5,-5,-3,2,-1,-2,3,1,3,1,4
1024,1031,1017,1021,17,16,18,16,-7,14,-4,1,-2,2,1,2,1,1,1,4
672,660,660,663,13,14,12,13,12,0,-3,-1,2,-1,0,2,1,1,2,4
1031,1026,1028,1026,17,16,15,16,5,-2,2,1,1,-1,1,1,1,2,1,4
710,710,707,703,20,19,20,21,0,3,4,1,-1,-1,-1,2,2,1,1,4
956,960,953,951,13,14,12,13,-4,7,2,-1,2,-1,0,3,3,2,1,4
220,213,210,206,18,19,18,19,7,3,4,-1,1,-1,-1,3,2,1,1,4
431,428,424,421,13,14,12,13,3,4,3,-1,2,-1,0,3,2,2,1,4
543,536,539,539,14,14,15,16,7,-3,0,0,-1,-1,-2,1,2,1,1,4
660,656,658,656,20,19,18,18,4,-2,2,1,1,0,2,1,1,2,1,4
724,721,721,726,20,19,20,21,3,0,-5,1,-1,-1,-1,2,1,1,1,4
1054,1047,1045,1050,17,16,18,16,7,2,-5,1,-2,2,1,3,2,1,1,4
459,454,450,450,17,16,18,18,5,4,0,1,-2,0,-1,1,1,1,1,4
264,260,260,257,14,17,15,16,4,0,3,-3,2,-1,-2,2,2,2,1,4
264,248,239,236,14,14,15,13,16,9,3,0,-1,2,1,2,3,3,2,4
1033,1024,1026,1031,13,14,15,13,9,-2,-5,-1,-1,2,0,2,2,1,3,4
646,646,642,639,13,16,15,16,0,4,3,-3,1,-1,-3,1,3,1,2,4
886,890,881,883,14,14,15,13,-4,9,-2,0,-1,2,1,1,3,1,2,4
309,295,286,288,14,17,15,16,14,9,-2,-3,2,-1,-2,3,1,1,2,4
928,923,921,923,18,17,18,19,5,2,-2,1,-1,-1,-1,1,1,2,1,4
632,628,625,621,13,17,15,16,4,3,4,-4,2,-1,-3,1,1,2,2,4
862,862,857,862,18,17,18,18,0,5,-5,1,-1,0,0,3,3,3,1,4
281,274,267,267,14,17,15,16,7,7,0,-3,2,-1,-2,1,2,3,1,4
487,475,473,478,14,14,12,13,12,2,-5,0,2,-1,1,1,2,1,1,4
614,607,604,609,14,14,15,13,7,3,-5,0,-1,2,1,1,2,1,1,4
506,506,501,503,14,14,15,16,0,5,-2,0,-1,-1,-2,3,1,1,2,4
801,792,785,782,14,14,15,13,9,7,3,0,-1,2,1,1,3,2,1,4
1019,1012,1000,1003,13,14,15,13,7,12,-3,-1,-1,2,0,2,3,2,1,4
412,410,403,407,20,19,18,18,2,7,-4,1,1,0,2,1,2,3,3,4
210,196,192,194,14,17,15,16,14,4,-2,-3,2,-1,-2,3,1,1,2,4
707,705,698,703,13,14,12,13,2,7,-5,-1,2,-1,0,3,2,3,3,4
843,834,834,832,18,19,20,19,9,0,2,-1,-1,1,-1,1,1,1,2,4
759,759,761,757,17,16,15,16,0,-2,4,1,1,-1,1,1,3,2,2,4
745,738,743,745,17,16,15,16,7,-5,-2,1,1,-1,1,3,2,2,1,4
224,220,215,213,14,14,15,13,4,5,2,0,-1,2,1,3,3,1,2,4
372,370,372,370,20,19,20,21,2,-2,2,1,-1,-1,-1,2,1,2,1,4
953,949,944,946,13,14,15,13,4,5,-2,-1,-1,2,0,2,2,2,1,4
653,649,646,646,13,16,15,16,4,3,0,-3,1,-1,-3,2,2,1,1,4
487,482,478,478,14,17,15,16,5,4,0,-3,2,-1,-2,1,1,1,1,4
262,257,248,257,14,14,13,13,5,9,-9,0,1,0,1,3,1,1,1,4
229,220,224,220,21,19,20,21,9,-4,4,2,-1,-1,0,3,3,1,3,4
503,496,496,499,14,14,15,13,7,0,-3,0,-1,2,1,2,1,1,2,4
363,356,356,353,17,16,15,16,7,0,3,1,1,-1,1,2,3,1,2,4
454,450,447,445,20,19,20,18,4,3,2,1,-1,2,2,3,1,2,1,4
1033,1026,1031,1031,13,14,12,13,7,-5,0,-1,2,-1,0,2,3,1,1,4
281,278,269,269,21,19,20,21,3,9,0,2,-1,-1,0,3,2,2,2,4
339,337,332,337,13,14,13,13,2,5,-5,-1,1,0,0,2,3,1,1,4
473,473,471,473,17,19,18,18,0,2,-2,-2,1,0,-1,3,1,2,1,4
839,834,829,836,18,17,18,16,5,5,-7,1,-1,2,2,1,3,1,2,4
932,932,935,935,17,16,18,16,0,-3,0,1,-2,2,1,1,1,2,2,4
712,712,712,707,13,14,12,13,0,0,5,-1,2,-1,0,1,3,1,1,4
454,450,450,450,20,19,20,21,4,0,0,1,-1,-1,-1,1,1,1,1,4
942,939,942,944,17,16,18,16,3,-3,-2,1,-2,2,1,1,2,3,2,4
817,810,810,815,21,19,20,21,7,0,-5,2,-1,-1,0,2,1,1,1,4
705,703,698,696,13,14,15,13,2,5,2,-1,-1,2,0,2,3,3,2,4
412,412,407,410,17,19,18,18,0,5,-3,-2,1,0,-1,3,3,1,2,4
667,665,660,660,17,16,18,16,2,5,0,1,-2,2,1,2,1,1,1,4
325,318,314,318,18,17,18,16,7,4,-4,1,-1,2,2,2,3,1,1,4
717,719,719,719,20,19,18,18,-2,0,0,1,1,0,2,1,2,2,2,4
203,189,182,1075,14,14,15,13,14,7,-893,0,-1,2,1,2,2,1,2,4
349,339,339,337,17,16,18,16,10,0,2,1,-2,2,1,2,2,2,1,4
886,883,886,886,21,19,20,21,3,-3,0,2,-1,-1,0,3,2,1,1,4
803,799,799,799,14,17,15,16,4,0,0,-3,2,-1,-2,2,2,2,2,4
562,555,553,553,18,19,18,18,7,2,0,-1,1,0,0,1,2,3,3,4
1010,1010,958,1003,17,16,15,16,0,52,-45,1,1,-1,1,2,2,2,1,4
918,916,914,918,14,14,13,13,2,2,-4,0,1,0,1,1,2,1,1,4
817,813,810,810,18,19,18,19,4,3,0,-1,1,-1,-1,2,2,1,1,4
321,314,311,311,14,17,15,16,7,3,0,-3,2,-1,-2,2,1,2,2,4
618,616,614,614,18,17,18,19,2,2,0,1,-1,-1,-1,1,2,1,1,4
745,745,745,740,20,19,20,18,0,0,5,1,-1,2,2,1,1,1,1,4
925,923,921,925,14,14,15,13,2,2,-4,0,-1,2,1,2,3,2,2,4
262,255,246,253,14,14,15,13,7,9,-7,0,-1,2,1,1,2,2,1,4
206,199,194,189,14,14,15,16,7,5,5,0,-1,-1,-2,1,2,2,2,4
332,335,332,325,13,14,15,13,-3,3,7,-1,-1,2,0,1,2,1,2,4
515,508,503,506,21,19,20,21,7,5,-3,2,-1,-1,0,1,2,2,1,4
1073,1075,1066,1064,20,19,20,21,-2,9,2,1,-1,-1,-1,1,2,2,1,4
187,1078,1075,1073,21,19,20,21,-891,3,2,2,-1,-1,0,1,1,2,1,4
492,485,487,485,14,17,15,16,7,-2,2,-3,2,-1,-2,1,2,1,2,4
625,623,618,621,14,14,13,13,2,5,-3,0,1,0,1,2,3,3,2,4
967,963,965,963,17,16,15,16,4,-2,2,1,1,-1,1,2,2,3,2,4
977,977,970,974,13,14,15,13,0,7,-4,-1,-1,2,0,2,2,1,1,4
325,328,321,323,18,17,18,19,-3,7,-2,1,-1,-1,-1,2,1,2,3,4
579,571,574,578,14,14,13,13,8,-3,-4,0,1,0,1,2,3,2,2,4
468,461,457,452,13,14,15,13,7,4,5,-1,-1,2,0,1,2,2,2,4
323,318,318,318,21,19,21,19,5,0,0,2,-2,2,2,1,1,1,1,4
517,517,515,515,18,17,15,16,0,2,0,1,2,-1,2,2,2,1,1,4
588,586,581,583,21,19,20,19,2,5,-2,2,-1,1,2,2,1,1,2,4
712,712,714,712,20,19,20,21,0,-2,2,1,-1,-1,-1,1,1,2,1,4
353,351,356,356,20,19,18,18,2,-5,0,1,1,0,2,2,1,1,1,4
286,281,276,281,14,17,15,16,5,5,-5,-3,2,-1,-2,1,3,1,1,4
651,642,644,642,17,16,15,16,9,-2,2,1,1,-1,1,1,3,2,1,4
974,972,967,970,17,16,15,16,2,5,-3,1,1,-1,1,1,2,2,3,4
1054,1050,1050,1050,13,14,15,13,4,0,0,-1,-1,2,0,1,3,1,1,4
201,199,196,196,18,17,18,19,2,3,0,1,-1,-1,-1,3,2,3,1,4
707,703,700,703,17,16,15,16,4,3,-3,1,1,-1,1,1,3,2,3,4
459,452,447,450,17,16,15,16,7,5,-3,1,1,-1,1,1,2,2,3,4
754,754,750,752,20,19,20,21,0,4,-2,1,-1,-1,-1,1,1,3,2,4
271,264,267,262,14,14,13,13,7,-3,5,0,1,0,1,3,2,1,1,4
897,893,890,890,18,17,18,16,4,3,0,1,-1,2,2,2,2,1,1,4
656,651,651,660,20,19,18,18,5,0,-9,1,1,0,2,1,1,1,1,4
731,724,717,717,13,14,12,13,7,7,0,-1,2,-1,0,1,2,1,3,4
625,625,621,625,18,19,18,19,0,4,-4,-1,1,-1,-1,2,2,2,2,4
801,794,796,796,18,17,18,16,7,-2,0,1,-1,2,2,1,2,1,1,4
970,970,960,963,20,19,20,21,0,10,-3,1,-1,-1,-1,1,1,1,2,4
231,227,224,227,14,14,15,13,4,3,-3,0,-1,2,1,2,2,1,2,4
932,932,921,925,17,16,15,16,0,11,-4,1,1,-1,1,1,1,2,2,4
628,621,618,623,21,19,21,19,7,3,-5,2,-2,2,2,1,2,1,1,4
1005,1007,1003,1007,17,19,18,18,-2,4,-4,-2,1,0,-1,2,1,1,1,4
604,597,600,595,14,14,15,13,7,-3,5,0,-1,2,1,3,2,3,1,4
314,311,309,309,21,19,21,21,3,2,0,2,-2,0,0,1,2,1,1,4
436,433,436,436,20,19,18,18,3,-3,0,1,1,0,2,1,2,1,1,4
1068,1061,1066,1066,17,19,18,18,7,-5,0,-2,1,0,-1,1,2,2,2,4
260,250,241,241,18,19,18,18,10,9,0,-1,1,0,0,2,2,2,2,4
332,328,323,328,17,17,18,16,4,5,-5,0,-1,2,1,1,1,3,1,4
829,820,817,813,14,17,15,16,9,3,4,-3,2,-1,-2,1,3,2,2,4
304,295,288,295,14,14,15,13,9,7,-7,0,-1,2,1,1,1,2,3,4
1010,1012,1000,1003,13,14,12,13,-2,12,-3,-1,2,-1,0,2,3,2,3,4
293,290,286,286,21,19,20,19,3,4,0,2,-1,1,2,2,1,1,1,4
560,553,541,541,14,14,15,13,7,12,0,0,-1,2,1,2,1,2,2,4
271,269,262,260,21,19,20,21,2,7,2,2,-1,-1,0,3,2,1,2,4
674,677,677,674,20,19,20,21,-3,0,3,1,-1,-1,-1,3,2,2,1,4
646,642,651,670,20,19,20,18,4,-9,-19,1,-1,2,2,1,1,3,3,4
963,958,949,946,17,16,18,18,5,9,3,1,-2,0,-1,2,2,2,1,4
407,407,403,405,20,19,18,21,0,4,-2,1,1,-3,-1,3,1,1,2,4
302,293,295,293,21,19,20,21,9,-2,2,2,-1,-1,0,2,2,1,2,4
539,489,482,496,21,19,18,19,50,7,-14,2,1,-1,2,1,2,1,3,4
911,902,902,904,14,14,13,13,9,0,-2,0,1,0,1,2,2,2,3,4
229,215,213,210,14,14,13,13,14,2,3,0,1,0,1,1,1,2,3,4
253,248,246,248,18,17,18,18,5,2,-2,1,-1,0,0,1,1,2,1,4
478,478,478,473,20,19,20,21,0,0,5,1,-1,-1,-1,1,1,1,1,4
914,918,914,914,21,19,21,19,-4,4,0,2,-2,2,2,1,1,1,3,4
1061,1059,1054,1059,17,16,18,16,2,5,-5,1,-2,2,1,2,1,3,1,4
670,672,670,670,20,19,20,18,-2,2,0,1,-1,2,2,3,2,1,1,4
886,883,881,881,18,19,18,19,3,2,0,-1,1,-1,-1,1,2,1,1,4
799,792,792,792,21,19,21,21,7,0,0,2,-2,0,0,2,1,3,1,4
473,478,473,475,20,19,18,18,-5,5,-2,1,1,0,2,1,1,1,2,4
904,900,935,895,18,17,15,16,4,-35,40,1,2,-1,2,1,1,2,1,4
426,412,405,410,17,16,18,16,14,7,-5,1,-2,2,1,3,1,2,2,4
895,888,886,886,14,17,15,16,7,2,0,-3,2,-1,-2,1,2,1,1,4
616,609,607,604,14,14,13,13,7,2,3,0,1,0,1,2,3,2,1,4
286,278,276,271,18,19,18,18,8,2,5,-1,1,0,0,3,2,3,3,4
590,586,583,581,18,19,18,19,4,3,2,-1,1,-1,-1,1,1,2,3,4
543,534,532,532,14,14,15,13,9,2,0,0,-1,2,1,1,3,2,2,4
529,586,583,581,18,17,18,16,-57,3,2,1,-1,2,2,1,3,2,1,4
717,712,707,700,13,14,15,13,5,5,7,-1,-1,2,0,3,1,1,2,4
351,346,342,339,17,16,15,16,5,4,3,1,1,-1,1,1,1,1,2,4
377,370,370,367,13,14,15,13,7,0,3,-1,-1,2,0,2,3,3,2,4
421,419,421,417,17,16,18,18,2,-2,4,1,-2,0,-1,3,2,3,1,4
332,337,335,332,13,14,13,13,-5,2,3,-1,1,0,0,1,3,2,1,4
1059,1057,1050,1047,13,14,15,13,2,7,3,-1,-1,2,0,1,2,1,2,4
829,824,824,822,21,19,20,19,5,0,2,2,-1,1,2,1,1,1,2,4
260,250,248,253,21,19,20,18,10,2,-5,2,-1,2,3,2,2,1,1,4
890,883,883,881,14,14,15,16,7,0,2,0,-1,-1,-2,1,2,2,1,4
637,637,635,639,13,14,13,13,0,2,-4,-1,1,0,0,1,1,2,2,4
384,377,374,374,17,16,18,18,7,3,0,1,-2,0,-1,3,2,1,1,4
670,667,665,667,13,14,15,16,3,2,-2,-1,-1,-1,-3,1,2,3,2,4
384,379,377,379,17,16,18,18,5,2,-2,1,-2,0,-1,3,1,2,3,4
689,679,682,679,20,19,18,18,10,-3,3,1,1,0,2,1,1,2,1,4
1033,1031,1024,1026,13,14,15,13,2,7,-2,-1,-1,2,0,2,1,2,1,4
815,808,806,806,18,19,18,19,7,2,0,-1,1,-1,-1,1,2,1,1,4
799,792,789,787,18,17,18,19,7,3,2,1,-1,-1,-1,2,3,2,1,4
1017,1014,1007,1007,20,19,20,21,3,7,0,1,-1,-1,-1,1,2,1,1,4
1061,1061,1057,1057,13,16,15,16,0,4,0,-3,1,-1,-3,2,2,2,2,4
736,733,733,731,17,16,15,16,3,0,2,1,1,-1,1,1,2,2,1,4
679,679,674,677,13,14,15,16,0,5,-3,-1,-1,-1,-3,3,3,3,2,4
836,839,836,834,18,19,18,18,-3,3,2,-1,1,0,0,2,1,2,1,4
581,574,567,564,18,17,18,16,7,7,3,1,-1,2,2,3,2,1,2,4
445,443,445,443,13,14,12,13,2,-2,2,-1,2,-1,0,3,2,3,2,4
356,358,353,351,20,19,18,18,-2,5,2,1,1,0,2,1,2,2,1,4
1007,1003,996,993,17,16,18,18,4,7,3,1,-2,0,-1,1,3,2,1,4
1024,1021,1021,1024,13,14,15,16,3,0,-3,-1,-1,-1,-3,2,3,3,2,4
958,953,949,951,20,19,20,21,5,4,-2,1,-1,-1,-1,2,2,2,1,4
724,719,714,712,17,16,18,16,5,5,2,1,-2,2,1,2,2,2,1,4
890,881,886,886,18,17,18,19,9,-5,0,1,-1,-1,-1,1,3,3,1,4
989,984,984,979,20,19,20,21,5,0,5,1,-1,-1,-1,1,3,1,1,4
206,206,203,206,14,14,13,13,0,3,-3,0,1,0,1,1,3,2,3,4
731,728,728,731,20,19,20,18,3,0,-3,1,-1,2,2,1,2,2,1,4
182,1073,1078,182,14,14,13,13,-891,-5,896,0,1,0,1,1,1,1,1,4
199,192,187,192,14,17,15,16,7,5,-5,-3,2,-1,-2,2,1,1,1,4
318,311,316,314,14,17,15,16,7,-5,2,-3,2,-1,-2,1,2,2,1,4
396,398,396,393,17,19,18,18,-2,2,3,-2,1,0,-1,2,1,2,1,4
590,590,564,586,18,19,18,19,0,26,-22,-1,1,-1,-1,1,1,2,1,4
607,583,578,581,14,14,13,13,24,5,-3,0,1,0,1,2,2,2,1,4
937,937,932,932,17,19,18,18,0,5,0,-2,1,0,-1,3,1,1,1,4
939,932,923,921,13,14,15,13,7,9,2,-1,-1,2,0,2,1,3,2,4
220,210,210,206,21,19,20,19,10,0,4,2,-1,1,2,1,1,1,1,4
309,300,295,295,18,19,18,19,9,5,0,-1,1,-1,-1,3,1,3,1,4
379,372,370,374,17,16,15,16,7,2,-4,1,1,-1,1,1,2,1,1,4
703,698,696,693,17,16,18,18,5,2,3,1,-2,0,-1,3,1,2,1,4
231,224,220,222,21,19,20,19,7,4,-2,2,-1,1,2,2,1,1,2,4
881,867,857,853,14,14,13,13,14,10,4,0,1,0,1,1,3,3,1,4
588,588,581,581,18,17,18,16,0,7,0,1,-1,2,2,2,2,1,1,4
839,836,832,836,14,14,13,13,3,4,-4,0,1,0,1,1,2,2,2,4
370,363,356,360,17,16,18,16,7,7,-4,1,-2,2,1,1,2,1,1,4
1024,1021,1021,1021,20,19,18,18,3,0,0,1,1,0,2,2,1,1,3,4
379,374,372,374,17,16,18,16,5,2,-2,1,-2,2,1,1,3,2,1,4
436,433,426,424,17,16,15,16,3,7,2,1,1,-1,1,3,2,1,2,4
576,578,581,576,14,17,15,16,-2,-3,5,-3,2,-1,-2,3,2,3,3,4
485,487,487,482,21,19,21,19,-2,0,5,2,-2,2,2,2,1,1,1,4
1003,1000,1005,1003,17,19,18,18,3,-5,2,-2,1,0,-1,1,2,2,1,4
743,740,736,738,17,16,15,16,3,4,-2,1,1,-1,1,2,1,1,2,4
824,822,820,820,18,17,18,19,2,2,0,1,-1,-1,-1,1,2,1,1,4
904,904,904,904,14,14,13,13,0,0,0,0,1,0,1,1,1,1,1,4
1068,1066,1068,1068,17,16,15,16,2,-2,0,1,1,-1,1,3,2,1,3,4
506,501,499,503,14,14,15,13,5,2,-4,0,-1,2,1,1,3,2,2,4
806,799,799,801,14,14,15,13,7,0,-2,0,-1,2,1,3,2,2,3,4
696,698,693,684,17,16,18,16,-2,5,9,1,-2,2,1,2,1,3,1,4
991,982,982,984,13,14,15,13,9,0,-2,-1,-1,2,0,2,2,2,1,4
937,937,935,932,20,19,20,18,0,2,3,1,-1,2,2,3,3,2,1,4
1040,1040,1040,1040,13,16,15,16,0,0,0,-3,1,-1,-3,1,1,1,3,4
253,248,248,248,18,17,18,18,5,0,0,1,-1,0,0,1,1,3,1,4
370,367,363,365,20,19,18,18,3,4,-2,1,1,0,2,3,2,2,1,4
890,886,864,883,14,17,15,16,4,22,-19,-3,2,-1,-2,1,3,2,2,4
604,600,600,602,18,17,18,16,4,0,-2,1,-1,2,2,1,3,1,2,4
1021,1012,1012,1026,13,14,12,13,9,0,-14,-1,2,-1,0,3,1,1,1,4
635,632,635,632,13,14,15,16,3,-3,3,-1,-1,-1,-3,2,1,2,1,4
400,396,398,398,20,19,18,18,4,-2,0,1,1,0,2,2,2,3,3,4
440,438,431,436,20,19,20,21,2,7,-5,1,-1,-1,-1,3,2,1,1,4
782,778,778,775,18,16,18,16,4,0,3,2,-2,2,2,1,1,1,2,4
904,897,897,900,21,19,20,21,7,0,-3,2,-1,-1,0,1,2,2,1,4
1021,1019,1012,1014,17,16,15,16,2,7,-2,1,1,-1,1,3,2,3,2,4
989,989,965,979,17,16,18,16,0,24,-14,1,-2,2,1,1,3,1,3,4
459,454,454,464,13,14,15,13,5,0,-10,-1,-1,2,0,3,3,1,1,4
224,215,206,215,14,14,13,13,9,9,-9,0,1,0,1,1,1,1,1,4
445,445,440,445,17,16,18,16,0,5,-5,1,-2,2,1,1,1,1,1,4
860,848,850,850,21,19,20,21,12,-2,0,2,-1,-1,0,2,3,2,2,4
539,529,524,522,18,19,18,19,10,5,2,-1,1,-1,-1,3,1,1,2,4
1043,1040,1033,1031,13,14,15,16,3,7,2,-1,-1,-1,-3,2,3,2,1,4
822,810,815,817,21,19,20,19,12,-5,-2,2,-1,1,2,2,1,1,2,4
210,208,201,206,18,17,18,19,2,7,-5,1,-1,-1,-1,3,2,1,1,4
581,578,574,574,14,14,13,13,3,4,0,0,1,0,1,1,2,2,2,4
454,445,443,443,17,16,18,16,9,2,0,1,-2,2,1,1,3,2,2,4
1021,1019,1010,1017,13,14,12,13,2,9,-7,-1,2,-1,0,1,2,2,1,4
337,342,339,337,13,14,12,13,-5,3,2,-1,2,-1,0,1,1,2,3,4
206,203,199,201,21,19,21,19,3,4,-2,2,-2,2,2,1,2,2,1,4
1000,998,998,998,20,19,20,21,2,0,0,1,-1,-1,-1,2,1,1,1,4
436,433,421,426,13,14,12,13,3,12,-5,-1,2,-1,0,1,2,3,3,4
775,773,768,766,13,14,15,13,2,5,2,-1,-1,2,0,2,1,1,2,4
773,768,764,764,13,16,15,16,5,4,0,-3,1,-1,-3,1,3,1,1,4
421,426,426,431,17,19,18,18,-5,0,-5,-2,1,0,-1,3,3,1,1,4
991,989,986,989,17,16,18,18,2,3,-3,1,-2,0,-1,2,3,2,1,4
998,996,993,991,13,14,12,13,2,3,2,-1,2,-1,0,3,2,1,2,4
808,806,803,803,21,19,20,21,2,3,0,2,-1,-1,0,2,1,2,2,4
642,639,637,637,20,19,20,21,3,2,0,1,-1,-1,-1,3,2,1,1,4
473,473,466,468,13,14,12,13,0,7,-2,-1,2,-1,0,3,3,2,1,4
206,196,196,192,21,19,21,19,10,0,4,2,-2,2,2,1,1,1,1,4
628,625,623,625,18,19,18,19,3,2,-2,-1,1,-1,-1,1,2,1,2,4
764,754,745,743,20,19,20,18,10,9,2,1,-1,2,2,1,1,1,2,4
806,803,810,810,14,17,15,16,3,-7,0,-3,2,-1,-2,1,2,3,1,4
893,890,886,883,14,17,15,16,3,4,3,-3,2,-1,-2,2,1,1,2,4
335,339,335,337,20,19,18,18,-4,4,-2,1,1,0,2,2,2,2,1,4
918,916,918,918,18,17,18,16,2,-2,0,1,-1,2,2,3,2,1,3,4
1066,1059,1059,1059,17,16,18,16,7,0,0,1,-2,2,1,2,1,3,1,4
883,883,881,881,14,17,15,16,0,2,0,-3,2,-1,-2,2,2,1,1,4
876,876,874,876,21,19,20,21,0,2,-2,2,-1,-1,0,1,1,2,1,4
581,576,581,576,14,17,15,16,5,-5,5,-3,2,-1,-2,1,1,3,1,4
396,386,389,389,17,16,15,16,10,-3,0,1,1,-1,1,2,2,1,3,4
970,967,963,965,17,19,18,18,3,4,-2,-2,1,0,-1,1,2,2,1,4
487,482,485,482,18,19,18,19,5,-3,3,-1,1,-1,-1,1,1,2,1,4
314,311,309,309,18,17,18,16,3,2,0,1,-1,2,2,1,2,1,1,4
979,977,974,972,17,16,18,18,2,3,2,1,-2,0,-1,1,2,1,2,4
637,635,635,625,20,19,18,19,2,0,10,1,1,-1,1,1,2,2,2,4
1000,996,993,993,17,19,18,18,4,3,0,-2,1,0,-1,2,2,1,1,4
808,810,806,808,18,19,18,19,-2,4,-2,-1,1,-1,-1,2,1,1,2,4
1036,1038,1031,1038,20,19,20,21,-2,7,-7,1,-1,-1,-1,1,2,3,2,4
1026,1026,1026,1021,20,19,20,21,0,0,5,1,-1,-1,-1,1,3,1,3,4
815,808,810,806,21,19,20,19,7,-2,4,2,-1,1,2,1,2,1,1,4
698,696,696,698,17,16,18,18,2,0,-2,1,-2,0,-1,3,2,2,1,4
276,269,262,262,14,14,13,13,7,7,0,0,1,0,1,3,2,3,3,4
839,834,834,827,14,14,15,13,5,0,7,0,-1,2,1,3,1,1,2,4
255,253,243,243,18,17,18,18,2,10,0,1,-1,0,0,2,1,1,1,4
421,417,407,410,13,14,12,13,4,10,-3,-1,2,-1,0,1,1,1,2,4
553,553,548,548,21,19,20,21,0,5,0,2,-1,-1,0,1,3,1,1,4
431,428,428,426,20,19,20,21,3,0,2,1,-1,-1,-1,3,2,2,3,4
642,639,639,639,17,16,18,16,3,0,0,1,-2,2,1,3,2,2,2,4
974,972,970,970,20,19,20,18,2,2,0,1,-1,2,2,1,2,1,1,4
670,674,670,670,13,14,12,13,-4,4,0,-1,2,-1,0,3,3,1,3,4
520,517,517,520,14,17,15,16,3,0,-3,-3,2,-1,-2,1,2,2,1,4
808,803,799,794,14,14,13,13,5,4,5,0,1,0,1,2,2,2,2,4
199,194,194,192,14,14,13,13,5,0,2,0,1,0,1,2,2,2,1,4
703,700,698,698,20,19,20,18,3,2,0,1,-1,2,2,1,2,1,3,4
417,414,412,407,13,14,15,13,3,2,5,-1,-1,2,0,1,2,1,1,4
897,895,888,888,18,19,18,19,2,7,0,-1,1,-1,-1,2,3,2,2,4
196,189,187,187,18,19,18,19,7,2,0,-1,1,-1,-1,1,2,1,1,4
1029,1031,1026,1026,13,14,12,13,-2,5,0,-1,2,-1,0,2,1,1,1,4
555,546,546,546,14,17,15,16,9,0,0,-3,2,-1,-2,2,2,2,2,4
243,243,246,243,14,14,15,13,0,-3,3,0,-1,2,1,3,3,2,1,4
307,304,300,300,14,14,13,13,3,4,0,0,1,0,1,2,1,1,1,4
393,393,389,389,20,19,18,18,0,4,0,1,1,0,2,1,1,1,1,4
848,843,834,843,14,14,13,13,5,9,-9,0,1,0,1,1,3,1,3,4
1012,1012,1012,1014,13,14,15,13,0,0,-2,-1,-1,2,0,3,3,1,2,4
942,937,937,939,20,19,18,18,5,0,-2,1,1,0,2,1,3,1,2,4
794,937,787,785,18,19,18,19,-143,150,2,-1,1,-1,-1,2,3,1,2,4
656,651,653,651,13,14,15,13,5,-2,2,-1,-1,2,0,3,3,2,3,4
398,396,396,391,17,19,18,18,2,0,5,-2,1,0,-1,3,2,2,2,4
1061,1057,1050,1050,20,19,20,21,4,7,0,1,-1,-1,-1,2,2,1,1,4
389,382,384,398,13,14,12,13,7,-2,-14,-1,2,-1,0,1,2,1,1,4
239,234,234,236,18,19,18,18,5,0,-2,-1,1,0,0,3,1,1,2,4
1059,1054,1054,1057,20,19,20,18,5,0,-3,1,-1,2,2,1,3,3,2,4
904,893,890,890,18,17,18,19,11,3,0,1,-1,-1,-1,1,2,1,1,4
543,536,534,532,18,17,18,16,7,2,2,1,-1,2,2,3,2,1,2,4
813,815,808,813,18,19,18,19,-2,7,-5,-1,1,-1,-1,2,1,2,2,4
208,201,201,201,21,19,21,19,7,0,0,2,-2,2,2,2,1,1,1,4
953,951,946,946,13,14,12,13,2,5,0,-1,2,-1,0,2,1,1,3,4
243,241,239,239,21,19,20,18,2,2,0,2,-1,2,3,3,2,1,1,4
407,398,403,400,13,16,15,16,9,-5,3,-3,1,-1,-3,1,1,1,2,4
977,967,967,965,20,19,18,18,10,0,2,1,1,0,2,2,2,2,1,4
337,337,337,332,13,14,15,13,0,0,5,-1,-1,2,0,1,3,1,1,4
977,979,979,979,13,14,12,13,-2,0,0,-1,2,-1,0,2,1,3,3,4
393,398,396,398,13,14,15,13,-5,2,-2,-1,-1,2,0,1,3,2,1,4
206,201,196,194,21,19,21,21,5,5,2,2,-2,0,0,3,1,1,2,4
429,419,412,412,13,14,15,13,10,7,0,-1,-1,2,0,2,2,3,1,4
726,726,721,721,17,16,18,16,0,5,0,1,-2,2,1,1,1,1,3,4
642,625,614,625,17,17,18,16,17,11,-11,0,-1,2,1,3,2,1,2,4
700,693,693,693,20,19,20,21,7,0,0,1,-1,-1,-1,2,1,1,1,4
775,773,766,766,13,14,12,13,2,7,0,-1,2,-1,0,2,3,2,2,4
398,393,398,403,20,19,20,21,5,-5,-5,1,-1,-1,-1,3,3,1,3,4
921,918,918,942,21,19,21,18,3,0,-24,2,-2,3,3,2,3,1,1,4
335,335,335,335,13,14,13,13,0,0,0,-1,1,0,0,2,2,2,2,4
426,424,412,417,13,14,12,13,2,12,-5,-1,2,-1,0,1,2,1,1,4
745,740,736,738,17,16,15,16,5,4,-2,1,1,-1,1,1,3,1,2,4
1033,1033,1028,1026,13,14,12,13,0,5,2,-1,2,-1,0,2,2,2,1,4
960,956,958,960,13,14,12,13,4,-2,-2,-1,2,-1,0,1,1,2,1,4
925,918,923,925,18,19,18,19,7,-5,-2,-1,1,-1,-1,2,1,1,2,4
1078,1075,1075,1075,13,14,13,13,3,0,0,-1,1,0,0,1,2,2,2,4
192,185,1078,182,14,17,15,16,7,-893,896,-3,2,-1,-2,3,2,1,1,4
571,564,557,562,18,17,18,18,7,7,-5,1,-1,0,0,1,2,3,3,4
182,1075,1073,1073,18,19,18,18,-893,2,0,-1,1,0,0,1,2,1,1,4
824,820,862,815,21,19,23,21,4,-42,47,2,-4,2,0,1,1,1,1,4
356,356,351,353,20,19,18,18,0,5,-2,1,1,0,2,1,3,1,2,4
717,710,707,703,17,16,18,18,7,3,4,1,-2,0,-1,3,2,1,1,4
391,391,391,393,20,19,18,18,0,0,-2,1,1,0,2,2,2,2,1,4
693,689,686,689,13,16,15,16,4,3,-3,-3,1,-1,-3,3,1,2,1,4
257,255,250,248,14,19,15,16,2,5,2,-5,4,-1,-2,1,2,2,3,4
367,370,365,367,13,16,15,16,-3,5,-2,-3,1,-1,-3,2,1,1,2,4
478,475,473,473,17,16,18,18,3,2,0,1,-2,0,-1,1,2,1,1,4
656,656,651,646,17,16,18,18,0,5,5,1,-2,0,-1,1,1,3,1,4
782,775,775,778,14,16,15,16,7,0,-3,-2,1,-1,-2,1,2,2,1,4
932,932,928,928,20,19,21,19,0,4,0,1,-2,2,1,1,1,1,1,4
862,857,855,857,18,19,18,18,5,2,-2,-1,1,0,0,1,1,2,1,4
436,433,433,433,13,14,12,13,3,0,0,-1,2,-1,0,1,2,2,2,4
323,316,311,314,14,14,15,16,7,5,-3,0,-1,-1,-2,1,2,2,3,4
639,642,637,637,17,19,18,18,-3,5,0,-2,1,0,-1,2,1,1,1,4
199,192,189,187,18,17,18,19,7,3,2,1,-1,-1,-1,2,1,2,1,4
262,253,248,248,14,17,15,16,9,5,0,-3,2,-1,-2,3,1,1,1,4
897,893,890,890,21,19,20,21,4,3,0,2,-1,-1,0,2,2,3,1,4
297,293,290,290,14,14,15,13,4,3,0,0,-1,2,1,2,2,1,1,4
1054,1050,1045,1045,13,14,15,13,4,5,0,-1,-1,2,0,3,3,1,3,4
714,714,712,707,13,14,12,13,0,2,5,-1,2,-1,0,2,2,1,1,4
534,527,520,510,14,14,15,13,7,7,10,0,-1,2,1,1,2,3,1,4
810,799,799,796,14,14,15,13,11,0,3,0,-1,2,1,1,2,2,3,4
279,274,267,267,18,17,18,16,5,7,0,1,-1,2,2,2,2,1,1,4
443,440,443,440,17,19,18,18,3,-3,3,-2,1,0,-1,2,3,2,3,4
215,201,199,199,18,19,18,19,14,2,0,-1,1,-1,-1,3,1,2,2,4
890,878,881,878,18,17,18,16,12,-3,3,1,-1,2,2,3,2,1,2,4
656,660,656,651,17,16,18,18,-4,4,5,1,-2,0,-1,1,3,1,3,4
761,757,759,759,17,16,18,18,4,-2,0,1,-2,0,-1,2,2,1,1,4
583,583,588,583,14,14,13,13,0,-5,5,0,1,0,1,2,2,2,2,4
890,881,881,881,14,17,15,16,9,0,0,-3,2,-1,-2,1,1,1,1,4
625,616,609,609,14,14,15,13,9,7,0,0,-1,2,1,2,2,3,1,4
576,571,562,564,21,19,20,21,5,9,-2,2,-1,-1,0,1,1,3,2,4
998,991,991,991,20,19,20,18,7,0,0,1,-1,2,2,1,2,2,2,4
290,286,283,283,18,19,18,19,4,3,0,-1,1,-1,-1,1,1,2,2,4
674,667,658,653,13,14,12,13,7,9,5,-1,2,-1,0,1,2,2,2,4
977,974,970,965,17,16,15,16,3,4,5,1,1,-1,1,2,1,1,1,4
691,689,684,686,20,19,20,18,2,5,-2,1,-1,2,2,2,1,3,2,4
1052,1054,1043,1047,17,19,18,18,-2,11,-4,-2,1,0,-1,2,1,2,2,4
600,595,595,595,21,19,20,19,5,0,0,2,-1,1,2,1,1,1,1,4
1017,991,982,984,13,14,15,13,26,9,-2,-1,-1,2,0,1,2,2,1,4
1040,1040,1038,1033,13,16,15,16,0,2,5,-3,1,-1,-3,3,1,2,2,4
1029,1024,1012,1021,13,14,12,13,5,12,-9,-1,2,-1,0,2,2,1,3,4
379,377,377,377,13,14,15,13,2,0,0,-1,-1,2,0,3,2,2,2,4
517,517,510,506,18,19,18,19,0,7,4,-1,1,-1,-1,2,2,1,1,4
187,187,189,182,14,14,15,13,0,-2,7,0,-1,2,1,1,1,2,1,4
876,869,869,864,14,14,15,13,7,0,5,0,-1,2,1,3,2,2,2,4
949,949,942,944,20,19,20,18,0,7,-2,1,-1,2,2,2,2,1,2,4
513,506,499,503,14,14,15,13,7,7,-4,0,-1,2,1,2,3,2,2,4
478,475,473,473,17,16,18,16,3,2,0,1,-2,2,1,1,2,1,1,4
196,192,192,187,21,19,21,21,4,0,5,2,-2,0,0,1,3,3,3,4
660,663,660,660,20,19,18,18,-3,3,0,1,1,0,2,1,2,1,1,4
429,431,424,426,13,14,15,13,-2,7,-2,-1,-1,2,0,2,1,2,1,4
377,374,370,370,20,19,20,21,3,4,0,1,-1,-1,-1,2,1,1,1,4
586,586,586,586,21,19,20,21,0,0,0,2,-1,-1,0,3,1,1,1,4
834,834,827,827,14,14,15,13,0,7,0,0,-1,2,1,1,1,2,2,4
1003,1000,998,993,17,16,18,18,3,2,5,1,-2,0,-1,1,2,1,1,4
726,721,717,721,20,19,20,18,5,4,-4,1,-1,2,2,1,3,1,1,4
510,503,501,503,14,17,15,16,7,2,-2,-3,2,-1,-2,1,2,1,2,4
848,839,832,832,18,17,18,16,9,7,0,1,-1,2,2,1,3,2,2,4
201,192,185,182,18,19,18,19,9,7,3,-1,1,-1,-1,3,1,2,1,4
515,503,501,496,18,17,18,19,12,2,5,1,-1,-1,-1,1,2,1,1,4
246,236,227,229,14,14,15,13,10,9,-2,0,-1,2,1,2,2,2,3,4
243,239,234,236,18,17,18,18,4,5,-2,1,-1,0,0,1,1,1,2,4
1021,1017,1014,1017,17,16,15,16,4,3,-3,1,1,-1,1,3,3,2,1,4
773,771,768,766,13,14,12,13,2,3,2,-1,2,-1,0,1,2,3,2,4
231,232,232,236,18,19,18,18,-1,0,-4,-1,1,0,0,2,2,2,2,4
215,210,206,210,18,17,18,19,5,4,-4,1,-1,-1,-1,1,3,1,1,4
1059,1059,1054,1057,13,14,12,13,0,5,-3,-1,2,-1,0,3,3,3,2,4
262,257,248,248,14,14,15,13,5,9,0,0,-1,2,1,3,1,1,1,4
534,532,534,534,21,19,20,21,2,-2,0,2,-1,-1,0,1,2,1,1,4
344,337,337,337,13,14,15,13,7,0,0,-1,-1,2,0,2,3,1,1,4
586,581,571,571,14,17,15,16,5,10,0,-3,2,-1,-2,1,3,1,1,4
414,410,440,407,13,14,12,13,4,-30,33,-1,2,-1,0,2,2,3,1,4
192,185,185,192,18,17,18,19,7,0,-7,1,-1,-1,-1,3,2,2,1,4
729,726,726,721,20,19,20,18,3,0,5,1,-1,2,2,2,3,1,1,4
1054,1057,1057,1054,20,19,20,18,-3,0,3,1,-1,2,2,1,2,2,1,4
478,478,473,475,17,16,15,16,0,5,-2,1,1,-1,1,1,1,3,2,4
571,569,562,557,18,17,18,16,2,7,5,1,-1,2,2,3,2,1,3,4
262,260,260,260,18,17,18,18,2,0,0,1,-1,0,0,1,2,2,2,4
461,457,459,450,13,16,15,16,4,-2,9,-3,1,-1,-3,2,2,1,1,4
459,457,454,454,17,16,18,16,2,3,0,1,-2,2,1,1,2,1,3,4
703,700,698,698,20,19,20,18,3,2,0,1,-1,2,2,1,2,1,1,4
717,712,707,710,13,14,12,13,5,5,-3,-1,2,-1,0,1,3,1,2,4
970,967,965,965,17,16,15,16,3,2,0,1,1,-1,1,1,2,1,1,4
651,651,651,649,13,16,15,16,0,0,2,-3,1,-1,-3,1,1,3,2,4
1012,1012,1005,1007,17,19,18,18,0,7,-2,-2,1,0,-1,3,3,2,1,4
304,300,295,290,18,17,18,16,4,5,5,1,-1,2,2,1,3,1,1,4
264,250,248,248,18,17,18,16,14,2,0,1,-1,2,2,2,2,1,1,4
689,691,689,698,13,14,15,16,-2,2,-9,-1,-1,-1,-3,1,2,1,3,4
1003,998,1003,1012,20,19,20,21,5,-5,-9,1,-1,-1,-1,1,1,3,1,4
396,391,384,389,17,19,18,18,5,7,-5,-2,1,0,-1,2,2,1,1,4
747,750,738,743,13,14,12,13,-3,12,-5,-1,2,-1,0,2,3,2,2,4
253,250,246,248,18,17,18,18,3,4,-2,1,-1,0,0,1,2,2,1,4
771,766,766,766,13,14,15,13,5,0,0,-1,-1,2,0,2,2,2,2,4
646,642,642,642,17,16,15,16,4,0,0,1,1,-1,1,3,3,3,1,4
635,628,625,625,13,14,15,13,7,3,0,-1,-1,2,0,2,1,2,2,4
721,719,717,717,13,14,15,13,2,2,0,-1,-1,2,0,1,2,1,3,4
801,801,796,796,18,17,18,16,0,5,0,1,-1,2,2,1,3,3,1,4
658,651,651,651,20,19,20,21,7,0,0,1,-1,-1,-1,2,1,1,1,4
897,893,890,890,21,19,20,19,4,3,0,2,-1,1,2,2,2,1,1,4
557,548,543,546,18,19,18,18,9,5,-3,-1,1,0,0,1,1,1,2,4
524,524,524,517,14,14,15,16,0,0,7,0,-1,-1,-2,1,3,1,2,4
309,304,302,300,21,19,20,21,5,2,2,2,-1,-1,0,1,1,2,1,4
429,433,428,424,17,16,18,16,-4,5,4,1,-2,2,1,2,2,2,2,4
693,689,684,682,13,16,15,16,4,5,2,-3,1,-1,-3,3,1,1,2,4
192,182,185,182,18,19,18,19,10,-3,3,-1,1,-1,-1,3,1,2,1,4
496,487,478,478,21,19,20,18,9,9,0,2,-1,2,3,1,1,1,1,4
335,335,335,335,17,16,18,16,0,0,0,1,-2,2,1,2,2,2,2,4
1054,1054,1054,1050,13,14,15,13,0,0,4,-1,-1,2,0,1,3,1,1,4
417,412,410,410,20,19,20,21,5,2,0,1,-1,-1,-1,1,1,2,2,4
379,384,374,379,13,14,15,16,-5,10,-5,-1,-1,-1,-3,1,3,3,1,4
632,623,623,621,13,17,15,16,9,0,2,-4,2,-1,-3,1,1,1,2,4
965,956,960,960,13,14,12,13,9,-4,0,-1,2,-1,0,3,1,1,1,4
696,698,693,710,13,14,12,13,-2,5,-17,-1,2,-1,0,2,3,1,2,4
792,782,775,775,14,14,13,13,10,7,0,0,1,0,1,1,1,2,2,4
796,785,785,787,14,14,13,13,11,0,-2,0,1,0,1,1,2,2,1,4
607,600,595,593,14,17,15,16,7,5,2,-3,2,-1,-2,2,1,1,2,4
890,883,874,876,14,17,15,16,7,9,-2,-3,2,-1,-2,1,2,2,1,4
208,208,201,206,14,14,15,13,0,7,-5,0,-1,2,1,2,2,1,1,4
595,583,590,593,21,19,20,21,12,-7,-3,2,-1,-1,0,1,2,1,2,4
182,182,185,182,21,19,21,19,0,-3,3,2,-2,2,2,1,1,2,1,4
283,267,257,250,14,14,13,13,16,10,7,0,1,0,1,2,3,3,2,4
1066,1068,1064,1059,20,19,20,21,-2,4,5,1,-1,-1,-1,2,1,1,1,4
989,989,984,977,13,14,15,13,0,5,7,-1,-1,2,0,1,3,1,2,4
346,344,344,339,17,19,18,18,2,0,5,-2,1,0,-1,3,2,2,2,4
1024,1024,862,1021,17,16,15,16,0,162,-159,1,1,-1,1,2,2,1,1,4
1021,1017,1017,1012,20,19,20,18,4,0,5,1,-1,2,2,3,1,1,3,4
703,707,700,703,13,14,12,13,-4,7,-3,-1,2,-1,0,3,3,2,1,4
733,733,731,731,17,16,15,16,0,2,0,1,1,-1,1,2,2,1,1,4
267,260,262,260,14,14,15,16,7,-2,2,0,-1,-1,-2,1,2,1,2,4
372,365,360,363,13,14,12,13,7,5,-3,-1,2,-1,0,2,3,3,2,4
489,489,487,482,21,19,21,21,0,2,5,2,-2,0,0,2,2,1,1,4
625,623,618,618,18,17,18,19,2,5,0,1,-1,-1,-1,2,1,1,1,4
761,759,754,754,13,14,12,13,2,5,0,-1,2,-1,0,2,3,1,1,4
1054,1050,1045,1045,17,19,18,18,4,5,0,-2,1,0,-1,3,1,1,3,4
712,710,710,707,13,14,12,13,2,0,3,-1,2,-1,0,1,2,2,3,4
834,824,824,829,21,19,20,21,10,0,-5,2,-1,-1,0,1,1,1,1,4
461,454,450,450,13,14,12,13,7,4,0,-1,2,-1,0,2,3,3,1,4
717,712,712,712,17,16,18,16,5,0,0,1,-2,2,1,3,3,1,1,4
429,426,421,421,17,19,18,18,3,5,0,-2,1,0,-1,2,1,1,1,4
883,883,878,881,18,17,18,19,0,5,-3,1,-1,-1,-1,2,2,2,1,4
1017,1014,1021,1017,17,16,15,16,3,-7,4,1,1,-1,1,1,2,1,1,4
632,628,621,628,17,17,18,19,4,7,-7,0,-1,-1,-2,1,1,2,1,4
621,597,597,595,14,14,15,13,24,0,2,0,-1,2,1,2,2,2,1,4
576,571,571,571,18,17,18,18,5,0,0,1,-1,0,0,1,1,1,1,4
886,881,860,876,18,17,18,16,5,21,-16,1,-1,2,2,3,3,2,3,4
850,850,848,843,14,17,15,16,0,2,5,-3,2,-1,-2,2,2,1,1,4
717,712,710,707,17,16,15,16,5,2,3,1,1,-1,1,3,1,2,1,4
311,314,314,314,18,17,18,19,-3,0,0,1,-1,-1,-1,2,3,3,1,4
693,691,698,693,20,19,20,21,2,-7,5,1,-1,-1,-1,1,2,1,1,4
588,576,569,571,14,17,15,16,12,7,-2,-3,2,-1,-2,2,3,2,1,4
1073,1073,1071,1073,17,16,18,18,0,2,-2,1,-2,0,-1,1,1,2,1,4
586,574,576,576,18,17,18,18,12,-2,0,1,-1,0,0,1,2,1,1,4
457,452,457,452,13,14,12,13,5,-5,5,-1,2,-1,0,2,2,2,2,4
185,192,182,201,18,19,18,19,-7,10,-19,-1,1,-1,-1,2,1,1,1,4
473,471,471,468,17,16,18,16,2,0,3,1,-2,2,1,1,2,2,1,4
475,475,473,473,20,19,20,18,0,2,0,1,-1,2,2,2,2,1,1,4
234,229,229,227,21,19,20,19,5,0,2,2,-1,1,2,1,1,1,2,4
419,417,428,431,13,14,12,13,2,-11,-3,-1,2,-1,0,2,1,2,1,4
365,353,353,356,13,14,15,13,12,0,-3,-1,-1,2,0,1,2,2,1,4
555,541,539,541,14,17,15,16,14,2,-2,-3,2,-1,-2,2,2,3,2,4
607,607,604,600,14,14,13,13,0,3,4,0,1,0,1,2,2,1,3,4
806,801,796,799,18,17,18,19,5,5,-3,1,-1,-1,-1,1,1,1,2,4
1078,1073,1073,1073,17,16,15,16,5,0,0,1,1,-1,1,1,1,1,3,4
658,653,646,649,13,14,15,16,5,7,-3,-1,-1,-1,-3,2,2,3,2,4
965,965,963,958,13,14,15,13,0,2,5,-1,-1,2,0,1,1,2,2,4
295,295,290,290,14,14,13,13,0,5,0,0,1,0,1,1,3,1,1,4
745,736,736,750,20,19,18,18,9,0,-14,1,1,0,2,1,1,1,1,4
1017,1017,1017,1014,13,14,15,13,0,0,3,-1,-1,2,0,1,1,1,2,4
384,374,377,382,13,14,15,13,10,-3,-5,-1,-1,2,0,1,3,2,2,4
494,487,485,478,14,14,13,13,7,2,7,0,1,0,1,2,3,2,1,4
986,982,979,977,20,19,20,18,4,3,2,1,-1,2,2,2,2,1,2,4
555,550,550,548,14,14,13,13,5,0,2,0,1,0,1,2,2,2,3,4
942,937,937,939,17,16,18,18,5,0,-2,1,-2,0,-1,1,1,1,2,4
384,382,379,379,17,16,15,16,2,3,0,1,1,-1,1,3,2,3,3,4
600,595,590,590,21,19,20,21,5,5,0,2,-1,-1,0,1,3,1,3,4
501,494,492,492,14,14,13,13,7,2,0,0,1,0,1,3,2,1,1,4
740,740,740,740,20,19,20,21,0,0,0,1,-1,-1,-1,1,1,1,1,4
536,529,534,527,14,14,15,13,7,-5,7,0,-1,2,1,2,1,1,2,4
520,520,517,520,14,14,13,13,0,3,-3,0,1,0,1,3,3,2,1,4
904,900,897,900,14,17,15,16,4,3,-3,-3,2,-1,-2,1,3,2,1,4
843,843,839,839,18,19,18,18,0,4,0,-1,1,0,0,1,3,3,1,4
436,436,436,436,17,16,15,16,0,0,0,1,1,-1,1,3,1,1,1,4
466,459,457,457,13,14,15,13,7,2,0,-1,-1,2,0,2,3,2,2,4
637,635,628,625,17,16,18,19,2,7,3,1,-2,-1,-2,3,2,1,2,4
911,904,902,904,14,17,15,16,7,2,-2,-3,2,-1,-2,2,3,2,3,4
290,290,288,288,18,19,18,19,0,2,0,-1,1,-1,-1,3,3,2,2,4
370,367,363,365,20,19,20,18,3,4,-2,1,-1,2,2,1,2,2,1,4
314,314,311,307,14,14,13,13,0,3,4,0,1,0,1,3,3,2,2,4
656,651,649,651,20,19,20,18,5,2,-2,1,-1,2,2,3,3,2,1,4
454,450,447,452,13,14,12,13,4,3,-5,-1,2,-1,0,3,1,2,2,4
257,257,250,248,18,17,18,18,0,7,2,1,-1,0,0,3,3,2,1,4
353,351,346,351,13,16,15,16,2,5,-5,-3,1,-1,-3,2,1,1,1,4
895,895,893,890,14,17,15,16,0,2,3,-3,2,-1,-2,3,1,2,1,4
857,853,846,848,18,17,18,18,4,7,-2,1,-1,0,0,1,3,2,1,4
363,360,356,356,20,19,20,18,3,4,0,1,-1,2,2,2,3,1,1,4
454,452,450,447,20,19,20,21,2,2,3,1,-1,-1,-1,1,2,1,2,4
461,445,454,459,13,16,15,16,16,-9,-5,-3,1,-1,-3,2,1,1,1,4
867,869,864,862,14,17,15,16,-2,5,2,-3,2,-1,-2,3,2,2,1,4
841,848,829,829,18,17,18,19,-7,19,0,1,-1,-1,-1,2,1,3,1,4
229,232,229,229,14,14,15,13,-3,3,0,0,-1,2,1,1,2,1,1,4
658,658,656,667,20,19,20,21,0,2,-11,1,-1,-1,-1,2,2,3,2,4
855,841,832,824,14,14,15,13,14,9,8,0,-1,2,1,2,2,2,1,4
618,611,618,614,21,19,21,21,7,-7,4,2,-2,0,0,1,2,1,1,4
586,578,576,614,14,17,15,16,8,2,-38,-3,2,-1,-2,1,2,3,3,4
279,274,274,276,18,19,18,18,5,0,-2,-1,1,0,0,2,2,2,1,4
436,431,436,433,13,16,15,16,5,-5,3,-3,1,-1,-3,1,1,1,2,4
815,815,808,815,21,19,20,19,0,7,-7,2,-1,1,2,1,1,2,1,4
698,698,689,696,17,19,18,18,0,9,-7,-2,1,0,-1,3,1,1,2,4
506,499,501,492,18,17,18,16,7,-2,9,1,-1,2,2,1,2,1,3,4
417,417,410,412,13,14,15,13,0,7,-2,-1,-1,2,0,1,1,2,1,4
513,508,510,508,14,14,15,13,5,-2,2,0,-1,2,1,2,2,1,2,4
637,635,635,625,17,16,18,16,2,0,10,1,-2,2,1,1,2,2,2,4
785,789,785,787,14,14,15,13,-4,4,-2,0,-1,2,1,2,2,2,1,4
911,897,876,881,14,14,13,13,14,21,-5,0,1,0,1,2,2,1,1,4
1054,1061,232,1054,17,16,15,16,-7,829,-822,1,1,-1,1,3,2,2,1,4
309,307,304,309,21,19,20,21,2,3,-5,2,-1,-1,0,3,2,1,1,4
731,728,728,726,20,19,18,18,3,0,2,1,1,0,2,1,2,2,1,4
351,346,339,344,13,14,12,13,5,7,-5,-1,2,-1,0,3,1,2,2,4
635,642,632,632,20,19,20,18,-7,10,0,1,-1,2,2,2,1,1,1,4
208,206,206,206,18,19,18,19,2,0,0,-1,1,-1,-1,2,3,1,1,4
593,588,583,586,14,14,13,13,5,5,-3,0,1,0,1,2,2,2,1,4
185,1075,1078,1078,18,19,18,18,-890,-3,0,-1,1,0,0,2,2,1,1,4
953,949,939,946,13,14,15,16,4,10,-7,-1,-1,-1,-3,2,2,2,1,4
185,1075,182,187,21,19,18,19,-890,893,-5,2,1,-1,2,2,2,1,1,4
862,860,853,848,18,19,18,18,2,7,5,-1,1,0,0,1,2,1,1,4
935,932,928,928,17,16,15,16,3,4,0,1,1,-1,1,2,1,1,1,4
1073,1075,182,187,17,19,18,19,-2,893,-5,-2,1,-1,-2,1,2,1,1,4
203,199,196,196,18,17,18,16,4,3,0,1,-1,2,2,2,2,1,1,4
431,433,426,426,20,19,20,18,-2,7,0,1,-1,2,2,3,2,1,1,4
344,344,342,339,17,16,18,16,0,2,3,1,-2,2,1,2,2,1,2,4
253,243,241,250,14,14,15,16,10,2,-9,0,-1,-1,-2,1,3,2,2,4
1019,1019,1017,1014,17,16,15,16,0,2,3,1,1,-1,1,2,2,1,2,4
213,208,206,206,14,17,15,16,5,2,0,-3,2,-1,-2,2,2,1,3,4
189,185,185,182,18,17,18,19,4,0,3,1,-1,-1,-1,2,2,2,1,4
600,586,586,586,18,19,18,19,14,0,0,-1,1,-1,-1,1,1,1,3,4
351,349,339,344,13,14,12,13,2,10,-5,-1,2,-1,0,3,2,2,2,4
974,977,970,970,13,16,15,16,-3,7,0,-3,1,-1,-3,1,2,1,1,4
660,665,660,665,20,19,20,18,-5,5,-5,1,-1,2,2,1,3,3,1,4
731,726,724,726,13,16,15,16,5,2,-2,-3,1,-1,-3,1,1,2,1,4
403,403,398,398,20,19,20,21,0,5,0,1,-1,-1,-1,1,1,1,1,4
365,372,365,365,13,14,15,13,-7,7,0,-1,-1,2,0,3,2,1,3,4
1021,1017,1017,1017,20,19,20,21,4,0,0,1,-1,-1,-1,1,1,1,3,4
562,562,562,557,18,17,18,16,0,0,5,1,-1,2,2,1,3,1,1,4
1038,1040,1036,1036,13,14,12,13,-2,4,0,-1,2,-1,0,2,3,1,1,4
443,436,438,436,20,19,20,18,7,-2,2,1,-1,2,2,2,1,2,3,4
447,440,436,436,17,16,18,16,7,4,0,1,-2,2,1,2,1,3,1,4
377,377,372,372,17,19,18,18,0,5,0,-2,1,0,-1,2,2,2,2,4
869,864,848,867,21,19,20,18,5,16,-19,2,-1,2,3,2,2,3,1,4
593,593,588,583,18,17,18,16,0,5,5,1,-1,2,2,2,2,2,2,4
274,271,271,274,14,14,15,13,3,0,-3,0,-1,2,1,2,3,1,2,4
1075,1078,1068,1064,17,16,18,18,-3,10,4,1,-2,0,-1,2,1,1,1,4
1064,1057,1057,1054,13,14,15,13,7,0,3,-1,-1,2,0,1,2,2,3,4
482,478,475,468,18,19,18,18,4,3,7,-1,1,0,0,1,1,2,1,4
771,768,766,768,13,14,12,13,3,2,-2,-1,2,-1,0,2,3,2,1,4
295,290,286,286,18,17,18,16,5,4,0,1,-1,2,2,1,3,1,1,4
965,960,956,956,17,16,18,18,5,4,0,1,-2,0,-1,3,1,1,1,4
670,665,674,674,20,19,20,18,5,-9,0,1,-1,2,2,1,1,1,1,4
960,956,960,958,13,14,15,13,4,-4,2,-1,-1,2,0,1,3,1,2,4
714,710,714,714,17,16,15,16,4,-4,0,1,1,-1,1,2,2,2,2,4
740,743,740,736,17,16,18,18,-3,3,4,1,-2,0,-1,1,2,1,1,4
323,311,309,316,14,14,13,13,12,2,-7,0,1,0,1,1,2,1,2,4
923,923,918,918,14,14,13,13,0,5,0,0,1,0,1,1,1,1,3,4
703,703,698,698,17,16,15,16,0,5,0,1,1,-1,1,3,3,1,1,4
738,736,731,740,13,14,12,13,2,5,-9,-1,2,-1,0,2,3,3,3,4
182,182,1071,1078,14,14,15,13,0,-889,-7,0,-1,2,1,1,1,2,1,4
271,271,269,269,14,17,15,16,0,2,0,-3,2,-1,-2,3,1,2,2,4
279,271,267,267,14,14,15,13,8,4,0,0,-1,2,1,2,1,1,1,4
710,710,703,703,20,19,20,21,0,7,0,1,-1,-1,-1,2,2,1,3,4
672,677,670,674,20,19,18,18,-5,7,-4,1,1,0,2,2,2,3,1,4
464,466,464,461,13,14,12,13,-2,2,3,-1,2,-1,0,3,2,1,2,4
548,543,539,539,18,17,18,16,5,4,0,1,-1,2,2,3,1,1,3,4
464,461,457,459,20,19,20,18,3,4,-2,1,-1,2,2,1,2,2,1,4
953,953,951,951,20,19,20,21,0,2,0,1,-1,-1,-1,2,2,1,1,4
286,286,283,281,14,14,13,13,0,3,2,0,1,0,1,1,3,2,1,4
658,658,660,660,17,16,18,18,0,-2,0,1,-2,0,-1,2,2,1,1,4
1021,1017,1017,1014,13,14,15,13,4,0,3,-1,-1,2,0,1,3,1,2,4
632,625,623,623,13,14,13,13,7,2,0,-1,1,0,0,1,2,1,1,4
550,553,548,548,21,19,20,21,-3,5,0,2,-1,-1,0,2,1,1,1,4
579,569,560,557,14,14,15,13,10,9,3,0,-1,2,1,2,2,2,1,4
850,848,846,848,18,17,18,18,2,2,-2,1,-1,0,0,2,3,2,1,4
503,499,496,496,14,17,15,16,4,3,0,-3,2,-1,-2,2,2,1,3,4
534,524,520,520,14,17,15,16,10,4,0,-3,2,-1,-2,1,1,1,3,4
616,616,614,607,14,14,15,13,0,2,7,0,-1,2,1,2,2,1,2,4
217,210,213,213,14,14,15,13,7,-3,0,0,-1,2,1,2,3,2,2,4
234,232,229,229,14,14,15,13,2,3,0,0,-1,2,1,1,2,1,3,4
468,464,457,454,20,19,20,18,4,7,3,1,-1,2,2,3,1,2,3,4
871,862,862,862,21,19,20,18,9,0,0,2,-1,2,3,1,3,1,1,4
192,196,192,189,14,17,15,16,-4,4,3,-3,2,-1,-2,1,1,1,2,4
764,761,754,754,17,16,18,16,3,7,0,1,-2,2,1,3,2,3,1,4
965,960,960,960,20,19,20,21,5,0,0,1,-1,-1,-1,1,1,1,1,4
229,232,229,224,14,14,13,13,-3,3,5,0,1,0,1,3,2,3,3,4
942,935,935,937,13,14,13,13,7,0,-2,-1,1,0,0,3,2,2,3,4
269,264,262,262,14,14,15,13,5,2,0,0,-1,2,1,2,2,1,1,4
569,564,562,562,18,17,18,16,5,2,0,1,-1,2,2,2,2,1,1,4
323,316,314,314,18,19,18,19,7,2,0,-1,1,-1,-1,1,2,1,1,4
609,604,604,604,18,17,18,19,5,0,0,1,-1,-1,-1,3,3,1,1,4
1029,1031,1026,1024,20,19,20,21,-2,5,2,1,-1,-1,-1,2,1,1,2,4
665,658,663,653,20,19,20,18,7,-5,10,1,-1,2,2,3,2,2,2,4
351,349,346,344,17,16,18,16,2,3,2,1,-2,2,1,1,2,3,2,4
757,759,761,759,13,14,12,13,-2,-2,2,-1,2,-1,0,2,1,2,1,4
403,400,398,393,13,14,15,16,3,2,5,-1,-1,-1,-3,3,2,3,1,4
679,674,677,679,20,19,20,21,5,-3,-2,1,-1,-1,-1,1,1,2,1,4
229,215,210,206,14,14,15,13,14,5,4,0,-1,2,1,1,3,1,1,4
543,539,539,541,18,19,18,18,4,0,-2,-1,1,0,0,1,3,1,2,4
374,367,365,367,13,14,12,13,7,2,-2,-1,2,-1,0,1,2,1,2,4
459,450,452,450,20,19,18,18,9,-2,2,1,1,0,2,3,3,2,1,4
386,384,384,386,20,19,20,21,2,0,-2,1,-1,-1,-1,2,1,1,2,4
236,229,220,224,14,14,13,13,7,9,-4,0,1,0,1,2,1,1,1,4
262,253,257,255,14,17,15,16,9,-4,2,-3,2,-1,-2,1,3,1,2,4
981,979,979,979,13,14,12,13,2,0,0,-1,2,-1,0,2,1,1,1,4
677,677,674,670,13,16,15,16,0,3,4,-3,1,-1,-3,2,2,1,1,4
377,374,367,370,17,16,18,18,3,7,-3,1,-2,0,-1,2,1,2,1,4
951,949,946,946,13,16,15,16,2,3,0,-3,1,-1,-3,1,2,1,1,4
717,712,712,703,17,16,18,16,5,0,9,1,-2,2,1,1,3,3,1,4
293,290,288,290,18,19,18,19,3,2,-2,-1,1,-1,-1,2,1,2,1,4
616,611,607,607,18,17,18,16,5,4,0,1,-1,2,2,2,2,2,2,4
567,564,562,562,21,19,20,21,3,2,0,2,-1,-1,0,1,2,1,1,4
260,253,248,248,18,19,18,18,7,5,0,-1,1,0,0,2,1,3,1,4
297,293,288,286,21,19,20,21,4,5,2,2,-1,-1,0,2,2,2,1,4
782,778,775,782,14,14,15,16,4,3,-7,0,-1,-1,-2,1,1,2,1,4
824,813,806,801,14,17,15,16,11,7,5,-3,2,-1,-2,1,2,1,1,4
996,991,986,986,17,19,18,18,5,5,0,-2,1,0,-1,2,2,2,2,4
236,224,220,220,18,19,18,19,12,4,0,-1,1,-1,-1,2,1,1,1,4
482,475,473,473,21,19,20,18,7,2,0,2,-1,2,3,1,2,1,1,4
342,337,337,337,20,19,20,21,5,0,0,1,-1,-1,-1,1,1,1,1,4
946,944,942,942,13,14,12,13,2,2,0,-1,2,-1,0,1,2,1,1,4
923,916,914,914,14,17,15,16,7,2,0,-3,2,-1,-2,1,2,3,1,4
689,686,689,689,17,19,18,18,3,-3,0,-2,1,0,-1,3,2,1,1,4
262,262,262,257,18,19,18,18,0,0,5,-1,1,0,0,1,1,1,1,4
824,820,820,827,18,19,18,19,4,0,-7,-1,1,-1,-1,1,1,1,2,4
1007,1000,1028,1003,13,14,12,13,7,-28,25,-1,2,-1,0,1,2,2,3,4
328,325,323,325,18,17,18,19,3,2,-2,1,-1,-1,-1,1,2,1,2,4
438,438,707,433,17,16,12,16,0,-269,274,1,4,-4,1,2,2,1,2,4
239,236,232,234,14,17,15,16,3,4,-2,-3,2,-1,-2,1,2,2,1,4
771,766,764,766,20,19,20,18,5,2,-2,1,-1,2,2,2,2,1,2,4
674,667,672,670,20,19,20,18,7,-5,2,1,-1,2,2,1,2,2,1,4
300,290,290,290,18,19,18,19,10,0,0,-1,1,-1,-1,1,1,1,1,4
553,548,546,543,18,17,18,18,5,2,3,1,-1,0,0,1,3,2,3,4
857,857,853,853,14,17,15,16,0,4,0,-3,2,-1,-2,1,1,1,1,4
974,974,972,970,17,16,18,16,0,2,2,1,-2,2,1,3,1,2,3,4
475,473,468,468,13,14,15,13,2,5,0,-1,-1,2,0,2,3,1,1,4
604,595,597,595,18,17,18,16,9,-2,2,1,-1,2,2,3,1,2,1,4
649,642,639,637,13,14,12,13,7,3,2,-1,2,-1,0,2,1,2,1,4
257,250,257,253,14,14,15,13,7,-7,4,0,-1,2,1,3,2,3,3,4
595,588,586,586,14,14,15,13,7,2,0,0,-1,2,1,1,2,1,3,4
857,853,843,843,14,17,15,16,4,10,0,-3,2,-1,-2,1,3,1,1,4
820,815,815,815,21,19,20,21,5,0,0,2,-1,-1,0,1,1,1,1,4
698,698,693,693,17,16,18,18,0,5,0,1,-2,0,-1,1,1,1,1,4
632,632,628,621,13,14,15,13,0,4,7,-1,-1,2,0,1,1,1,2,4
679,672,670,674,13,14,12,13,7,2,-4,-1,2,-1,0,1,2,1,3,4
304,300,300,295,21,19,20,21,4,0,5,2,-1,-1,0,1,3,1,1,4
986,977,974,972,17,16,18,16,9,3,2,1,-2,2,1,2,2,1,2,4
684,679,684,682,13,16,15,16,5,-5,2,-3,1,-1,-3,1,3,1,2,4
192,187,182,187,14,14,15,13,5,5,-5,0,-1,2,1,3,1,1,3,4
1045,1047,1045,1043,17,16,18,18,-2,2,2,1,-2,0,-1,1,2,1,2,4
914,911,909,911,14,17,15,16,3,2,-2,-3,2,-1,-2,3,2,1,2,4
478,478,473,473,20,19,20,21,0,5,0,1,-1,-1,-1,1,1,1,1,4
726,721,719,721,13,14,12,13,5,2,-2,-1,2,-1,0,1,3,2,1,4
581,569,564,562,18,19,20,18,12,5,2,-1,-1,2,0,3,2,2,1,4
501,496,501,499,14,14,13,13,5,-5,2,0,1,0,1,1,3,3,2,4
356,356,356,360,20,19,20,21,0,0,-4,1,-1,-1,-1,3,1,1,3,4
986,982,982,979,17,16,15,16,4,0,3,1,1,-1,1,2,2,2,1,4
759,752,750,750,13,14,15,13,7,2,0,-1,-1,2,0,1,2,3,1,4
279,271,276,276,21,19,20,18,8,-5,0,2,-1,2,3,2,1,1,3,4
1073,1073,1071,1071,20,19,18,18,0,2,0,1,1,0,2,3,1,2,2,4
789,782,778,775,18,19,18,18,7,4,3,-1,1,0,0,2,1,1,2,4
520,515,506,506,14,14,15,16,5,9,0,0,-1,-1,-2,1,1,1,1,4
384,382,382,389,20,19,18,18,2,0,-7,1,1,0,2,1,2,2,1,4
377,379,384,384,17,16,15,16,-2,-5,0,1,1,-1,1,2,3,3,1,4
796,796,789,789,18,17,18,16,0,7,0,1,-1,2,2,3,1,2,2,4
323,318,318,314,18,17,18,19,5,0,4,1,-1,-1,-1,1,1,1,1,4
269,269,260,262,14,14,15,13,0,9,-2,0,-1,2,1,2,2,2,1,4
1054,1057,1047,1045,13,14,12,13,-3,10,2,-1,2,-1,0,1,2,2,3,4
663,653,646,649,13,14,15,13,10,7,-3,-1,-1,2,0,2,2,3,2,4
281,274,269,274,18,17,18,16,7,5,-5,1,-1,2,2,1,2,2,2,4
447,440,445,445,20,19,20,18,7,-5,0,1,-1,2,2,2,1,1,1,4
604,595,600,597,18,17,18,19,9,-5,3,1,-1,-1,-1,3,3,1,2,4
217,208,201,199,14,14,13,13,9,7,2,0,1,0,1,2,2,3,2,4
700,696,693,693,17,16,15,16,4,3,0,1,1,-1,1,2,2,1,1,4
893,886,874,876,21,19,20,21,7,12,-2,2,-1,-1,0,2,3,2,1,4
311,304,304,302,18,17,18,16,7,0,2,1,-1,2,2,2,3,1,2,4
667,667,658,660,17,16,18,18,0,9,-2,1,-2,0,-1,2,2,2,1,4
555,546,541,541,18,19,18,18,9,5,0,-1,1,0,0,2,2,2,2,4
262,260,248,260,14,14,15,13,2,12,-12,0,-1,2,1,3,2,1,2,4
792,787,787,787,14,14,15,16,5,0,0,0,-1,-1,-2,1,3,3,1,4
944,944,942,942,13,14,15,13,0,2,0,-1,-1,2,0,2,2,3,3,4
192,187,182,182,14,14,13,13,5,5,0,0,1,0,1,3,1,1,1,4
370,370,372,370,20,19,20,18,0,-2,2,1,-1,2,2,1,1,2,3,4
970,963,963,956,17,16,15,16,7,0,7,1,1,-1,1,3,2,2,1,4
213,210,203,201,14,14,15,13,3,7,2,0,-1,2,1,2,1,2,3,4
850,843,841,841,18,17,18,16,7,2,0,1,-1,2,2,2,1,2,2,4
674,667,665,665,20,19,20,21,7,2,0,1,-1,-1,-1,1,2,3,3,4
771,771,761,766,13,14,15,13,0,10,-5,-1,-1,2,0,2,2,2,2,4
600,602,600,593,21,19,20,19,-2,2,7,2,-1,1,2,1,2,1,2,4
492,492,489,489,14,14,13,13,0,3,0,0,1,0,1,3,3,2,2,4
989,984,989,986,13,14,12,13,5,-5,3,-1,2,-1,0,3,3,1,2,4
335,332,323,325,13,14,13,13,3,9,-2,-1,1,0,0,2,1,1,2,4
904,904,904,902,18,19,18,19,0,0,2,-1,1,-1,-1,1,1,1,2,4
562,553,536,543,18,17,18,18,9,17,-7,1,-1,0,0,1,1,2,3,4
747,743,738,743,17,19,18,18,4,5,-5,-2,1,0,-1,2,2,2,2,4
412,412,412,412,17,19,18,18,0,0,0,-2,1,0,-1,1,1,1,1,4
939,937,935,932,13,14,15,13,2,2,3,-1,-1,2,0,2,1,2,1,4
886,888,886,888,21,19,20,19,-2,2,-2,2,-1,1,2,3,2,1,2,4
419,414,414,412,13,14,15,13,5,0,2,-1,-1,2,0,2,2,2,3,4
1007,1007,1003,1005,17,16,18,16,0,4,-2,1,-2,2,1,3,1,1,2,4
1073,1071,1068,1068,13,14,15,13,2,3,0,-1,-1,2,0,1,2,1,1,4
656,656,653,651,13,14,12,13,0,3,2,-1,2,-1,0,3,3,2,1,4
539,524,529,527,14,14,13,13,15,-5,2,0,1,0,1,1,1,1,2,4
857,846,839,836,14,17,15,16,11,7,3,-3,2,-1,-2,3,2,3,2,4
946,944,932,932,17,16,18,16,2,12,0,1,-2,2,1,1,2,1,1,4
803,796,789,789,14,17,15,16,7,7,0,-3,2,-1,-2,2,3,2,2,4
916,916,911,914,14,17,15,16,0,5,-3,-3,2,-1,-2,2,2,2,1,4
822,820,820,817,18,17,18,16,2,0,3,1,-1,2,2,2,1,1,2,4
276,267,267,271,21,19,20,21,9,0,-4,2,-1,-1,0,1,1,1,1,4
293,300,290,295,14,14,15,16,-7,10,-5,0,-1,-1,-2,2,1,3,1,4
656,653,656,656,17,16,18,18,3,-3,0,1,-2,0,-1,1,2,1,3,4
501,496,496,501,18,19,18,19,5,0,-5,-1,1,-1,-1,1,1,1,1,4
192,1075,1078,1075,18,16,18,16,-883,-3,3,2,-2,2,2,3,2,1,2,4
960,953,946,946,13,14,15,13,7,7,0,-1,-1,2,0,3,2,1,1,4
618,618,616,616,14,14,13,13,0,2,0,0,1,0,1,1,3,2,2,4
897,886,888,893,18,19,18,19,11,-2,-5,-1,1,-1,-1,2,3,2,2,4
1057,1047,1031,1036,13,14,15,13,10,16,-5,-1,-1,2,0,2,2,3,1,4
461,466,461,461,13,14,15,13,-5,5,0,-1,-1,2,0,2,2,2,2,4
445,436,431,428,13,14,12,13,9,5,3,-1,2,-1,0,1,3,1,2,4
679,674,674,672,17,16,18,18,5,0,2,1,-2,0,-1,3,1,1,2,4
192,187,185,182,18,19,18,19,5,2,3,-1,1,-1,-1,1,1,2,1,4
217,217,215,220,14,17,15,16,0,2,-5,-3,2,-1,-2,2,2,1,3,4
377,370,374,379,13,14,12,13,7,-4,-5,-1,2,-1,0,2,3,1,1,4
243,236,229,232,14,14,15,13,7,7,-3,0,-1,2,1,1,2,1,2,4
492,489,494,482,14,14,13,13,3,-5,12,0,1,0,1,3,2,2,1,4
492,487,487,487,21,19,21,21,5,0,0,2,-2,0,0,3,1,1,1,4
459,457,452,450,13,14,12,13,2,5,2,-1,2,-1,0,3,2,2,1,4
1043,1040,1036,1036,13,14,12,13,3,4,0,-1,2,-1,0,2,1,1,1,4
433,431,426,407,13,14,15,16,2,5,19,-1,-1,-1,-3,2,3,1,1,4
808,813,787,801,18,17,18,16,-5,26,-14,1,-1,2,2,2,2,1,3,4
689,684,679,679,13,14,15,13,5,5,0,-1,-1,2,0,1,3,3,1,4
644,642,642,642,20,19,18,18,2,0,0,1,1,0,2,2,3,1,1,4
478,471,473,473,17,16,18,16,7,-2,0,1,-2,2,1,1,2,3,3,4
883,883,876,876,21,19,20,18,0,7,0,2,-1,2,3,2,2,1,1,4
332,325,323,325,13,14,15,13,7,2,-2,-1,-1,2,0,1,2,3,2,4
674,672,670,670,17,16,18,16,2,2,0,1,-2,2,1,1,2,3,1,4
440,438,438,436,13,14,15,13,2,0,2,-1,-1,2,0,1,2,2,1,4
984,979,984,989,20,19,20,18,5,-5,-5,1,-1,2,2,1,3,1,3,4
946,942,939,946,17,16,18,18,4,3,-7,1,-2,0,-1,1,3,2,1,4
586,571,562,557,18,19,18,18,15,9,5,-1,1,0,0,1,3,1,3,4
342,335,337,337,17,16,15,16,7,-2,0,1,1,-1,1,3,2,1,1,4
539,543,539,534,18,17,18,16,-4,4,5,1,-1,2,2,1,1,1,1,4
658,658,651,653,13,14,12,13,0,7,-2,-1,2,-1,0,2,2,1,2,4
757,747,750,752,17,19,18,18,10,-3,-2,-2,1,0,-1,2,2,1,2,4
665,660,665,660,13,16,15,16,5,-5,5,-3,1,-1,-3,1,3,1,1,4
731,724,726,726,13,16,15,16,7,-2,0,-3,1,-1,-3,1,2,1,1,4
529,522,520,524,18,17,18,16,7,2,-4,1,-1,2,2,1,2,1,1,4
571,567,567,567,18,19,18,18,4,0,0,-1,1,0,0,3,3,1,1,4
438,433,431,436,20,19,18,18,5,2,-5,1,1,0,2,2,2,3,1,4
1064,1064,1061,1059,13,14,15,16,0,3,2,-1,-1,-1,-3,1,1,2,1,4
325,325,325,321,21,19,21,19,0,0,4,2,-2,2,2,2,2,2,2,4
515,515,510,513,18,19,18,19,0,5,-3,-1,1,-1,-1,1,3,1,2,4
731,726,721,721,20,19,18,18,5,5,0,1,1,0,2,3,1,1,1,4
977,972,970,972,17,16,18,18,5,2,-2,1,-2,0,-1,2,2,1,2,4
1066,1068,1061,1064,17,16,18,16,-2,7,-3,1,-2,2,1,2,1,2,1,4
379,377,374,374,20,19,20,21,2,3,0,1,-1,-1,-1,1,2,1,1,4
1052,1059,1054,1054,13,14,12,13,-7,5,0,-1,2,-1,0,2,3,3,3,4
958,958,953,951,17,16,18,18,0,5,2,1,-2,0,-1,2,2,2,1,4
689,689,684,684,20,19,20,18,0,5,0,1,-1,2,2,1,1,3,1,4
897,888,883,886,14,14,15,13,9,5,-3,0,-1,2,1,2,2,2,1,4
782,782,778,775,14,17,15,16,0,4,3,-3,2,-1,-2,1,1,1,2,4
614,604,600,597,14,17,15,16,10,4,3,-3,2,-1,-2,3,3,3,2,4
806,801,817,824,21,19,20,21,5,-16,-7,2,-1,-1,0,3,3,2,1,4
939,937,932,932,17,16,18,16,2,5,0,1,-2,2,1,2,1,1,1,4
325,323,318,318,14,14,13,13,2,5,0,0,1,0,1,2,3,3,1,4
262,255,253,260,14,14,13,13,7,2,-7,0,1,0,1,3,2,1,2,4
293,286,286,286,18,17,18,16,7,0,0,1,-1,2,2,2,3,1,1,4
337,335,332,332,20,19,20,18,2,3,0,1,-1,2,2,3,2,1,1,4
417,417,414,414,13,14,12,13,0,3,0,-1,2,-1,0,1,1,2,2,4
328,318,321,323,21,19,21,21,10,-3,-2,2,-2,0,0,1,1,2,3,4
414,412,412,412,20,19,20,21,2,0,0,1,-1,-1,-1,2,3,1,3,4
824,808,806,808,14,14,13,13,16,2,-2,0,1,0,1,1,2,3,2,4
1045,1045,1040,1040,20,19,18,18,0,5,0,1,1,0,2,1,1,1,1,4
888,883,886,886,18,19,18,19,5,-3,0,-1,1,-1,-1,2,2,1,1,4
972,963,963,960,13,14,15,13,9,0,3,-1,-1,2,0,2,2,2,1,4
768,766,764,759,20,19,18,18,2,2,5,1,1,0,2,1,2,1,1,4
864,860,857,857,18,19,18,18,4,3,0,-1,1,0,0,2,2,3,1,4
632,632,628,625,17,16,15,16,0,4,3,1,1,-1,1,1,1,1,2,4
524,527,515,520,18,17,15,16,-3,12,-5,1,2,-1,2,1,2,3,1,4
848,834,836,839,18,19,18,18,14,-2,-3,-1,1,0,0,1,3,2,1,4
886,883,881,883,14,14,13,13,3,2,-2,0,1,0,1,3,2,1,2,4
393,389,389,386,13,14,15,13,4,0,3,-1,-1,2,0,3,3,3,2,4
604,593,571,597,14,14,15,13,11,22,-26,0,-1,2,1,3,2,1,2,4
672,667,670,670,20,19,18,18,5,-3,0,1,1,0,2,2,2,1,1,4
960,958,956,956,13,14,15,13,2,2,0,-1,-1,2,0,1,2,3,1,4
384,379,384,379,20,19,20,21,5,-5,5,1,-1,-1,-1,3,3,1,1,4
196,194,192,194,18,19,21,19,2,2,-2,-1,-2,2,-1,1,2,1,2,4
871,867,871,867,21,19,20,18,4,-4,4,2,-1,2,3,3,1,1,1,4
618,614,621,618,18,17,18,19,4,-7,3,1,-1,-1,-1,1,1,2,1,4
234,224,217,220,14,17,15,16,10,7,-3,-3,2,-1,-2,1,1,2,1,4
909,904,900,902,18,19,18,19,5,4,-2,-1,1,-1,-1,1,1,3,2,4
700,698,696,698,20,19,20,18,2,2,-2,1,-1,2,2,2,1,2,3,4
213,208,206,206,21,19,20,19,5,2,0,2,-1,1,2,2,2,1,1,4
656,653,651,651,20,19,20,21,3,2,0,1,-1,-1,-1,3,2,3,1,4
893,890,890,888,21,19,20,19,3,0,2,2,-1,1,2,2,3,1,2,4
1014,1012,1007,1007,13,14,12,13,2,5,0,-1,2,-1,0,2,1,1,1,4
515,503,494,496,14,14,13,13,12,9,-2,0,1,0,1,1,2,2,1,4
712,717,717,717,17,16,18,16,-5,0,0,1,-2,2,1,1,1,1,1,4
262,253,253,253,14,17,15,16,9,0,0,-3,2,-1,-2,3,1,1,1,4
496,492,492,494,14,17,15,16,4,0,-2,-3,2,-1,-2,1,1,1,2,4
1073,185,1068,1071,13,14,12,13,888,-883,-3,-1,2,-1,0,1,2,3,2,4
740,740,740,738,20,19,20,18,0,0,2,1,-1,2,2,1,3,1,2,4
853,843,839,839,21,19,20,18,10,4,0,2,-1,2,3,1,1,1,1,4
674,670,670,670,17,19,18,18,4,0,0,-2,1,0,-1,1,3,1,1,4
229,229,232,229,14,14,13,13,0,-3,3,0,1,0,1,1,3,2,3,4
897,890,888,890,21,19,20,21,7,2,-2,2,-1,-1,0,2,1,2,1,4
267,262,262,260,21,19,20,21,5,0,2,2,-1,-1,0,1,1,1,2,4
944,939,939,939,13,14,15,13,5,0,0,-1,-1,2,0,2,2,2,2,4
660,658,656,656,17,16,15,16,2,2,0,1,1,-1,1,1,2,3,1,4
1066,1064,1061,1061,17,16,15,16,2,3,0,1,1,-1,1,2,3,2,2,4
290,281,283,281,14,17,15,16,9,-2,2,-3,2,-1,-2,3,1,2,3,4
510,513,506,503,18,17,18,16,-3,7,3,1,-1,2,2,1,2,1,2,4
886,881,881,881,14,17,15,16,5,0,0,-3,2,-1,-2,3,1,1,1,4
1068,1071,1068,1068,13,14,15,16,-3,3,0,-1,-1,-1,-3,1,2,1,1,4
489,487,487,487,18,19,18,19,2,0,0,-1,1,-1,-1,2,1,1,1,4
764,759,747,750,13,14,12,13,5,12,-3,-1,2,-1,0,3,1,2,1,4
953,949,951,951,20,19,18,18,4,-2,0,1,1,0,2,2,2,1,1,4
815,808,801,801,18,17,18,16,7,7,0,1,-1,2,2,3,2,1,1,4
290,288,283,288,14,17,15,16,2,5,-5,-3,2,-1,-2,3,2,2,2,4
705,698,693,691,13,14,12,13,7,5,2,-1,2,-1,0,2,1,1,2,4
1026,1019,1010,1007,20,19,18,18,7,9,3,1,1,0,2,3,2,2,3,4
295,281,274,278,14,17,15,16,14,7,-4,-3,2,-1,-2,3,1,2,2,4
529,522,524,524,21,19,20,21,7,-2,0,2,-1,-1,0,1,2,1,3,4
625,628,623,625,18,19,21,19,-3,5,-2,-1,-2,2,-1,2,1,1,2,4
489,487,482,487,18,17,18,16,2,5,-5,1,-1,2,2,2,3,1,1,4
911,897,895,897,14,14,13,13,14,2,-2,0,1,0,1,2,2,1,2,4
958,951,986,953,20,19,20,18,7,-35,33,1,-1,2,2,2,3,2,2,4
227,232,227,227,18,19,18,19,-5,5,0,-1,1,-1,-1,2,2,2,2,4
923,921,914,918,14,14,15,13,2,7,-4,0,-1,2,1,1,2,1,1,4
752,747,750,750,13,14,15,16,5,-3,0,-1,-1,-1,-3,2,2,3,1,4
271,271,271,271,21,19,20,21,0,0,0,2,-1,-1,0,1,1,1,1,4
712,717,707,707,20,19,20,21,-5,10,0,1,-1,-1,-1,1,1,1,1,4
281,278,276,276,21,19,20,21,3,2,0,2,-1,-1,0,1,2,1,1,4
318,316,311,314,14,14,13,13,2,5,-3,0,1,0,1,1,2,2,3,4
815,806,801,792,18,17,15,16,9,5,9,1,2,-1,2,1,1,1,3,4
475,473,464,468,13,14,12,13,2,9,-4,-1,2,-1,0,2,3,1,1,4
438,436,436,436,20,19,20,21,2,0,0,1,-1,-1,-1,2,1,1,1,4
764,764,761,761,13,14,15,13,0,3,0,-1,-1,2,0,1,3,2,2,4
182,1078,1078,1078,21,19,20,21,-896,0,0,2,-1,-1,0,1,1,1,1,4
916,914,914,911,18,19,18,19,2,0,3,-1,1,-1,-1,2,1,1,2,4
393,391,389,389,13,16,15,16,2,2,0,-3,1,-1,-3,3,2,3,1,4
600,593,595,597,18,17,18,19,7,-2,-2,1,-1,-1,-1,3,2,1,2,4
262,262,257,257,14,17,15,16,0,5,0,-3,2,-1,-2,3,3,1,1,4
407,410,403,407,17,16,18,16,-3,7,-4,1,-2,2,1,1,2,1,3,4
262,255,253,257,18,19,18,16,7,2,-4,-1,1,2,2,3,2,1,1,4
611,600,597,604,18,17,15,16,11,3,-7,1,2,-1,2,2,3,2,1,4
871,862,862,853,21,19,20,18,9,0,9,2,-1,2,3,3,3,1,1,4
724,717,712,707,17,16,18,18,7,5,5,1,-2,0,-1,2,3,1,1,4
309,281,283,286,14,14,15,13,28,-2,-3,0,-1,2,1,1,1,2,1,4
625,621,623,623,18,19,18,19,4,-2,0,-1,1,-1,-1,2,2,1,1,4
436,428,426,431,20,19,18,18,8,2,-5,1,1,0,2,1,2,1,1,4
351,346,351,356,13,16,15,16,5,-5,-5,-3,1,-1,-3,3,1,1,3,4
454,450,445,452,13,14,15,13,4,5,-7,-1,-1,2,0,1,3,1,2,4
1073,1064,1066,1066,13,14,15,13,9,-2,0,-1,-1,2,0,3,3,2,2,4
365,363,363,363,20,19,20,21,2,0,0,1,-1,-1,-1,3,2,2,2,4
618,611,609,609,18,17,18,19,7,2,0,1,-1,-1,-1,1,2,1,1,4
520,520,510,515,14,14,13,13,0,10,-5,0,1,0,1,1,3,1,1,4
970,967,967,965,13,14,15,13,3,0,2,-1,-1,2,0,1,2,2,1,4
506,496,494,494,14,14,13,13,10,2,0,0,1,0,1,3,3,2,2,4
1059,1054,1054,1052,20,19,20,18,5,0,2,1,-1,2,2,1,3,1,2,4
935,925,923,925,13,14,13,13,10,2,-2,-1,1,0,0,2,2,1,2,4
569,569,564,564,14,14,15,13,0,5,0,0,-1,2,1,2,2,2,2,4
658,656,656,658,13,14,12,13,2,0,-2,-1,2,-1,0,2,1,1,2,4
923,921,923,918,14,17,15,16,2,-2,5,-3,2,-1,-2,1,2,1,1,4
293,278,267,267,14,14,13,13,15,11,0,0,1,0,1,2,2,3,1,4
789,773,766,773,14,14,12,13,16,7,-7,0,2,-1,1,2,3,2,3,4
517,506,506,506,18,19,20,19,11,0,0,-1,-1,1,-1,2,1,1,1,4
571,562,567,569,18,19,18,18,9,-5,-2,-1,1,0,0,1,1,1,2,4
374,374,370,370,17,19,18,18,0,4,0,-2,1,0,-1,1,3,1,1,4
250,243,243,241,18,19,18,18,7,0,2,-1,1,0,0,2,1,1,2,4
731,728,721,721,20,19,20,18,3,7,0,1,-1,2,2,1,2,1,1,4
998,993,993,998,17,19,18,18,5,0,-5,-2,1,0,-1,1,1,3,3,4
267,262,257,260,14,14,13,13,5,5,-3,0,1,0,1,1,1,1,2,4
707,698,700,703,20,19,18,18,9,-2,-3,1,1,0,2,1,1,2,1,4
374,382,379,377,13,14,12,13,-8,3,2,-1,2,-1,0,1,2,3,2,4
663,660,653,653,20,19,18,18,3,7,0,1,1,0,2,2,1,2,2,4
876,876,874,871,14,14,15,13,0,2,3,0,-1,2,1,3,1,2,1,4
1064,1061,1052,1050,20,19,20,18,3,9,2,1,-1,2,2,1,2,2,1,4
267,262,253,257,21,19,20,21,5,9,-4,2,-1,-1,0,1,1,1,1,4
773,778,773,768,20,19,20,18,-5,5,5,1,-1,2,2,1,1,3,1,4
857,860,853,850,18,19,18,18,-3,7,3,-1,1,0,0,3,2,1,2,4
600,590,586,583,14,17,15,16,10,4,3,-3,2,-1,-2,1,1,3,2,4
998,993,989,986,20,19,20,21,5,4,3,1,-1,-1,-1,1,3,1,2,4
886,881,881,878,21,19,20,21,5,0,3,2,-1,-1,0,1,1,1,2,4
398,398,398,398,20,19,20,18,0,0,0,1,-1,2,2,1,1,1,1,4
267,262,257,257,21,19,20,21,5,5,0,2,-1,-1,0,1,3,1,1,4
918,909,909,909,21,19,21,19,9,0,0,2,-2,2,2,1,1,1,3,4
360,356,346,351,20,19,20,18,4,10,-5,1,-1,2,2,1,1,1,1,4
946,944,942,942,13,14,12,13,2,2,0,-1,2,-1,0,1,2,1,1,4
789,789,789,792,21,19,21,21,0,0,-3,2,-2,0,0,2,2,2,1,4
824,820,820,820,21,19,20,21,4,0,0,2,-1,-1,0,3,1,1,1,4
508,506,506,503,18,17,18,16,2,0,3,1,-1,2,2,2,1,1,2,4
445,440,440,440,20,19,20,18,5,0,0,1,-1,2,2,1,3,1,1,4
1068,1068,1014,1064,13,14,12,13,0,54,-50,-1,2,-1,0,1,1,2,1,4
721,717,717,717,13,16,15,16,4,0,0,-3,1,-1,-3,1,1,3,1,4
196,192,192,187,14,14,15,13,4,0,5,0,-1,2,1,1,3,1,1,4
217,215,213,210,18,19,18,19,2,2,3,-1,1,-1,-1,2,1,2,1,4
1017,1014,1010,1005,13,16,15,16,3,4,5,-3,1,-1,-3,1,2,2,2,4
548,543,543,539,18,17,18,16,5,0,4,1,-1,2,2,3,1,3,1,4
210,208,206,206,21,19,20,21,2,2,0,2,-1,-1,0,1,2,1,1,4
187,1078,1078,1073,18,19,18,18,-891,0,5,-1,1,0,0,1,1,1,1,4
431,426,426,426,13,14,12,13,5,0,0,-1,2,-1,0,1,1,1,1,4
182,1075,1075,1078,14,14,15,13,-893,0,-3,0,-1,2,1,1,2,2,1,4
562,560,553,553,21,19,20,21,2,7,0,2,-1,-1,0,3,2,1,1,4
417,412,407,407,13,14,12,13,5,5,0,-1,2,-1,0,1,1,1,3,4
307,300,295,295,14,14,15,13,7,5,0,0,-1,2,1,2,3,1,1,4
553,548,548,548,18,17,18,16,5,0,0,1,-1,2,2,1,3,1,3,4
925,923,923,923,18,19,18,19,2,0,0,-1,1,-1,-1,2,3,3,1,4
213,203,208,201,18,17,18,16,10,-5,7,1,-1,2,2,2,2,2,1,4
967,963,958,958,13,14,15,13,4,5,0,-1,-1,2,0,2,2,2,2,4
243,232,224,232,14,17,15,16,11,8,-8,-3,2,-1,-2,3,2,1,2,4
1073,1068,1071,1068,17,16,15,16,5,-3,3,1,1,-1,1,3,1,2,1,4
928,923,923,923,18,17,18,19,5,0,0,1,-1,-1,-1,1,1,1,1,4
365,367,367,370,20,19,18,18,-2,0,-3,1,1,0,2,1,2,2,1,4
520,522,487,522,14,17,15,16,-2,35,-35,-3,2,-1,-2,3,2,3,2,4
590,581,581,581,18,19,18,19,9,0,0,-1,1,-1,-1,1,1,1,1,4
344,339,328,328,13,14,13,13,5,11,0,-1,1,0,0,2,2,1,1,4
459,459,454,457,13,14,15,13,0,5,-3,-1,-1,2,0,1,3,3,2,4
1061,1059,1059,1054,20,19,20,21,2,0,5,1,-1,-1,-1,2,1,3,1,4
759,759,757,757,17,16,18,18,0,2,0,1,-2,0,-1,3,3,2,2,4
918,883,886,900,14,17,15,16,35,-3,-14,-3,2,-1,-2,3,2,1,3,4
295,295,295,295,18,19,18,19,0,0,0,-1,1,-1,-1,3,3,1,1,4
562,555,562,560,14,19,15,16,7,-7,2,-5,4,-1,-2,1,2,1,2,4
424,426,421,421,20,19,20,21,-2,5,0,1,-1,-1,-1,2,1,1,1,4
553,553,543,543,14,14,13,13,0,10,0,0,1,0,1,1,1,1,1,4
888,888,888,893,18,19,18,19,0,0,-5,-1,1,-1,-1,2,2,2,2,4
1043,1033,1026,1031,17,16,15,16,10,7,-5,1,1,-1,1,2,2,1,1,4
817,808,810,810,18,17,18,16,9,-2,0,1,-1,2,2,2,2,3,1,4
220,220,215,220,14,14,15,16,0,5,-5,0,-1,-1,-2,1,3,1,1,4
639,637,635,637,13,14,15,13,2,2,-2,-1,-1,2,0,2,1,2,1,4
766,752,745,752,13,14,12,13,14,7,-7,-1,2,-1,0,2,2,1,2,4
635,635,632,635,17,16,15,16,0,3,-3,1,1,-1,1,2,2,1,2,4
1003,1005,1000,1003,17,19,15,16,-2,5,-3,-2,4,-1,1,1,2,2,1,4
958,958,951,953,13,14,12,13,0,7,-2,-1,2,-1,0,2,2,1,2,4
384,374,374,374,20,19,20,21,10,0,0,1,-1,-1,-1,1,1,1,1,4
304,300,297,297,18,17,18,16,4,3,0,1,-1,2,2,3,1,2,2,4
274,267,264,264,21,19,20,18,7,3,0,2,-1,2,3,2,1,2,2,4
482,464,466,464,14,14,12,13,18,-2,2,0,2,-1,1,1,1,2,1,4
501,496,496,501,14,17,15,16,5,0,-5,-3,2,-1,-2,1,1,1,1,4
1036,1036,1033,1031,17,16,18,18,0,3,2,1,-2,0,-1,1,1,2,1,4
932,937,932,925,13,14,15,13,-5,5,7,-1,-1,2,0,1,1,1,2,4
267,257,250,255,14,17,15,16,10,7,-5,-3,2,-1,-2,1,3,2,2,4
499,487,482,482,14,14,15,13,12,5,0,0,-1,2,1,2,3,1,1,4
304,304,300,300,18,17,18,16,0,4,0,1,-1,2,2,1,3,3,1,4
618,616,609,614,18,17,18,19,2,7,-5,1,-1,-1,-1,1,2,3,1,4
274,276,271,269,18,19,18,18,-2,5,2,-1,1,0,0,2,1,1,2,4
560,543,546,548,21,19,20,21,17,-3,-2,2,-1,-1,0,2,3,2,1,4
684,684,684,684,13,14,15,16,0,0,0,-1,-1,-1,-3,1,1,1,1,4
328,323,325,321,18,17,18,19,5,-2,4,1,-1,-1,-1,1,3,2,2,4
534,527,515,515,18,17,18,16,7,12,0,1,-1,2,2,1,2,3,1,4
733,731,731,736,13,16,15,16,2,0,-5,-3,1,-1,-3,2,1,1,3,4
853,853,850,850,21,19,20,18,0,3,0,2,-1,2,3,1,3,2,2,4
398,396,393,393,20,19,18,18,2,3,0,1,1,0,2,1,2,1,1,4
365,360,358,363,17,16,18,18,5,2,-5,1,-2,0,-1,1,1,2,2,4
806,801,801,801,18,17,15,16,5,0,0,1,2,-1,2,1,1,1,3,4
801,796,796,799,14,14,13,13,5,0,-3,0,1,0,1,1,3,3,2,4
421,410,407,410,20,19,18,18,11,3,-3,1,1,0,2,3,2,1,2,4
602,597,593,595,14,14,15,16,5,4,-2,0,-1,-1,-2,2,2,2,3,4
1036,1031,1028,1026,17,16,18,16,5,3,2,1,-2,2,1,3,1,2,1,4
951,944,946,944,13,14,15,13,7,-2,2,-1,-1,2,0,3,2,1,2,4
339,339,337,337,20,19,20,21,0,2,0,1,-1,-1,-1,2,2,1,1,4
1047,1043,1045,1045,20,19,20,18,4,-2,0,1,-1,2,2,2,2,1,1,4
365,360,363,360,20,19,20,18,5,-3,3,1,-1,2,2,3,1,2,1,4
531,529,527,529,21,19,20,19,2,2,-2,2,-1,1,2,2,3,2,1,4
991,989,986,989,13,14,12,13,2,3,-3,-1,2,-1,0,2,1,2,1,4
862,864,853,855,14,17,15,16,-2,11,-2,-3,2,-1,-2,3,2,1,2,4
921,921,918,914,14,14,15,13,0,3,4,0,-1,2,1,2,2,1,3,4
979,972,972,970,13,14,15,13,7,0,2,-1,-1,2,0,1,2,2,1,4
705,698,696,696,17,16,18,18,7,2,0,1,-2,0,-1,2,3,2,2,4
625,546,539,541,18,19,18,18,79,7,-2,-1,1,0,0,2,2,3,2,4
429,424,426,426,17,16,18,18,5,-2,0,1,-2,0,-1,2,2,1,1,4
182,1073,1073,1073,14,14,12,13,-891,0,0,0,2,-1,1,1,1,1,1,4
590,586,581,576,18,19,18,18,4,5,5,-1,1,0,0,1,3,1,1,4
904,895,895,893,18,17,18,16,9,0,2,1,-1,2,2,1,1,3,2,4
248,246,239,241,14,14,15,13,2,7,-2,0,-1,2,1,1,2,1,2,4
914,909,895,897,14,17,15,16,5,14,-2,-3,2,-1,-2,3,1,1,2,4
1031,1036,1026,1021,20,19,20,21,-5,10,5,1,-1,-1,-1,3,1,1,1,4
243,241,241,241,18,17,18,18,2,0,0,1,-1,0,0,3,2,2,2,4
993,986,989,989,20,19,20,18,7,-3,0,1,-1,2,2,3,2,1,1,4
459,450,450,454,17,16,15,16,9,0,-4,1,1,-1,1,1,1,1,1,4
436,428,426,424,13,16,15,16,8,2,2,-3,1,-1,-3,1,2,1,2,4
925,918,923,918,14,17,15,16,7,-5,5,-3,2,-1,-2,2,3,1,1,4
714,714,717,712,20,19,20,18,0,-3,5,1,-1,2,2,2,2,1,1,4
721,719,717,717,17,16,18,18,2,2,0,1,-2,0,-1,3,2,3,1,4
843,841,839,839,21,19,20,18,2,2,0,2,-1,2,3,1,2,1,1,4
846,841,839,836,18,19,18,18,5,2,3,-1,1,0,0,2,2,3,2,4
593,590,593,593,14,14,15,16,3,-3,0,0,-1,-1,-2,2,1,2,2,4
529,529,527,529,18,19,18,19,0,2,-2,-1,1,-1,-1,1,1,2,1,4
733,731,728,726,17,16,18,18,2,3,2,1,-2,0,-1,2,1,2,1,4
534,532,529,532,21,19,20,21,2,3,-3,2,-1,-1,0,1,2,1,2,4
604,600,595,595,14,17,15,16,4,5,0,-3,2,-1,-2,1,3,1,1,4
764,754,754,754,20,19,18,18,10,0,0,1,1,0,2,1,3,1,1,4
646,646,644,646,17,16,15,16,0,2,-2,1,1,-1,1,1,1,2,1,4
396,389,386,389,13,16,15,16,7,3,-3,-3,1,-1,-3,2,1,2,1,4
412,412,410,407,17,16,15,16,0,2,3,1,1,-1,1,1,3,2,1,4
496,499,492,494,14,14,15,13,-3,7,-2,0,-1,2,1,1,2,1,2,4
681,677,677,679,17,16,15,16,4,0,-2,1,1,-1,1,2,2,2,1,4
871,867,860,860,14,17,15,16,4,7,0,-3,2,-1,-2,3,3,2,2,4
482,466,459,459,21,19,20,21,16,7,0,2,-1,-1,0,1,2,1,1,4
888,886,876,878,18,19,18,19,2,10,-2,-1,1,-1,-1,2,1,1,2,4
653,644,639,639,13,14,15,13,9,5,0,-1,-1,2,0,2,2,2,2,4
946,942,937,942,17,16,18,18,4,5,-5,1,-2,0,-1,1,1,1,1,4
946,942,937,939,13,14,12,13,4,5,-2,-1,2,-1,0,1,1,1,2,4
918,914,918,918,21,19,21,21,4,-4,0,2,-2,0,0,1,1,1,3,4
300,297,295,290,14,17,15,16,3,2,5,-3,2,-1,-2,1,2,3,1,4
215,213,206,206,18,17,18,16,2,7,0,1,-1,2,2,3,2,3,1,4
234,229,227,229,18,17,18,19,5,2,-2,1,-1,-1,-1,3,1,2,3,4
295,290,290,293,14,17,15,16,5,0,-3,-3,2,-1,-2,1,3,1,2,4
581,571,576,574,14,14,13,13,10,-5,2,0,1,0,1,1,3,1,2,4
555,553,550,548,14,17,15,16,2,3,2,-3,2,-1,-2,2,1,2,1,4
431,426,426,431,17,19,18,18,5,0,-5,-2,1,0,-1,1,1,1,1,4
468,466,459,461,20,19,18,18,2,7,-2,1,1,0,2,1,2,3,2,4
674,665,663,665,17,16,18,18,9,2,-2,1,-2,0,-1,1,1,2,1,4
618,614,614,618,14,14,13,13,4,0,-4,0,1,0,1,1,3,1,1,4
567,562,557,557,21,19,20,18,5,5,0,2,-1,2,3,3,1,1,1,4
782,782,778,778,21,19,20,18,0,4,0,2,-1,2,3,1,1,1,1,4
262,257,257,257,18,17,18,16,5,0,0,1,-1,2,2,3,1,1,1,4
389,386,384,384,17,16,15,16,3,2,0,1,1,-1,1,1,2,1,1,4
1059,1054,1052,1050,13,16,15,16,5,2,2,-3,1,-1,-3,1,1,2,1,4
393,393,389,391,13,14,12,13,0,4,-2,-1,2,-1,0,1,1,1,2,4
304,302,297,297,14,14,15,13,2,5,0,0,-1,2,1,1,2,2,2,4
255,255,257,260,14,14,15,13,0,-2,-3,0,-1,2,1,2,2,3,2,4
360,360,363,356,13,14,12,13,0,-3,7,-1,2,-1,0,1,3,2,3,4
1052,1047,1036,1036,13,14,15,13,5,11,0,-1,-1,2,0,2,2,3,1,4
431,426,426,426,17,16,18,18,5,0,0,1,-2,0,-1,3,1,1,1,4
499,492,489,489,14,14,15,13,7,3,0,0,-1,2,1,2,3,2,2,4
349,346,342,342,13,14,12,13,3,4,0,-1,2,-1,0,2,3,1,1,4
810,810,808,808,14,14,13,13,0,2,0,0,1,0,1,3,3,2,2,4
942,935,937,942,13,14,15,13,7,-2,-5,-1,-1,2,0,1,2,1,3,4
974,970,967,965,20,19,20,21,4,3,2,1,-1,-1,-1,1,1,2,3,4
900,888,886,886,14,14,15,13,12,2,0,0,-1,2,1,1,2,1,3,4
367,365,363,365,20,19,20,21,2,2,-2,1,-1,-1,-1,2,1,2,1,4
1021,1012,1000,1003,13,14,15,13,9,12,-3,-1,-1,2,0,1,3,2,1,4
989,982,982,979,20,19,20,21,7,0,3,1,-1,-1,-1,1,2,2,1,4
796,796,789,789,14,14,13,13,0,7,0,0,1,0,1,1,3,2,2,4
874,864,862,862,21,19,20,18,10,2,0,2,-1,2,3,2,2,1,3,4
724,717,714,721,13,14,15,13,7,3,-7,-1,-1,2,0,2,1,2,1,4
379,374,374,374,20,19,18,18,5,0,0,1,1,0,2,3,1,3,1,4
1038,1031,1036,1047,13,14,15,16,7,-5,-11,-1,-1,-1,-3,2,1,3,2,4
196,199,196,194,14,17,15,16,-3,3,2,-3,2,-1,-2,1,2,1,2,4
365,360,363,363,20,19,20,18,5,-3,0,1,-1,2,2,1,3,2,2,4
466,466,464,464,20,19,20,18,0,2,0,1,-1,2,2,2,2,3,1,4
855,848,843,843,18,17,18,18,7,5,0,1,-1,0,0,2,3,1,1,4
719,712,710,712,13,14,12,13,7,2,-2,-1,2,-1,0,2,3,2,3,4
342,346,332,337,17,16,15,16,-4,14,-5,1,1,-1,1,3,3,1,1,4
881,874,871,874,14,17,15,16,7,3,-3,-3,2,-1,-2,1,2,3,2,4
773,773,768,768,17,16,18,18,0,5,0,1,-2,0,-1,3,3,1,1,4
597,595,595,593,21,19,20,19,2,0,2,2,-1,1,2,2,1,1,2,4
253,250,250,250,21,19,20,21,3,0,0,2,-1,-1,0,1,2,2,2,4
187,185,185,185,14,14,13,13,2,0,0,0,1,0,1,1,2,2,2,4
902,893,895,890,21,19,20,21,9,-2,5,2,-1,-1,0,2,2,1,1,4
510,508,506,506,18,19,18,19,2,2,0,-1,1,-1,-1,3,2,1,1,4
848,839,834,832,18,19,20,19,9,5,2,-1,-1,1,-1,3,3,1,2,4
346,342,339,342,13,14,12,13,4,3,-3,-1,2,-1,0,1,3,2,3,4
583,574,574,574,14,14,15,13,9,0,0,0,-1,2,1,2,2,2,2,4
473,471,468,466,13,16,15,16,2,3,2,-3,1,-1,-3,1,2,1,2,4
635,632,625,628,20,19,21,21,3,7,-3,1,-2,0,-1,2,1,2,1,4
206,192,194,196,21,19,21,19,14,-2,-2,2,-2,2,2,1,3,2,1,4
989,982,986,984,20,19,18,18,7,-4,2,1,1,0,2,1,2,2,1,4
1000,998,998,993,20,19,20,18,2,0,5,1,-1,2,2,2,1,1,1,4
267,267,267,262,21,19,20,18,0,0,5,2,-1,2,3,3,3,3,1,4
651,649,651,656,20,19,18,18,2,-2,-5,1,1,0,2,1,2,3,1,4
1064,1059,1057,1054,13,14,12,13,5,2,3,-1,2,-1,0,3,3,2,1,4
522,513,501,499,14,14,13,13,9,12,2,0,1,0,1,2,2,3,2,4
571,569,567,564,21,19,20,21,2,2,3,2,-1,-1,0,1,2,1,2,4
213,208,208,206,18,17,18,19,5,0,2,1,-1,-1,-1,2,2,2,3,4
379,372,363,363,13,14,12,13,7,9,0,-1,2,-1,0,1,2,2,2,4
928,921,918,925,14,14,15,13,7,3,-7,0,-1,2,1,1,2,1,2,4
429,428,428,426,20,19,18,18,1,0,2,1,1,0,2,2,2,2,1,4
960,958,196,958,20,19,23,18,2,762,-762,1,-4,5,2,1,2,1,2,4
1045,1047,1038,1043,13,16,15,16,-2,9,-5,-3,1,-1,-3,1,2,2,2,4
297,286,286,278,18,17,18,19,11,0,8,1,-1,-1,-1,2,1,1,2,4
660,656,653,653,13,14,15,13,4,3,0,-1,-1,2,0,1,3,2,2,4
229,224,222,222,18,19,18,19,5,2,0,-1,1,-1,-1,1,1,2,2,4
243,234,229,227,14,17,15,16,9,5,2,-3,2,-1,-2,1,3,1,2,4
349,344,344,346,17,16,18,16,5,0,-2,1,-2,2,1,2,2,2,1,4
656,653,649,653,13,14,15,16,3,4,-4,-1,-1,-1,-3,3,2,2,2,4
222,220,217,215,18,19,18,19,2,3,2,-1,1,-1,-1,2,1,2,1,4
300,297,293,290,14,17,15,16,3,4,3,-3,2,-1,-2,1,2,2,1,4
614,607,609,614,21,19,21,21,7,-2,-5,2,-2,0,0,1,2,1,3,4
902,890,888,883,14,14,13,13,12,2,5,0,1,0,1,2,1,2,2,4
325,318,314,321,14,17,15,16,7,4,-7,-3,2,-1,-2,2,1,1,2,4
928,928,925,923,18,19,18,19,0,3,2,-1,1,-1,-1,1,1,2,1,4
757,757,752,752,13,14,15,13,0,5,0,-1,-1,2,0,2,2,2,2,4
897,890,888,890,14,14,15,13,7,2,-2,0,-1,2,1,2,3,2,3,4
651,651,646,646,20,19,20,18,0,5,0,1,-1,2,2,1,3,1,1,4
452,445,445,447,20,19,20,21,7,0,-2,1,-1,-1,-1,2,1,3,2,4
1057,1052,1045,1050,13,14,15,13,5,7,-5,-1,-1,2,0,2,2,1,1,4
307,304,293,295,14,17,15,16,3,11,-2,-3,2,-1,-2,2,1,2,1,4
503,501,496,496,14,14,15,13,2,5,0,0,-1,2,1,2,3,1,3,4
923,923,914,923,18,17,18,16,0,9,-9,1,-1,2,2,1,3,1,3,4
307,304,304,300,18,19,18,19,3,0,4,-1,1,-1,-1,2,1,1,1,4
1073,1068,1066,1068,17,16,18,18,5,2,-2,1,-2,0,-1,3,1,2,1,4
562,557,562,560,21,19,20,21,5,-5,2,2,-1,-1,0,3,3,1,2,4
243,239,239,236,18,19,18,18,4,0,3,-1,1,0,0,1,1,1,2,4
600,602,597,595,14,14,15,16,-2,5,2,0,-1,-1,-2,1,2,2,1,4
318,311,314,314,14,14,13,13,7,-3,0,0,1,0,1,1,2,1,1,4
625,618,618,614,18,19,21,19,7,0,4,-1,-2,2,-1,2,1,3,3,4
651,642,653,651,20,19,18,18,9,-11,2,1,1,0,2,1,3,2,1,4
614,607,604,600,14,14,15,13,7,3,4,0,-1,2,1,1,2,3,1,4
871,864,860,862,14,17,15,16,7,4,-2,-3,2,-1,-2,3,2,2,1,4
571,560,553,557,14,14,15,13,11,7,-4,0,-1,2,1,1,2,1,3,4
970,963,958,963,13,14,12,13,7,5,-5,-1,2,-1,0,1,2,2,2,4
412,410,407,407,13,14,15,13,2,3,0,-1,-1,2,0,3,2,1,1,4
696,693,693,689,17,16,15,16,3,0,4,1,1,-1,1,2,1,1,1,4
520,517,520,524,14,14,15,13,3,-3,-4,0,-1,2,1,3,2,1,3,4
857,855,853,853,14,14,15,16,2,2,0,0,-1,-1,-2,3,2,1,1,4
942,937,937,937,20,19,20,21,5,0,0,1,-1,-1,-1,3,1,1,1,4
1010,1003,1005,1012,13,14,15,13,7,-2,-7,-1,-1,2,0,2,3,2,1,4
522,520,513,517,18,17,18,16,2,7,-4,1,-1,2,2,2,3,2,2,4
468,466,459,464,17,16,15,16,2,7,-5,1,1,-1,1,1,2,1,1,4
923,921,918,918,21,19,21,19,2,3,0,2,-2,2,2,1,2,1,1,4
1026,1021,1021,1019,20,19,20,21,5,0,2,1,-1,-1,-1,3,1,1,2,4
717,712,710,710,13,14,15,13,5,2,0,-1,-1,2,0,3,1,2,2,4
360,358,356,356,13,14,15,13,2,2,0,-1,-1,2,0,1,2,1,1,4
311,307,309,307,14,17,15,16,4,-2,2,-3,2,-1,-2,2,2,1,2,4
703,696,693,689,13,14,12,13,7,3,4,-1,2,-1,0,3,2,3,1,4
520,515,510,510,14,17,15,16,5,5,0,-3,2,-1,-2,1,3,1,3,4
951,944,946,942,13,14,15,13,7,-2,4,-1,-1,2,0,3,2,1,1,4
757,747,747,747,13,14,12,13,10,0,0,-1,2,-1,0,2,2,2,2,4
895,890,890,886,21,19,20,21,5,0,4,2,-1,-1,0,1,3,1,1,4
304,297,288,290,14,17,15,16,7,9,-2,-3,2,-1,-2,1,2,2,3,4
667,665,665,670,17,16,18,18,2,0,-5,1,-2,0,-1,2,1,1,1,4
951,946,942,942,17,16,15,16,5,4,0,1,1,-1,1,3,1,1,1,4
916,916,916,916,18,19,18,19,0,0,0,-1,1,-1,-1,2,2,2,2,4
487,489,485,482,14,14,13,13,-2,4,3,0,1,0,1,3,2,2,1,4
344,342,342,342,20,19,18,18,2,0,0,1,1,0,2,2,3,1,1,4
928,916,918,916,14,14,15,13,12,-2,2,0,-1,2,1,1,2,3,2,4
853,850,848,846,14,14,13,13,3,2,2,0,1,0,1,3,2,1,2,4
979,977,972,974,20,19,18,18,2,5,-2,1,1,0,2,1,2,2,1,4
1019,1012,1014,1017,17,16,15,16,7,-2,-3,1,1,-1,1,2,3,2,1,4
963,958,960,956,13,14,12,13,5,-2,4,-1,2,-1,0,2,2,3,1,4
996,993,996,996,13,14,12,13,3,-3,0,-1,2,-1,0,2,3,2,2,4
904,900,900,900,18,17,18,16,4,0,0,1,-1,2,2,3,1,3,1,4
869,862,853,855,14,17,15,16,7,9,-2,-3,2,-1,-2,2,3,3,2,4
960,960,960,960,13,16,15,16,0,0,0,-3,1,-1,-3,1,1,1,1,4
515,506,501,496,18,17,18,19,9,5,5,1,-1,-1,-1,1,1,3,1,4
381,377,377,370,20,19,20,18,4,0,7,1,-1,2,2,2,2,2,1,4
1007,998,1000,1000,17,16,18,18,9,-2,0,1,-2,0,-1,1,1,2,2,4
1000,1000,998,998,17,16,15,16,0,2,0,1,1,-1,1,2,2,3,1,4
909,902,900,900,18,17,18,16,7,2,0,1,-1,2,2,3,2,3,1,4
721,717,719,712,13,16,15,16,4,-2,7,-3,1,-1,-3,3,3,2,1,4
951,953,956,958,17,19,18,18,-2,-3,-2,-2,1,0,-1,3,2,1,2,4
224,213,206,206,21,19,20,19,11,7,0,2,-1,1,2,1,2,1,1,4
281,269,267,271,14,17,15,16,12,2,-4,-3,2,-1,-2,1,2,3,3,4
700,700,698,698,17,16,18,18,0,2,0,1,-2,0,-1,2,2,1,1,4
623,618,616,616,14,14,15,16,5,2,0,0,-1,-1,-2,1,3,2,2,4
450,450,445,445,13,14,12,13,0,5,0,-1,2,-1,0,1,3,3,1,4
379,374,374,379,13,14,15,16,5,0,-5,-1,-1,-1,-3,1,3,1,1,4
196,192,187,189,21,19,21,19,4,5,-2,2,-2,2,2,3,1,1,2,4
979,970,967,967,17,16,18,16,9,3,0,1,-2,2,1,3,1,2,2,4
1059,1045,1040,1040,13,14,12,13,14,5,0,-1,2,-1,0,3,3,1,1,4
492,487,485,487,18,17,18,19,5,2,-2,1,-1,-1,-1,3,3,2,1,4
452,452,443,450,20,19,20,21,0,9,-7,1,-1,-1,-1,2,2,2,1,4
527,520,515,522,14,17,15,16,7,5,-7,-3,2,-1,-2,2,1,1,2,4
534,527,529,524,14,17,15,16,7,-2,5,-3,2,-1,-2,1,2,3,1,4
410,405,396,393,13,14,15,13,5,9,3,-1,-1,2,0,2,2,2,1,4
192,182,1075,1075,14,14,13,13,10,-893,0,0,1,0,1,3,1,2,2,4
696,689,689,689,20,19,18,18,7,0,0,1,1,0,2,2,1,1,1,4
989,986,979,979,20,19,20,18,3,7,0,1,-1,2,2,1,2,3,1,4
407,403,412,412,20,19,20,21,4,-9,0,1,-1,-1,-1,1,1,3,3,4
503,501,494,492,18,19,18,19,2,7,2,-1,1,-1,-1,2,1,2,3,4
550,543,539,539,18,17,18,16,7,4,0,1,-1,2,2,2,1,3,3,4
269,264,260,262,18,19,18,18,5,4,-2,-1,1,0,0,2,2,2,1,4
623,618,616,618,18,19,18,19,5,2,-2,-1,1,-1,-1,1,1,2,1,4
960,958,956,953,13,14,15,13,2,2,3,-1,-1,2,0,1,2,1,2,4
576,564,555,560,14,14,15,13,12,9,-5,0,-1,2,1,3,2,2,2,4
396,393,393,393,17,19,18,18,3,0,0,-2,1,0,-1,2,1,1,1,4
1007,1003,1003,1003,17,16,18,16,4,0,0,1,-2,2,1,3,1,1,1,4
1068,1061,1057,1057,13,14,15,13,7,4,0,-1,-1,2,0,3,2,2,2,4
897,895,890,890,14,14,13,13,2,5,0,0,1,0,1,2,3,1,1,4
215,213,215,210,21,19,20,21,2,-2,5,2,-1,-1,0,3,2,1,1,4
506,499,494,496,18,19,18,19,7,5,-2,-1,1,-1,-1,1,2,2,1,4
806,801,801,801,18,17,18,16,5,0,0,1,-1,2,2,1,1,1,1,4
389,384,382,384,17,16,18,18,5,2,-2,1,-2,0,-1,1,1,2,1,4
869,857,862,860,14,14,13,13,12,-5,2,0,1,0,1,2,1,1,2,4
909,904,897,890,14,14,15,13,5,7,7,0,-1,2,1,1,3,2,1,4
548,536,534,536,18,19,18,18,12,2,-2,-1,1,0,0,1,2,1,2,4
967,965,963,963,17,16,15,16,2,2,0,1,1,-1,1,2,3,2,2,4
759,761,754,754,13,16,15,16,-2,7,0,-3,1,-1,-3,1,2,1,1,4
243,239,239,241,14,17,15,16,4,0,-2,-3,2,-1,-2,1,1,1,2,4
281,276,278,274,21,19,20,21,5,-2,4,2,-1,-1,0,1,1,2,2,4
951,949,946,949,13,14,12,13,2,3,-3,-1,2,-1,0,3,2,3,2,4
600,600,595,595,14,17,15,16,0,5,0,-3,2,-1,-2,1,3,3,3,4
325,323,323,323,18,17,18,16,2,0,0,1,-1,2,2,2,1,1,3,4
785,773,764,771,14,14,12,13,12,9,-7,0,2,-1,1,2,3,3,2,4
396,396,393,396,13,14,15,13,0,3,-3,-1,-1,2,0,2,2,3,2,4
719,726,724,728,13,14,12,13,-7,2,-4,-1,2,-1,0,2,3,2,2,4
213,210,210,210,21,19,20,19,3,0,0,2,-1,1,2,2,3,1,1,4
754,750,754,754,20,19,20,21,4,-4,0,1,-1,-1,-1,1,3,1,1,4
900,895,893,893,14,14,13,13,5,2,0,0,1,0,1,1,1,2,2,4
939,935,932,932,13,14,13,13,4,3,0,-1,1,0,0,2,2,1,1,4
667,665,656,660,13,14,12,13,2,9,-4,-1,2,-1,0,2,1,3,1,4
681,679,677,684,20,19,20,21,2,2,-7,1,-1,-1,-1,2,1,2,3,4
529,529,524,522,14,14,13,13,0,5,2,0,1,0,1,1,3,1,2,4
848,848,843,841,18,19,20,18,0,5,2,-1,-1,2,0,1,1,1,2,4
684,686,682,684,20,19,20,21,-2,4,-2,1,-1,-1,-1,1,2,2,3,4
815,803,803,796,14,14,13,13,12,0,7,0,1,0,1,1,2,2,1,4
611,600,595,595,18,17,18,19,11,5,0,1,-1,-1,-1,2,1,1,1,4
843,839,834,834,18,19,18,18,4,5,0,-1,1,0,0,1,3,1,1,4
478,478,473,473,13,14,12,13,0,5,0,-1,2,-1,0,1,1,1,1,4
332,328,323,323,20,19,21,19,4,5,0,1,-2,2,1,1,1,3,1,4
904,902,893,895,14,17,15,16,2,9,-2,-3,2,-1,-2,1,2,2,3,4
693,698,698,696,20,19,20,18,-5,0,2,1,-1,2,2,1,1,1,2,4
478,475,473,475,13,14,12,13,3,2,-2,-1,2,-1,0,1,2,3,2,4
717,712,712,710,20,19,18,18,5,0,2,1,1,0,2,1,1,1,2,4
853,843,832,836,14,14,13,13,10,11,-4,0,1,0,1,1,3,2,2,4
747,743,747,750,20,19,20,18,4,-4,-3,1,-1,2,2,2,2,2,1,4
1036,1038,1031,1028,13,14,15,13,-2,7,3,-1,-1,2,0,1,2,1,2,4
1021,1021,1017,1021,20,19,20,21,0,4,-4,1,-1,-1,-1,3,1,1,3,4
307,304,304,302,21,19,20,21,3,0,2,2,-1,-1,0,2,3,1,2,4
494,487,485,487,18,17,18,16,7,2,-2,1,-1,2,2,2,1,2,1,4
684,686,679,679,13,14,15,13,-2,7,0,-1,-1,2,0,1,2,3,3,4
607,600,600,604,21,19,20,21,7,0,-4,2,-1,-1,0,2,1,1,1,4
187,189,185,182,14,17,15,16,-2,4,3,-3,2,-1,-2,1,2,2,1,4
445,440,436,436,17,16,18,16,5,4,0,1,-2,2,1,1,1,1,1,4
853,841,832,836,14,17,15,16,12,9,-4,-3,2,-1,-2,3,2,2,2,4
618,623,614,618,14,14,13,13,-5,9,-4,0,1,0,1,1,3,1,1,4
965,963,960,963,13,14,15,16,2,3,-3,-1,-1,-1,-3,1,2,1,2,4
590,586,581,578,14,14,15,13,4,5,3,0,-1,2,1,3,3,1,2,4
224,217,215,213,18,17,18,19,7,2,2,1,-1,-1,-1,1,2,1,2,4
257,255,250,257,14,14,15,16,2,5,-7,0,-1,-1,-2,1,2,2,1,4
290,283,286,288,18,17,18,16,7,-3,-2,1,-1,2,2,1,2,1,2,4
210,206,203,208,14,14,15,16,4,3,-5,0,-1,-1,-2,1,1,2,2,4
431,431,431,431,13,14,15,13,0,0,0,-1,-1,2,0,1,3,1,1,4
290,286,281,276,14,17,15,16,4,5,5,-3,2,-1,-2,1,1,1,3,4
217,213,206,213,14,14,13,13,4,7,-7,0,1,0,1,2,2,1,2,4
991,993,986,989,17,16,18,16,-2,7,-3,1,-2,2,1,2,1,2,1,4
1003,1000,998,1000,20,19,20,18,3,2,-2,1,-1,2,2,3,2,1,2,4
581,581,576,581,21,19,20,21,0,5,-5,2,-1,-1,0,1,3,1,1,4
496,492,487,487,18,19,18,19,4,5,0,-1,1,-1,-1,1,1,1,1,4
1068,1061,1064,1068,17,16,18,16,7,-3,-4,1,-2,2,1,3,2,1,1,4
234,229,224,222,21,19,20,19,5,5,2,2,-1,1,2,1,1,1,2,4
269,271,262,267,18,19,18,18,-2,9,-5,-1,1,0,0,2,3,1,3,4
1045,1045,1040,1040,13,16,15,16,0,5,0,-3,1,-1,-3,1,1,3,1,4
674,609,609,611,17,17,18,19,65,0,-2,0,-1,-1,-2,1,1,3,2,4
302,297,297,295,21,19,20,19,5,0,2,2,-1,1,2,2,2,2,1,4
524,515,515,515,14,14,15,16,9,0,0,0,-1,-1,-2,3,1,1,1,4
848,839,834,836,14,14,15,16,9,5,-2,0,-1,-1,-2,1,3,3,2,4
290,288,286,290,18,17,18,19,2,2,-4,1,-1,-1,-1,1,2,1,1,4
644,665,642,637,13,14,12,13,-21,23,5,-1,2,-1,0,2,1,1,1,4
1050,1045,1045,1045,13,16,15,16,5,0,0,-3,1,-1,-3,1,3,1,1,4
429,436,426,424,17,16,18,18,-7,10,2,1,-2,0,-1,2,1,1,2,4
192,192,189,187,18,17,18,16,0,3,2,1,-1,2,2,3,1,2,1,4
848,846,846,848,18,19,18,18,2,0,-2,-1,1,0,0,1,2,2,3,4
1054,1059,1059,1057,13,16,15,16,-5,0,2,-3,1,-1,-3,3,1,1,2,4
576,571,567,567,14,14,13,13,5,4,0,0,1,0,1,1,3,1,1,4
928,923,918,914,14,14,13,13,5,5,4,0,1,0,1,1,3,1,1,4
374,370,374,370,20,19,20,21,4,-4,4,1,-1,-1,-1,1,1,1,1,4
267,253,253,246,21,19,20,18,14,0,7,2,-1,2,3,1,1,3,2,4
1033,1010,1003,1003,17,19,18,18,23,7,0,-2,1,0,-1,2,2,1,1,4
820,810,808,808,14,14,13,13,10,2,0,0,1,0,1,3,3,2,2,4
803,801,799,796,21,19,21,21,2,2,3,2,-2,0,0,2,3,2,1,4
257,241,243,246,14,14,15,13,16,-2,-3,0,-1,2,1,3,2,1,2,4
581,569,571,576,14,17,15,16,12,-2,-5,-3,2,-1,-2,1,2,1,1,4
213,199,203,196,14,14,13,13,14,-4,7,0,1,0,1,2,2,2,3,4
773,773,771,771,13,14,12,13,0,2,0,-1,2,-1,0,1,3,2,2,4
900,893,878,890,21,19,20,21,7,15,-12,2,-1,-1,0,3,2,2,1,4
421,419,412,412,13,14,12,13,2,7,0,-1,2,-1,0,1,2,1,1,4
670,667,660,660,20,19,20,18,3,7,0,1,-1,2,2,3,2,1,1,4
524,539,637,719,21,19,20,21,-15,-98,-82,2,-1,-1,0,1,1,1,2,4
857,857,857,857,14,14,15,13,0,0,0,0,-1,2,1,1,1,1,1,4
879,869,864,867,18,19,18,18,10,5,-3,-1,1,0,0,2,2,2,1,4
646,642,644,642,13,14,15,13,4,-2,2,-1,-1,2,0,3,3,2,1,4
974,967,960,960,17,16,18,16,7,7,0,1,-2,2,1,1,2,1,1,4
726,726,721,721,20,19,20,18,0,5,0,1,-1,2,2,3,3,1,3,4
553,548,553,553,14,14,15,13,5,-5,0,0,-1,2,1,3,3,3,1,4
581,576,571,574,14,14,13,13,5,5,-3,0,1,0,1,1,1,1,2,4
883,876,874,874,14,14,15,13,7,2,0,0,-1,2,1,2,3,2,2,4
1029,1031,1028,1026,13,14,15,13,-2,3,2,-1,-1,2,0,2,1,2,1,4
862,855,857,867,14,19,15,16,7,-2,-10,-5,4,-1,-2,1,2,1,1,4
1012,1012,1017,1017,17,16,15,16,0,-5,0,1,1,-1,1,1,1,1,3,4
653,651,649,653,20,19,18,18,2,2,-4,1,1,0,2,2,1,2,2,4
792,787,785,785,14,14,13,13,5,2,0,0,1,0,1,3,3,2,2,4
419,417,417,417,17,16,15,16,2,0,0,1,1,-1,1,2,1,1,1,4
949,944,942,946,17,19,18,18,5,2,-4,-2,1,0,-1,2,2,1,3,4
325,321,316,314,18,17,18,16,4,5,2,1,-1,2,2,2,2,2,3,4
801,803,801,801,21,19,21,19,-2,2,0,2,-2,2,2,1,2,1,1,4
506,496,496,494,14,14,15,13,10,0,2,0,-1,2,1,1,3,1,2,4
600,595,597,593,18,19,18,19,5,-2,4,-1,1,-1,-1,1,1,2,2,4
1012,1003,998,1003,13,14,12,13,9,5,-5,-1,2,-1,0,3,3,1,1,4
836,829,824,822,14,14,13,13,7,5,2,0,1,0,1,2,3,1,2,4
436,436,436,436,13,16,15,16,0,0,0,-3,1,-1,-3,3,1,1,1,4
604,600,595,593,18,17,18,19,4,5,2,1,-1,-1,-1,1,1,1,2,4
609,597,593,595,18,19,18,19,12,4,-2,-1,1,-1,-1,1,2,2,1,4
318,314,314,314,18,19,18,19,4,0,0,-1,1,-1,-1,1,3,1,1,4
646,651,646,649,20,19,18,18,-5,5,-3,1,1,0,2,1,3,1,2,4
750,743,736,733,17,16,18,18,7,7,3,1,-2,0,-1,3,2,3,2,4
182,1075,1075,1078,14,14,13,13,-893,0,-3,0,1,0,1,1,2,2,1,4
412,410,412,412,13,14,12,13,2,-2,0,-1,2,-1,0,1,2,1,1,4
653,653,653,642,20,19,20,21,0,0,11,1,-1,-1,-1,2,2,2,1,4
965,970,960,965,20,19,20,18,-5,10,-5,1,-1,2,2,1,1,3,3,4
358,356,351,349,13,14,12,13,2,5,2,-1,2,-1,0,2,3,3,2,4
595,593,590,593,18,19,18,19,2,3,-3,-1,1,-1,-1,3,2,1,2,4
581,567,564,562,14,14,13,13,14,3,2,0,1,0,1,3,1,2,1,4
843,832,839,839,18,19,18,18,11,-7,0,-1,1,0,0,1,2,1,1,4
820,810,808,806,18,19,18,19,10,2,2,-1,1,-1,-1,1,1,2,3,4
560,553,548,548,18,17,18,16,7,5,0,1,-1,2,2,2,1,1,1,4
1010,1003,1000,1000,13,14,12,13,7,3,0,-1,2,-1,0,2,3,2,2,4
785,782,775,775,18,17,18,18,3,7,0,1,-1,0,0,2,1,2,2,4
447,443,445,445,20,19,20,18,4,-2,0,1,-1,2,2,2,2,1,1,4
253,248,243,248,21,19,20,21,5,5,-5,2,-1,-1,0,3,1,1,3,4
1040,1040,1040,1036,13,14,15,13,0,0,4,-1,-1,2,0,1,1,1,1,4
775,773,773,768,13,14,15,16,2,0,5,-1,-1,-1,-3,2,3,1,1,4
1019,1017,1017,1017,17,16,18,16,2,0,0,1,-2,2,1,2,1,1,1,4
496,496,489,489,14,14,15,16,0,7,0,0,-1,-1,-2,3,1,2,2,4
1007,1003,1005,1005,17,16,18,16,4,-2,0,1,-2,2,1,1,1,2,2,4
192,187,187,187,18,19,18,19,5,0,0,-1,1,-1,-1,1,3,3,1,4
942,932,928,935,13,14,13,13,10,4,-7,-1,1,0,0,1,1,1,2,4
194,187,189,189,18,17,18,19,7,-2,0,1,-1,-1,-1,2,1,2,2,4
257,253,253,250,21,19,20,18,4,0,3,2,-1,2,3,1,1,1,2,4
914,914,914,914,21,19,21,21,0,0,0,2,-2,0,0,3,1,1,1,4
447,445,438,438,20,19,18,18,2,7,0,1,1,0,2,2,3,2,2,4
325,323,314,314,14,14,15,13,2,9,0,0,-1,2,1,2,3,3,3,4
792,787,785,782,14,17,15,16,5,2,3,-3,2,-1,-2,3,1,2,1,4
342,342,342,339,20,19,20,21,0,0,3,1,-1,-1,-1,1,1,1,2,4
271,264,262,262,21,19,20,21,7,2,0,2,-1,-1,0,1,2,1,1,4
337,335,332,335,17,16,15,16,2,3,-3,1,1,-1,1,1,2,1,2,4
295,293,290,288,21,19,20,21,2,3,2,2,-1,-1,0,3,2,1,2,4
201,192,187,187,18,17,18,16,9,5,0,1,-1,2,2,1,3,1,1,4
1043,1043,1036,1040,13,14,12,13,0,7,-4,-1,2,-1,0,2,2,1,1,4
886,881,878,890,21,19,20,21,5,3,-12,2,-1,-1,0,1,3,2,1,4
419,417,412,412,13,16,15,16,2,5,0,-3,1,-1,-3,2,3,1,1,4
217,210,215,213,18,19,18,19,7,-5,2,-1,1,-1,-1,2,1,1,2,4
998,1000,998,998,17,16,18,18,-2,2,0,1,-2,0,-1,3,2,1,1,4
815,815,810,813,18,19,18,19,0,5,-3,-1,1,-1,-1,3,3,1,2,4
857,853,848,843,14,14,13,13,4,5,5,0,1,0,1,3,3,1,1,4
705,700,703,696,13,14,12,13,5,-3,7,-1,2,-1,0,2,2,1,2,4
653,646,646,642,20,19,20,18,7,0,4,1,-1,2,2,2,1,1,1,4
1036,1031,1028,1019,13,14,15,13,5,3,9,-1,-1,2,0,3,3,2,2,4
597,586,586,590,14,14,15,13,11,0,-4,0,-1,2,1,2,1,1,3,4
642,635,637,635,20,19,20,18,7,-2,2,1,-1,2,2,1,2,1,2,4
946,946,942,942,17,16,18,18,0,4,0,1,-2,0,-1,3,3,3,1,4
201,194,196,189,18,17,18,16,7,-2,7,1,-1,2,2,1,2,3,2,4
1024,1024,1019,1021,20,19,20,21,0,5,-2,1,-1,-1,-1,2,2,2,1,4
921,918,921,918,14,17,15,16,3,-3,3,-3,2,-1,-2,2,1,2,1,4
222,210,206,206,14,14,15,13,12,4,0,0,-1,2,1,2,3,1,1,4
260,255,250,248,18,19,18,16,5,5,2,-1,1,2,2,2,2,2,1,4
543,522,515,513,18,17,18,16,21,7,2,1,-1,2,2,1,2,1,2,4
381,377,370,370,13,14,15,13,4,7,0,-1,-1,2,0,2,2,3,3,4
555,553,548,550,14,14,15,13,2,5,-2,0,-1,2,1,2,3,1,2,4
553,550,546,548,21,19,20,21,3,4,-2,2,-1,-1,0,1,2,2,1,4
893,886,886,888,14,17,15,16,7,0,-2,-3,2,-1,-2,2,1,1,2,4
457,454,454,447,13,14,15,13,3,0,7,-1,-1,2,0,2,1,1,2,4
806,806,799,801,14,17,15,16,0,7,-2,-3,2,-1,-2,3,1,2,1,4
1021,1014,1014,1012,17,16,15,16,7,0,2,1,1,-1,1,1,2,2,1,4
642,646,642,646,20,19,18,18,-4,4,-4,1,1,0,2,1,3,1,1,4
759,754,752,752,20,19,20,18,5,2,0,1,-1,2,2,1,1,2,2,4
970,960,956,960,13,16,15,16,10,4,-4,-3,1,-1,-3,3,1,1,1,4
974,970,970,967,17,16,18,16,4,0,3,1,-2,2,1,3,1,3,2,4
1000,998,1000,998,13,14,12,13,2,-2,2,-1,2,-1,0,2,1,2,1,4
745,738,738,740,20,19,20,18,7,0,-2,1,-1,2,2,1,2,2,1,4
869,864,862,862,18,17,18,18,5,2,0,1,-1,0,0,2,2,1,1,4
499,494,489,487,14,17,15,16,5,5,2,-3,2,-1,-2,2,2,2,1,4
412,403,400,400,20,19,20,18,9,3,0,1,-1,2,2,1,1,2,2,4
703,693,698,764,20,19,20,18,10,-5,-66,1,-1,2,2,1,1,1,3,4
876,871,869,869,18,17,18,18,5,2,0,1,-1,0,0,1,1,2,2,4
900,895,895,893,14,14,13,13,5,0,2,0,1,0,1,1,3,1,2,4
721,721,721,721,20,19,20,21,0,0,0,1,-1,-1,-1,1,1,1,1,4
410,407,403,405,20,19,20,21,3,4,-2,1,-1,-1,-1,2,3,1,2,4
614,611,609,614,18,19,21,19,3,2,-5,-1,-2,2,-1,1,2,1,3,4
300,295,267,293,14,14,15,13,5,28,-26,0,-1,2,1,3,3,1,2,4
199,189,1073,1075,18,17,18,16,10,-884,-2,1,-1,2,2,2,2,1,2,4
602,590,583,578,14,14,15,13,12,7,5,0,-1,2,1,2,1,2,2,4
614,611,604,607,21,19,20,21,3,7,-3,2,-1,-1,0,3,2,1,2,4
850,850,853,850,18,19,18,18,0,-3,3,-1,1,0,0,2,2,1,2,4
963,965,960,960,17,16,18,16,-2,5,0,1,-2,2,1,2,3,3,1,4
496,492,485,487,18,19,18,19,4,7,-2,-1,1,-1,-1,1,3,2,1,4
918,918,914,914,21,19,21,21,0,4,0,2,-2,0,0,1,1,1,1,4
206,203,203,201,18,17,18,16,3,0,2,1,-1,2,2,1,2,2,1,4
515,513,510,506,14,14,13,13,2,3,4,0,1,0,1,1,2,3,3,4
600,590,583,581,18,19,18,19,10,7,2,-1,1,-1,-1,1,1,2,1,4
234,232,229,232,18,17,18,19,2,3,-3,1,-1,-1,-1,3,2,1,2,4
344,339,335,339,13,14,13,13,5,4,-4,-1,1,0,0,2,2,2,2,4
236,234,234,234,18,17,18,18,2,0,0,1,-1,0,0,2,3,1,1,4
267,262,264,264,18,19,18,18,5,-2,0,-1,1,0,0,3,1,2,2,4
208,206,206,203,21,19,20,21,2,0,3,2,-1,-1,0,2,3,1,2,4
1040,1038,1036,1036,13,14,15,13,2,2,0,-1,-1,2,0,1,2,3,1,4
454,454,452,450,13,14,12,13,0,2,2,-1,2,-1,0,1,1,2,1,4
886,881,881,881,21,19,20,21,5,0,0,2,-1,-1,0,1,1,1,1,4
644,649,649,644,13,16,15,16,-5,0,5,-3,1,-1,-3,2,2,2,2,4
993,993,991,991,20,19,20,21,0,2,0,1,-1,-1,-1,1,1,2,2,4
595,590,588,586,21,19,20,19,5,2,2,2,-1,1,2,3,1,2,1,4
803,799,794,792,18,17,18,16,4,5,2,1,-1,2,2,2,2,2,1,4
414,414,414,407,13,14,12,13,0,0,7,-1,2,-1,0,2,2,2,3,4
864,860,850,857,14,14,15,16,4,10,-7,0,-1,-1,-2,2,2,2,3,4
721,724,714,717,13,16,15,16,-3,10,-3,-3,1,-1,-3,1,2,2,1,4
220,215,210,215,18,17,18,19,5,5,-5,1,-1,-1,-1,3,1,1,1,4
1003,1000,1003,998,13,14,12,13,3,-3,5,-1,2,-1,0,1,2,3,1,4
928,923,921,918,21,19,21,19,5,2,3,2,-2,2,2,1,1,2,1,4
965,960,958,958,20,19,20,21,5,2,0,1,-1,-1,-1,1,1,2,2,4
403,393,398,393,13,14,15,13,10,-5,5,-1,-1,2,0,3,3,1,3,4
210,199,192,189,14,14,15,13,11,7,3,0,-1,2,1,3,2,1,2,4
485,485,475,475,14,14,13,13,0,10,0,0,1,0,1,2,2,2,2,4
792,782,775,771,14,14,13,13,10,7,4,0,1,0,1,3,1,2,2,4
853,850,853,853,14,17,15,16,3,-3,0,-3,2,-1,-2,3,2,3,1,4
726,724,717,714,13,16,15,16,2,7,3,-3,1,-1,-3,1,2,1,2,4
555,553,543,550,14,14,15,13,2,10,-7,0,-1,2,1,2,3,1,2,4
907,904,904,907,14,14,15,13,3,0,-3,0,-1,2,1,2,1,1,2,4
281,271,267,267,21,19,20,21,10,4,0,2,-1,-1,0,1,1,1,1,4
560,560,557,557,21,19,20,21,0,3,0,2,-1,-1,0,2,2,1,1,4
799,792,785,787,14,14,13,13,7,7,-2,0,1,0,1,2,3,2,3,4
574,571,567,567,18,19,18,18,3,4,0,-1,1,0,0,2,3,3,1,4
996,993,993,993,20,19,18,18,3,0,0,1,1,0,2,2,1,1,1,4
316,314,311,309,18,19,18,19,2,3,2,-1,1,-1,-1,2,1,2,1,4
489,475,473,473,14,14,12,13,14,2,0,0,2,-1,1,2,2,3,1,4
311,309,300,300,21,19,20,19,2,9,0,2,-1,1,2,2,1,1,1,4
262,253,253,253,14,14,15,13,9,0,0,0,-1,2,1,1,1,1,1,4
888,874,839,869,18,17,18,16,14,35,-30,1,-1,2,2,2,2,3,2,4
808,796,792,789,14,17,15,16,12,4,3,-3,2,-1,-2,2,3,1,2,4
210,208,201,208,18,17,18,19,2,7,-7,1,-1,-1,-1,1,2,1,2,4
356,351,353,349,20,19,18,18,5,-2,4,1,1,0,2,1,1,2,2,4
733,721,724,728,17,16,18,18,12,-3,-4,1,-2,0,-1,2,3,2,2,4
314,304,304,302,14,14,15,13,10,0,2,0,-1,2,1,1,3,1,2,4
1010,1010,1003,1003,17,19,18,18,0,7,0,-2,1,0,-1,2,2,1,1,4
965,963,965,967,20,19,18,18,2,-2,-2,1,1,0,2,1,2,1,2,4
981,977,974,972,13,14,12,13,4,3,2,-1,2,-1,0,2,2,1,2,4
473,471,468,466,13,14,15,13,2,3,2,-1,-1,2,0,1,2,1,2,4
829,824,827,829,18,19,18,19,5,-3,-2,-1,1,-1,-1,1,1,2,1,4
712,710,707,707,20,19,20,18,2,3,0,1,-1,2,2,1,2,3,1,4
374,363,356,351,17,16,15,16,11,7,5,1,1,-1,1,3,2,1,1,4
674,670,667,670,17,19,18,18,4,3,-3,-2,1,0,-1,1,3,2,1,4
182,1075,1078,1075,14,14,13,13,-893,-3,3,0,1,0,1,1,2,1,2,4
1050,1040,1038,1043,13,14,12,13,10,2,-5,-1,2,-1,0,1,3,2,2,4
356,356,353,349,17,16,15,16,0,3,4,1,1,-1,1,1,1,2,2,4
1005,1007,1005,1003,17,16,18,18,-2,2,2,1,-2,0,-1,2,1,2,1,4
335,332,328,325,20,19,21,21,3,4,3,1,-2,0,-1,2,1,1,2,4
473,471,471,468,13,14,12,13,2,0,3,-1,2,-1,0,3,2,2,1,4
974,972,970,970,20,19,20,21,2,2,0,1,-1,-1,-1,1,2,1,3,4
314,309,302,307,21,19,20,21,5,7,-5,2,-1,-1,0,1,1,2,2,4
377,370,374,372,17,16,18,16,7,-4,2,1,-2,2,1,2,1,3,2,4
208,213,203,203,14,14,13,13,-5,10,0,0,1,0,1,2,2,2,2,4
222,215,217,215,14,14,15,16,7,-2,2,0,-1,-1,-2,2,1,2,3,4
888,890,890,888,14,17,15,16,-2,0,2,-3,2,-1,-2,2,3,1,2,4
808,806,803,801,18,17,18,19,2,3,2,1,-1,-1,-1,2,1,2,1,4
993,991,991,991,13,14,15,13,2,0,0,-1,-1,2,0,1,2,2,2,4
339,335,335,337,13,16,15,16,4,0,-2,-3,1,-1,-3,2,2,2,1,4
623,625,618,621,14,14,15,13,-2,7,-3,0,-1,2,1,1,2,3,2,4
332,325,365,318,13,14,15,13,7,-40,47,-1,-1,2,0,1,2,3,3,4
1024,1017,1019,1021,17,16,18,18,7,-2,-2,1,-2,0,-1,2,1,2,3,4
745,745,745,740,20,19,20,21,0,0,5,1,-1,-1,-1,1,1,1,1,4
372,367,365,358,17,16,18,18,5,2,7,1,-2,0,-1,2,2,1,2,4
810,803,801,801,14,14,15,16,7,2,0,0,-1,-1,-2,1,2,1,1,4
824,824,813,817,14,14,15,13,0,11,-4,0,-1,2,1,1,3,2,2,4
257,257,253,257,21,19,20,21,0,4,-4,2,-1,-1,0,3,3,1,1,4
515,510,510,510,21,19,20,19,5,0,0,2,-1,1,2,1,1,1,1,4
269,260,255,253,18,17,18,16,9,5,2,1,-1,2,2,2,2,2,1,4
956,956,951,953,13,16,15,16,0,5,-2,-3,1,-1,-3,1,3,3,2,4
286,271,271,271,18,17,18,18,15,0,0,1,-1,0,0,3,1,3,1,4
271,267,267,264,21,19,20,21,4,0,3,2,-1,-1,0,1,1,1,2,4
571,569,564,562,14,14,15,13,2,5,2,0,-1,2,1,1,2,2,3,4
417,414,407,410,17,16,18,16,3,7,-3,1,-2,2,1,1,2,3,2,4
902,897,897,900,14,14,13,13,5,0,-3,0,1,0,1,2,2,2,1,4
506,496,499,496,14,17,15,16,10,-3,3,-3,2,-1,-2,1,1,2,1,4
935,928,923,928,17,17,18,19,7,5,-5,0,-1,-1,-2,2,1,1,1,4
199,201,196,196,18,17,18,19,-2,5,0,1,-1,-1,-1,2,3,1,1,4
524,520,510,515,14,14,13,13,4,10,-5,0,1,0,1,1,3,1,1,4
529,524,517,515,21,19,20,21,5,7,2,2,-1,-1,0,1,3,2,1,4
260,253,253,250,21,19,20,18,7,0,3,2,-1,2,3,2,3,3,2,4
993,996,989,989,17,16,18,16,-3,7,0,1,-2,2,1,1,2,1,3,4
1012,1005,1005,1007,13,14,15,13,7,0,-2,-1,-1,2,0,1,2,2,1,4
290,288,286,281,18,19,18,19,2,2,5,-1,1,-1,-1,3,2,1,1,4
250,243,243,248,18,17,18,18,7,0,-5,1,-1,0,0,2,1,3,1,4
874,869,869,867,14,17,15,16,5,0,2,-3,2,-1,-2,2,2,2,1,4
623,614,611,611,14,14,13,13,9,3,0,0,1,0,1,3,3,2,2,4
344,335,337,339,13,14,15,13,9,-2,-2,-1,-1,2,0,2,2,3,2,4
560,560,555,555,18,19,18,21,0,5,0,-1,1,-3,-3,2,2,2,2,4
1073,1075,1071,1071,17,19,18,18,-2,4,0,-2,1,0,-1,1,2,2,2,4
703,700,705,710,17,19,18,18,3,-5,-5,-2,1,0,-1,3,2,2,2,4
267,264,262,262,14,14,15,16,3,2,0,0,-1,-1,-2,1,2,1,3,4
752,750,745,752,17,19,18,18,2,5,-7,-2,1,0,-1,2,1,3,2,4
827,817,820,829,18,17,18,19,10,-3,-9,1,-1,-1,-1,2,2,3,1,4
262,260,257,257,18,17,18,16,2,3,0,1,-1,2,2,3,2,3,1,4
429,426,431,431,17,16,15,16,3,-5,0,1,1,-1,1,2,3,1,1,4
635,886,628,625,13,14,15,16,-251,258,3,-1,-1,-1,-3,2,1,1,2,4
473,471,466,468,13,14,15,16,2,5,-2,-1,-1,-1,-3,1,2,2,1,4
351,346,337,342,13,16,15,16,5,9,-5,-3,1,-1,-3,3,1,3,1,4
879,869,871,869,14,17,15,16,10,-2,2,-3,2,-1,-2,2,2,1,2,4
951,946,944,944,17,16,18,16,5,2,0,1,-2,2,1,1,3,2,2,4
750,747,745,745,17,19,18,18,3,2,0,-2,1,0,-1,1,2,1,1,4
314,309,297,307,18,19,18,19,5,12,-10,-1,1,-1,-1,1,1,2,2,4
674,670,667,672,13,14,12,13,4,3,-5,-1,2,-1,0,1,3,2,2,4
557,555,548,548,18,19,18,18,2,7,0,-1,1,0,0,3,2,1,1,4
473,471,468,468,13,14,12,13,2,3,0,-1,2,-1,0,3,2,3,1,4
590,590,588,588,14,14,15,13,0,2,0,0,-1,2,1,1,1,2,2,4
942,939,928,932,13,14,15,13,3,11,-4,-1,-1,2,0,1,2,1,1,4
979,974,970,972,13,14,12,13,5,4,-2,-1,2,-1,0,1,3,1,2,4
295,295,295,295,14,14,15,13,0,0,0,0,-1,2,1,3,3,1,1,4
236,227,224,227,18,17,18,19,9,3,-3,1,-1,-1,-1,2,2,1,2,4
539,536,534,536,18,19,18,18,3,2,-2,-1,1,0,0,1,2,3,2,4
309,309,304,309,21,19,20,21,0,5,-5,2,-1,-1,0,1,3,3,1,4
309,300,295,295,14,17,15,16,9,5,0,-3,2,-1,-2,1,1,3,1,4
874,871,867,867,14,17,15,16,3,4,0,-3,2,-1,-2,2,1,3,1,4
616,614,609,609,14,14,15,13,2,5,0,0,-1,2,1,2,3,1,1,4
686,682,670,670,13,14,12,13,4,12,0,-1,2,-1,0,2,2,1,1,4
499,496,496,489,14,17,15,16,3,0,7,-3,2,-1,-2,2,3,1,2,4
803,794,794,796,14,17,15,16,9,0,-2,-3,2,-1,-2,2,2,2,1,4
944,942,935,932,17,16,18,18,2,7,3,1,-2,0,-1,2,1,2,1,4
201,196,189,196,14,14,13,13,5,7,-7,0,1,0,1,1,3,2,1,4
356,360,351,351,13,16,15,16,-4,9,0,-3,1,-1,-3,1,1,1,1,4
618,616,611,614,14,14,13,13,2,5,-3,0,1,0,1,1,2,2,1,4
600,597,597,595,18,19,18,19,3,0,2,-1,1,-1,-1,1,2,2,1,4
539,534,534,534,14,14,13,13,5,0,0,0,1,0,1,1,3,3,1,4
262,257,262,260,18,19,18,18,5,-5,2,-1,1,0,0,1,3,1,2,4
681,684,682,684,13,14,12,13,-3,2,-2,-1,2,-1,0,2,3,2,3,4
574,522,515,515,18,17,15,16,52,7,0,1,2,-1,2,2,2,1,1,4
393,396,391,396,17,16,15,16,-3,5,-5,1,1,-1,1,3,2,2,2,4
733,736,733,731,17,16,18,16,-3,3,2,1,-2,2,1,2,1,2,1,4
1021,1019,1017,1014,17,19,18,18,2,2,3,-2,1,0,-1,1,2,1,2,4
260,255,250,250,18,19,18,16,5,5,0,-1,1,2,2,2,2,2,2,4
1003,1005,1000,998,17,19,18,18,-2,5,2,-2,1,0,-1,3,2,2,1,4
974,970,970,970,20,19,20,18,4,0,0,1,-1,2,2,1,1,1,1,4
646,635,632,635,17,19,18,18,11,3,-3,-2,1,0,-1,1,2,1,2,4
864,860,857,860,21,19,20,21,4,3,-3,2,-1,-1,0,2,2,1,2,4
1010,1010,1007,1007,20,19,20,18,0,3,0,1,-1,2,2,2,2,1,1,4
1012,1010,1005,1010,13,14,15,13,2,5,-5,-1,-1,2,0,1,2,2,2,4
351,344,337,335,13,14,15,13,7,7,2,-1,-1,2,0,1,2,3,2,4
703,698,698,698,20,19,20,21,5,0,0,1,-1,-1,-1,1,1,1,1,4
419,443,445,445,17,16,18,16,-24,-2,0,1,-2,2,1,2,2,1,1,4
810,815,810,810,21,19,20,21,-5,5,0,2,-1,-1,0,3,1,1,3,4
986,984,984,979,20,19,20,21,2,0,5,1,-1,-1,-1,2,1,1,1,4
817,820,808,806,18,19,18,19,-3,12,2,-1,1,-1,-1,2,1,2,1,4
508,503,496,496,18,19,18,19,5,7,0,-1,1,-1,-1,2,2,3,1,4
867,843,841,843,14,14,15,13,24,2,-2,0,-1,2,1,1,1,2,1,4
201,192,194,192,18,19,18,19,9,-2,2,-1,1,-1,-1,1,1,2,1,4
958,951,951,951,20,19,20,18,7,0,0,1,-1,2,2,2,1,1,1,4
700,703,696,691,20,19,20,18,-3,7,5,1,-1,2,2,2,3,2,2,4
407,403,400,403,20,19,20,18,4,3,-3,1,-1,2,2,3,1,2,1,4
684,682,679,679,13,14,15,13,2,3,0,-1,-1,2,0,3,2,1,3,4
351,342,337,332,13,14,12,13,9,5,5,-1,2,-1,0,3,3,1,1,4
304,290,295,290,14,14,15,13,14,-5,5,0,-1,2,1,1,3,1,3,4
609,597,586,586,14,14,15,13,12,11,0,0,-1,2,1,1,2,3,3,4
862,853,853,850,14,14,13,13,9,0,3,0,1,0,1,1,3,1,2,4
398,398,403,403,17,16,18,16,0,-5,0,1,-2,2,1,1,1,3,1,4
220,215,213,215,14,14,13,13,5,2,-2,0,1,0,1,1,3,2,1,4
426,424,412,417,13,14,15,16,2,12,-5,-1,-1,-1,-3,1,2,3,1,4
796,794,792,796,21,19,21,19,2,2,-4,2,-2,2,2,1,2,1,1,4
579,564,564,564,14,14,15,13,15,0,0,0,-1,2,1,2,2,2,2,4
839,832,829,827,18,17,18,19,7,3,2,1,-1,-1,-1,3,2,3,2,4
918,914,904,907,14,14,15,13,4,10,-3,0,-1,2,1,1,3,1,2,4
820,813,813,810,21,19,20,19,7,0,3,2,-1,1,2,1,2,2,1,4
318,314,314,314,21,19,21,21,4,0,0,2,-2,0,0,1,1,1,1,4
517,496,492,492,14,14,13,13,21,4,0,0,1,0,1,2,1,3,1,4
860,869,857,862,14,14,15,16,-9,12,-5,0,-1,-1,-2,2,2,3,1,4
670,667,656,660,13,14,12,13,3,11,-4,-1,2,-1,0,1,2,3,1,4
1005,1005,1000,1003,17,19,15,16,0,5,-3,-2,4,-1,1,2,2,2,1,4
698,698,698,703,20,19,20,18,0,0,-5,1,-1,2,2,1,1,1,1,4
726,726,726,721,17,19,18,18,0,0,5,-2,1,0,-1,1,1,1,1,4
450,438,431,436,17,19,18,18,12,7,-5,-2,1,0,-1,1,2,3,1,4
761,754,752,754,20,19,20,18,7,2,-2,1,-1,2,2,2,3,2,1,4
286,276,276,276,14,17,15,16,10,0,0,-3,2,-1,-2,3,3,1,3,4
979,972,970,965,17,19,18,18,7,2,5,-2,1,0,-1,1,2,1,1,4
264,255,250,248,18,19,18,18,9,5,2,-1,1,0,0,2,2,2,3,4
543,539,536,534,21,19,20,21,4,3,2,2,-1,-1,0,1,1,2,1,4
1075,1073,1071,1071,13,14,15,16,2,2,0,-1,-1,-1,-3,2,1,2,2,4
693,689,689,689,17,16,18,16,4,0,0,1,-2,2,1,1,3,1,1,4
646,653,651,651,20,19,20,21,-7,2,0,1,-1,-1,-1,3,2,1,1,4
815,801,796,801,14,14,15,13,14,5,-5,0,-1,2,1,1,3,1,1,4
984,984,984,984,17,16,18,18,0,0,0,1,-2,0,-1,1,1,1,1,4
274,269,264,262,18,17,18,18,5,5,2,1,-1,0,0,2,2,2,1,4
517,506,506,506,18,17,18,19,11,0,0,1,-1,-1,-1,2,1,1,1,4
524,517,515,520,18,17,18,19,7,2,-5,1,-1,-1,-1,1,2,1,3,4
524,529,524,524,14,17,15,16,-5,5,0,-3,2,-1,-2,1,1,1,1,4
698,698,696,691,13,14,12,13,0,2,5,-1,2,-1,0,1,1,2,2,4
524,520,517,520,14,14,13,13,4,3,-3,0,1,0,1,1,1,2,1,4
886,883,876,876,18,19,18,18,3,7,0,-1,1,0,0,3,2,3,1,4
1024,1031,1021,1026,20,19,18,18,-7,10,-5,1,1,0,2,2,1,1,1,4
815,806,806,801,14,17,15,16,9,0,5,-3,2,-1,-2,3,1,1,1,4
796,785,782,785,14,14,13,13,11,3,-3,0,1,0,1,3,2,1,2,4
543,541,539,543,18,17,18,18,2,2,-4,1,-1,0,0,1,2,1,1,4
1064,1066,1061,1054,13,14,12,13,-2,5,7,-1,2,-1,0,1,2,2,1,4
300,290,286,286,14,17,15,16,10,4,0,-3,2,-1,-2,3,1,1,1,4
506,503,506,506,14,17,15,16,3,-3,0,-3,2,-1,-2,3,2,3,1,4
1073,1066,1054,1054,17,16,18,18,7,12,0,1,-2,0,-1,1,2,3,1,4
182,1075,199,1066,14,14,15,13,-893,876,-867,0,-1,2,1,1,2,2,2,4
276,276,274,271,14,17,15,16,0,2,3,-3,2,-1,-2,1,1,2,1,4
984,984,979,979,17,16,15,16,0,5,0,1,1,-1,1,3,3,1,1,4
438,436,431,433,20,19,20,21,2,5,-2,1,-1,-1,-1,2,1,1,2,4
515,508,506,508,18,19,18,19,7,2,-2,-1,1,-1,-1,1,2,1,2,4
771,778,775,773,20,19,18,18,-7,3,2,1,1,0,2,2,1,2,1,4
707,700,693,689,13,14,15,13,7,7,4,-1,-1,2,0,3,2,1,1,4
279,274,271,264,18,19,18,18,5,3,7,-1,1,0,0,2,2,1,2,4
187,187,185,185,18,17,18,16,0,2,0,1,-1,2,2,3,1,2,2,4
986,984,984,984,20,19,18,18,2,0,0,1,1,0,2,2,3,3,1,4
900,895,888,890,18,17,18,16,5,7,-2,1,-1,2,2,3,1,2,1,4
637,632,635,632,20,19,20,21,5,-3,3,1,-1,-1,-1,1,1,2,1,4
747,745,740,743,13,16,15,16,2,5,-3,-3,1,-1,-3,2,1,1,2,4
250,246,241,243,21,19,20,21,4,5,-2,2,-1,-1,0,2,2,2,3,4
222,215,215,220,21,19,20,21,7,0,-5,2,-1,-1,0,2,1,1,1,4
712,705,705,705,17,19,18,16,7,0,0,-2,1,2,1,1,2,2,2,4
979,974,967,974,13,14,12,13,5,7,-7,-1,2,-1,0,1,3,2,1,4
653,642,646,649,17,16,18,16,11,-4,-3,1,-2,2,1,2,3,1,2,4
485,482,478,475,21,19,20,21,3,4,3,2,-1,-1,0,2,1,1,2,4
965,956,953,956,17,16,15,16,9,3,-3,1,1,-1,1,1,1,2,1,4
637,635,635,635,17,16,15,16,2,0,0,1,1,-1,1,3,2,2,2,4
949,942,937,937,13,14,12,13,7,5,0,-1,2,-1,0,2,1,1,1,4
332,335,328,325,20,19,21,21,-3,7,3,1,-2,0,-1,1,2,1,2,4
508,494,492,492,14,14,13,13,14,2,0,0,1,0,1,2,2,3,3,4
597,595,595,590,18,19,18,19,2,0,5,-1,1,-1,-1,2,3,3,1,4
831,832,822,829,18,17,18,16,-1,10,-7,1,-1,2,2,2,2,2,3,4
274,271,271,274,18,19,18,18,3,0,-3,-1,1,0,0,2,3,1,2,4
510,506,506,508,18,17,18,16,4,0,-2,1,-1,2,2,3,3,1,2,4
520,517,513,508,14,14,15,13,3,4,5,0,-1,2,1,1,2,2,2,4
311,307,304,307,14,14,15,13,4,3,-3,0,-1,2,1,2,2,1,2,4
445,443,436,436,20,19,20,18,2,7,0,1,-1,2,2,1,2,1,1,4
946,949,942,942,13,14,15,13,-3,7,0,-1,-1,2,0,1,2,1,1,4
274,269,271,271,18,19,18,18,5,-2,0,-1,1,0,0,2,2,3,1,4
506,501,501,503,14,14,13,13,5,0,-2,0,1,0,1,3,3,1,2,4
1012,1012,1007,1010,13,14,15,13,0,5,-3,-1,-1,2,0,1,1,1,2,4
736,733,724,726,13,14,12,13,3,9,-2,-1,2,-1,0,1,2,2,3,4
475,468,461,459,17,16,15,16,7,7,2,1,1,-1,1,2,1,2,1,4
384,389,384,386,17,16,15,16,-5,5,-2,1,1,-1,1,1,3,1,2,4
579,571,571,567,14,14,13,13,8,0,4,0,1,0,1,2,3,3,1,4
396,389,389,386,13,14,15,13,7,0,3,-1,-1,2,0,2,3,3,2,4
960,956,956,949,13,16,15,16,4,0,7,-3,1,-1,-3,1,1,1,2,4
942,939,932,937,20,19,20,21,3,7,-5,1,-1,-1,-1,3,2,1,1,4
325,314,314,314,18,17,18,19,11,0,0,1,-1,-1,-1,2,1,1,1,4
332,325,323,325,13,14,15,13,7,2,-2,-1,-1,2,0,1,2,1,2,4
583,581,583,576,14,14,15,13,2,-2,7,0,-1,2,1,2,3,2,1,4
189,182,213,182,14,14,15,13,7,-31,31,0,-1,2,1,2,1,2,1,4
1043,1043,1043,1040,20,19,18,18,0,0,3,1,1,0,2,2,2,2,1,4
642,642,632,632,13,14,13,13,0,10,0,-1,1,0,0,1,3,1,1,4
1068,1064,1061,1064,13,14,15,13,4,3,-3,-1,-1,2,0,3,1,2,1,4
337,332,335,332,20,19,20,21,5,-3,3,1,-1,-1,-1,1,1,2,1,4
726,719,714,712,13,14,15,13,7,5,2,-1,-1,2,0,1,2,2,1,4
290,286,283,281,14,14,13,13,4,3,2,0,1,0,1,1,3,2,3,4
827,799,801,806,14,14,15,16,28,-2,-5,0,-1,-1,-2,2,2,1,3,4
1057,1050,1050,1054,20,19,20,21,7,0,-4,1,-1,-1,-1,2,1,1,1,4
443,443,431,440,13,14,12,13,0,12,-9,-1,2,-1,0,2,2,3,1,4
452,450,445,445,17,16,15,16,2,5,0,1,1,-1,1,2,3,1,1,4
960,960,963,956,17,16,15,16,0,-3,7,1,1,-1,1,1,3,2,1,4
628,623,623,623,14,17,15,16,5,0,0,-3,2,-1,-2,1,1,3,1,4
1031,1028,1021,1021,17,16,18,18,3,7,0,1,-2,0,-1,1,2,1,1,4
1073,1075,1073,1075,17,16,18,18,-2,2,-2,1,-2,0,-1,1,2,1,2,4
496,492,487,489,14,17,15,16,4,5,-2,-3,2,-1,-2,3,3,3,2,4
1050,1045,1045,1043,17,16,18,18,5,0,2,1,-2,0,-1,1,1,1,2,4
595,595,595,590,21,19,20,19,0,0,5,2,-1,1,2,1,1,3,1,4
534,527,520,520,14,17,15,16,7,7,0,-3,2,-1,-2,1,2,1,1,4
293,286,286,286,18,17,18,16,7,0,0,1,-1,2,2,2,1,1,1,4
796,789,785,787,14,14,13,13,7,4,-2,0,1,0,1,1,2,2,1,4
700,700,698,698,20,19,18,18,0,2,0,1,1,0,2,2,2,1,1,4
255,250,253,253,18,17,18,18,5,-3,0,1,-1,0,0,2,2,1,1,4
574,560,557,550,14,14,13,13,14,3,7,0,1,0,1,2,2,1,2,4
337,335,328,328,17,19,18,19,2,7,0,-2,1,-1,-2,1,2,1,1,4
253,234,234,243,14,17,15,16,19,0,-9,-3,2,-1,-2,1,1,3,1,4
489,475,471,473,14,14,15,13,14,4,-2,0,-1,2,1,2,2,2,3,4
576,574,578,576,14,14,13,13,2,-4,2,0,1,0,1,1,2,2,1,4
848,843,846,843,21,19,20,21,5,-3,3,2,-1,-1,0,1,1,2,1,4
464,464,468,466,20,19,20,18,0,-4,2,1,-1,2,2,3,3,1,2,4
909,907,897,900,14,14,15,13,2,10,-3,0,-1,2,1,1,2,2,1,4
548,548,548,543,18,17,18,16,0,0,5,1,-1,2,2,3,1,1,3,4
450,445,436,436,13,14,15,13,5,9,0,-1,-1,2,0,3,1,1,1,4
946,942,939,942,13,14,15,13,4,3,-3,-1,-1,2,0,1,1,2,1,4
571,574,567,567,18,17,18,16,-3,7,0,1,-1,2,2,1,2,1,3,4
989,984,982,979,17,16,18,18,5,2,3,1,-2,0,-1,3,1,2,1,4
590,586,578,576,18,19,18,18,4,8,2,-1,1,0,0,3,1,2,1,4
834,820,815,820,14,14,15,13,14,5,-5,0,-1,2,1,3,3,1,3,4
623,618,623,618,18,17,18,19,5,-5,5,1,-1,-1,-1,3,1,3,1,4
806,801,801,801,14,14,13,13,5,0,0,0,1,0,1,1,1,1,1,4
984,974,984,974,20,19,18,18,10,-10,10,1,1,0,2,1,1,1,1,4
956,956,953,951,20,19,18,18,0,3,2,1,1,0,2,1,1,2,1,4
1012,1007,1003,1003,20,19,20,21,5,4,0,1,-1,-1,-1,3,3,1,1,4
965,963,956,956,20,19,18,18,2,7,0,1,1,0,2,3,2,1,1,4
464,464,459,457,17,16,18,16,0,5,2,1,-2,2,1,1,3,1,2,4
567,548,539,541,14,14,13,13,19,9,-2,0,1,0,1,3,3,1,2,4
1036,1038,1033,1036,17,16,15,16,-2,5,-3,1,1,-1,1,1,2,2,1,4
752,752,750,750,13,16,15,16,0,2,0,-3,1,-1,-3,2,2,3,3,4
593,586,581,578,14,17,15,16,7,5,3,-3,2,-1,-2,2,1,1,2,4
367,360,365,365,20,19,20,21,7,-5,0,1,-1,-1,-1,2,1,1,1,4
773,768,766,768,20,19,20,21,5,2,-2,1,-1,-1,-1,3,3,2,1,4
194,185,185,1078,18,17,18,18,9,0,-893,1,-1,0,0,2,2,2,1,4
773,768,768,771,17,16,18,18,5,0,-3,1,-2,0,-1,1,3,1,2,4
642,637,632,637,20,19,20,21,5,5,-5,1,-1,-1,-1,1,1,1,1,4
595,597,597,590,21,19,20,19,-2,0,7,2,-1,1,2,1,2,2,1,4
1066,1061,1059,1059,13,14,15,13,5,2,0,-1,-1,2,0,2,2,1,1,4
618,616,616,614,14,14,15,13,2,0,2,0,-1,2,1,1,2,2,1,4
731,731,721,719,13,14,12,13,0,10,2,-1,2,-1,0,1,3,1,2,4
693,691,689,689,17,16,18,16,2,2,0,1,-2,2,1,3,2,1,1,4
639,632,625,625,13,16,15,16,7,7,0,-3,1,-1,-3,2,1,2,2,4
419,417,419,412,17,16,15,16,2,-2,7,1,1,-1,1,2,1,2,1,4
215,217,210,215,21,19,20,21,-2,7,-5,2,-1,-1,0,1,2,1,3,4
806,796,801,796,14,14,13,13,10,-5,5,0,1,0,1,1,1,1,1,4
1064,1059,1059,1059,13,14,15,13,5,0,0,-1,-1,2,0,3,3,3,1,4
836,832,824,824,21,19,20,19,4,8,0,2,-1,1,2,2,2,1,1,4
750,745,745,740,20,19,18,18,5,0,5,1,1,0,2,1,1,3,3,4
724,726,719,719,13,14,12,13,-2,7,0,-1,2,-1,0,2,1,2,2,4
257,246,246,243,14,14,15,13,11,0,3,0,-1,2,1,1,2,2,1,4
792,782,778,778,21,19,20,18,10,4,0,2,-1,2,3,1,1,1,1,4
300,302,304,300,18,19,18,19,-2,-2,4,-1,1,-1,-1,1,2,1,1,4
1007,1003,1000,1003,17,16,18,16,4,3,-3,1,-2,2,1,1,1,2,1,4
215,206,201,201,18,17,18,19,9,5,0,1,-1,-1,-1,3,1,1,1,4
300,293,286,288,14,17,15,16,7,7,-2,-3,2,-1,-2,1,2,1,2,4
520,508,496,501,18,19,18,19,12,12,-5,-1,1,-1,-1,3,2,1,3,4
989,989,989,982,17,19,18,18,0,0,7,-2,1,0,-1,3,1,1,2,4
663,665,660,660,17,16,18,18,-2,5,0,1,-2,0,-1,2,1,1,1,4
236,241,236,234,21,19,20,21,-5,5,2,2,-1,-1,0,2,2,2,1,4
1003,1000,998,998,20,19,20,21,3,2,0,1,-1,-1,-1,1,2,1,3,4
264,257,255,260,21,19,23,21,7,2,-5,2,-4,2,0,2,3,2,2,4
215,210,206,199,18,17,18,16,5,4,7,1,-1,2,2,1,1,1,2,4
921,914,914,914,14,14,13,13,7,0,0,0,1,0,1,2,1,1,1,4
370,365,365,370,20,19,20,21,5,0,-5,1,-1,-1,-1,3,1,1,1,4
220,215,210,215,21,19,20,19,5,5,-5,2,-1,1,2,1,1,1,1,4
824,815,815,815,14,14,13,13,9,0,0,0,1,0,1,3,1,1,1,4
806,796,796,796,18,19,18,19,10,0,0,-1,1,-1,-1,3,1,1,1,4
370,360,358,356,17,16,15,16,10,2,2,1,1,-1,1,1,1,2,1,4
670,663,658,658,13,14,12,13,7,5,0,-1,2,-1,0,1,2,2,2,4
579,571,571,567,14,14,13,13,8,0,4,0,1,0,1,2,3,1,1,4
381,370,372,370,13,14,15,13,11,-2,2,-1,-1,2,0,2,1,2,1,4
642,637,637,646,13,14,12,13,5,0,-9,-1,2,-1,0,1,1,1,1,4
389,389,384,384,20,19,20,18,0,5,0,1,-1,2,2,1,3,1,1,4
539,536,539,536,18,19,18,18,3,-3,3,-1,1,0,0,1,2,3,2,4
377,374,374,377,17,16,18,18,3,0,-3,1,-2,0,-1,2,1,3,2,4
740,738,736,738,13,16,15,16,2,2,-2,-3,1,-1,-3,1,2,3,2,4
393,389,384,389,13,14,12,13,4,5,-5,-1,2,-1,0,1,3,1,1,4
960,958,958,956,20,19,20,21,2,0,2,1,-1,-1,-1,1,2,2,1,4
508,501,501,510,18,19,18,19,7,0,-9,-1,1,-1,-1,2,1,1,1,4
886,808,808,806,14,17,15,16,78,0,2,-3,2,-1,-2,3,2,2,1,4
857,853,857,857,21,19,20,21,4,-4,0,2,-1,-1,0,1,1,1,1,4
196,187,187,187,14,14,13,13,9,0,0,0,1,0,1,1,3,1,1,4
398,389,386,382,20,19,18,18,9,3,4,1,1,0,2,1,3,2,2,4
494,487,475,478,18,17,18,18,7,12,-3,1,-1,0,0,2,1,2,1,4
461,459,457,457,17,16,18,16,2,2,0,1,-2,2,1,2,1,2,2,4
993,986,984,989,13,14,12,13,7,2,-5,-1,2,-1,0,1,2,1,1,4
808,801,801,806,21,19,21,19,7,0,-5,2,-2,2,2,2,1,3,1,4
857,848,850,848,14,17,15,16,9,-2,2,-3,2,-1,-2,3,1,2,3,4
1026,1026,1021,1026,20,19,18,18,0,5,-5,1,1,0,2,1,1,1,1,4
681,679,679,679,20,19,20,21,2,0,0,1,-1,-1,-1,2,1,1,1,4
349,351,353,353,13,14,15,16,-2,-2,0,-1,-1,-1,-3,2,3,2,2,4
656,653,651,649,13,14,12,13,3,2,2,-1,2,-1,0,3,2,1,2,4
524,520,517,520,14,14,15,13,4,3,-3,0,-1,2,1,1,1,2,1,4
548,543,543,548,14,14,13,13,5,0,-5,0,1,0,1,1,3,1,3,4
817,799,794,789,14,14,13,13,18,5,5,0,1,0,1,2,2,2,2,4
393,398,389,389,20,19,20,18,-5,9,0,1,-1,2,2,1,1,3,1,4
752,747,750,747,17,16,15,16,5,-3,3,1,1,-1,1,2,2,1,2,4
524,517,515,515,14,14,15,13,7,2,0,0,-1,2,1,3,2,1,1,4
335,332,328,328,17,16,18,19,3,4,0,1,-2,-1,-2,2,1,1,1,4
274,269,271,271,18,17,18,16,5,-2,0,1,-1,2,2,2,2,1,1,4
773,768,768,768,20,19,18,18,5,0,0,1,1,0,2,3,1,3,1,4
581,571,571,567,21,19,20,18,10,0,4,2,-1,2,3,1,1,1,1,4
192,189,187,185,14,17,15,16,3,2,2,-3,2,-1,-2,1,2,1,2,4
935,942,935,937,17,16,18,18,-7,7,-2,1,-2,0,-1,2,3,2,1,4
1029,1028,1021,1021,13,14,15,13,1,7,0,-1,-1,2,0,2,2,1,1,4
349,339,332,337,13,14,13,13,10,7,-5,-1,1,0,0,2,2,1,1,4
574,567,571,569,21,19,20,18,7,-4,2,2,-1,2,3,2,1,1,2,4
471,475,468,471,13,14,15,13,-4,7,-3,-1,-1,2,0,2,2,1,2,4
279,276,274,274,14,14,13,13,3,2,0,0,1,0,1,2,1,2,2,4
815,813,808,806,21,19,20,21,2,5,2,2,-1,-1,0,1,2,2,1,4
196,187,196,194,18,19,18,19,9,-9,2,-1,1,-1,-1,1,1,3,2,4
562,557,550,560,14,14,15,13,5,7,-10,0,-1,2,1,3,3,2,2,4
618,614,609,611,18,17,18,16,4,5,-2,1,-1,2,2,1,1,1,2,4
806,806,796,796,18,17,18,19,0,10,0,1,-1,-1,-1,1,1,1,3,4
1036,1036,1036,1036,20,19,20,21,0,0,0,1,-1,-1,-1,3,1,1,1,4
199,199,196,194,18,19,18,19,0,3,2,-1,1,-1,-1,2,2,3,2,4
778,778,773,773,20,19,20,18,0,5,0,1,-1,2,2,1,1,1,1,4
827,820,817,815,14,14,13,13,7,3,2,0,1,0,1,2,1,2,1,4
569,562,562,564,14,14,13,13,7,0,-2,0,1,0,1,2,1,1,2,4
703,710,703,698,17,19,18,18,-7,7,5,-2,1,0,-1,1,2,3,1,4
1036,1026,1014,1014,13,14,15,13,10,12,0,-1,-1,2,0,3,1,2,2,4
384,379,377,382,13,14,15,13,5,2,-5,-1,-1,2,0,1,1,2,2,4
843,841,841,839,18,19,18,18,2,0,2,-1,1,0,0,1,2,2,1,4
431,428,426,426,17,19,18,18,3,2,0,-2,1,0,-1,3,2,1,1,4
234,217,220,220,21,19,20,19,17,-3,0,2,-1,1,2,1,2,1,1,4
506,496,499,501,18,19,18,19,10,-3,-2,-1,1,-1,-1,1,1,2,1,4
632,632,635,632,17,16,18,16,0,-3,3,1,-2,2,1,1,1,2,1,4
600,586,586,586,14,17,15,16,14,0,0,-3,2,-1,-2,3,3,1,3,4
1024,1017,1012,1017,20,19,18,18,7,5,-5,1,1,0,2,2,1,1,1,4
665,658,658,658,13,14,15,16,7,0,0,-1,-1,-1,-3,3,2,2,2,4
1045,1040,1026,1040,13,14,15,13,5,14,-14,-1,-1,2,0,1,3,1,1,4
600,595,593,595,18,17,18,19,5,2,-2,1,-1,-1,-1,1,1,2,1,4
400,396,393,393,13,14,15,16,4,3,0,-1,-1,-1,-3,2,2,3,1,4
367,367,358,360,13,16,15,16,0,9,-2,-3,1,-1,-3,2,2,2,1,4
946,937,928,925,13,14,13,13,9,9,3,-1,1,0,0,1,1,1,2,4
1047,1045,1036,1045,13,14,12,13,2,9,-9,-1,2,-1,0,2,3,1,1,4
677,674,674,670,20,19,20,18,3,0,4,1,-1,2,2,2,1,1,1,4
841,841,836,836,18,17,18,16,0,5,0,1,-1,2,2,2,2,2,2,4
403,400,400,400,13,14,15,13,3,0,0,-1,-1,2,0,1,2,2,2,4
618,611,607,609,14,17,15,16,7,4,-2,-3,2,-1,-2,1,2,2,3,4
569,567,567,569,21,19,20,18,2,0,-2,2,-1,2,3,2,1,1,2,4
768,764,757,759,13,14,15,13,4,7,-2,-1,-1,2,0,1,1,2,1,4
372,365,363,363,17,16,18,16,7,2,0,1,-2,2,1,2,1,2,2,4
293,290,293,297,14,17,15,16,3,-3,-4,-3,2,-1,-2,2,1,2,2,4
586,574,576,581,21,19,20,19,12,-2,-5,2,-1,1,2,1,2,1,3,4
604,595,595,600,18,19,18,19,9,0,-5,-1,1,-1,-1,1,1,3,3,4
189,187,187,194,21,19,21,21,2,0,-7,2,-2,0,0,2,1,3,2,4
208,196,196,192,18,17,18,16,12,0,4,1,-1,2,2,2,1,1,3,4
506,499,492,489,14,14,13,13,7,7,3,0,1,0,1,3,2,3,2,4
850,841,841,839,14,17,15,16,9,0,2,-3,2,-1,-2,2,2,2,1,4
293,274,264,260,14,14,13,13,19,10,4,0,1,0,1,2,2,2,2,4
787,789,782,782,18,17,18,16,-2,7,0,1,-1,2,2,3,2,1,1,4
712,703,705,710,13,14,15,13,9,-2,-5,-1,-1,2,0,1,1,2,2,4
471,471,468,473,17,16,15,16,0,3,-5,1,1,-1,1,2,2,1,1,4
316,314,316,314,18,19,18,19,2,-2,2,-1,1,-1,-1,2,1,2,1,4
691,684,682,682,13,14,15,13,7,2,0,-1,-1,2,0,2,3,2,2,4
712,714,707,707,13,14,15,13,-2,7,0,-1,-1,2,0,1,2,1,1,4
239,236,239,239,21,19,20,18,3,-3,0,2,-1,2,3,3,2,1,1,4
977,974,972,972,17,16,18,18,3,2,0,1,-2,0,-1,2,1,2,2,4
935,932,918,928,17,16,15,16,3,14,-10,1,1,-1,1,2,1,1,1,4
806,796,799,796,18,17,18,19,10,-3,3,1,-1,-1,-1,1,3,2,1,4
229,227,220,220,18,17,18,16,2,7,0,1,-1,2,2,1,2,3,1,4
576,571,576,571,14,17,15,16,5,-5,5,-3,2,-1,-2,3,3,1,3,4
810,810,808,810,18,19,18,19,0,2,-2,-1,1,-1,-1,3,3,2,1,4
918,921,918,918,18,19,18,19,-3,3,0,-1,1,-1,-1,1,2,3,1,4
1000,1003,1003,998,20,19,20,18,-3,0,5,1,-1,2,2,2,1,3,1,4
956,949,944,942,13,16,15,16,7,5,2,-3,1,-1,-3,3,2,2,1,4
201,199,201,206,21,19,21,21,2,-2,-5,2,-2,0,0,1,2,1,1,4
246,239,229,232,14,17,15,16,7,10,-3,-3,2,-1,-2,2,3,1,2,4
986,982,982,979,17,16,15,16,4,0,3,1,1,-1,1,2,2,2,1,4
600,583,583,574,14,14,13,13,17,0,9,0,1,0,1,1,2,2,2,4
281,276,274,271,14,17,15,16,5,2,3,-3,2,-1,-2,1,3,2,1,4
855,843,846,843,14,14,13,13,12,-3,3,0,1,0,1,2,3,2,1,4
623,618,611,611,18,17,18,16,5,7,0,1,-1,2,2,3,3,2,2,4
295,295,290,290,18,17,18,19,0,5,0,1,-1,-1,-1,1,3,1,1,4
764,752,759,759,20,19,18,18,12,-7,0,1,1,0,2,3,2,1,1,4
1040,1031,1031,1026,20,19,20,18,9,0,5,1,-1,2,2,1,3,1,1,4
524,524,520,520,18,19,18,19,0,4,0,-1,1,-1,-1,1,1,1,1,4
586,569,562,567,14,14,13,13,17,7,-5,0,1,0,1,1,2,1,1,4
187,1075,1068,1071,14,14,15,13,-888,7,-3,0,-1,2,1,1,2,1,2,4
295,288,288,286,18,17,18,16,7,0,2,1,-1,2,2,1,2,2,3,4
553,541,539,539,18,17,18,16,12,2,0,1,-1,2,2,3,2,1,1,4
250,241,236,234,14,14,15,13,9,5,2,0,-1,2,1,2,2,2,1,4
550,548,548,553,18,19,18,18,2,0,-5,-1,1,0,0,2,1,3,1,4
745,743,740,743,20,19,20,21,2,3,-3,1,-1,-1,-1,1,2,1,2,4
337,337,332,332,20,19,20,18,0,5,0,1,-1,2,2,1,1,1,1,4
436,433,424,428,13,14,12,13,3,9,-4,-1,2,-1,0,1,2,2,2,4
579,567,564,567,14,14,13,13,12,3,-3,0,1,0,1,2,1,2,1,4
454,452,452,450,17,16,18,16,2,0,2,1,-2,2,1,1,2,2,1,4
389,384,382,382,17,16,18,16,5,2,0,1,-2,2,1,3,3,2,2,4
925,932,923,923,18,16,18,16,-7,9,0,2,-2,2,2,2,1,3,3,4
358,356,353,351,13,14,12,13,2,3,2,-1,2,-1,0,2,1,2,3,4
785,775,773,773,14,16,15,16,10,2,0,-2,1,-1,-2,2,2,3,1,4
567,564,562,562,21,19,20,18,3,2,0,2,-1,2,3,3,2,1,1,4
328,325,325,323,21,19,21,21,3,0,2,2,-2,0,0,1,2,2,1,4
595,590,590,590,18,17,18,16,5,0,0,1,-1,2,2,1,3,3,3,4
1031,1021,1021,1024,13,16,15,16,10,0,-3,-3,1,-1,-3,1,1,1,2,4
1031,1031,1031,1026,20,19,20,18,0,0,5,1,-1,2,2,1,3,3,1,4
421,421,414,417,20,19,20,18,0,7,-3,1,-1,2,2,1,1,2,1,4
1052,1052,1050,1052,20,19,20,21,0,2,-2,1,-1,-1,-1,2,2,1,2,4
989,984,986,984,13,14,12,13,5,-2,2,-1,2,-1,0,3,3,2,1,4
520,515,515,513,14,14,13,13,5,0,2,0,1,0,1,1,1,1,2,4
353,351,346,346,20,19,18,18,2,5,0,1,1,0,2,2,1,3,1,4
871,871,867,869,14,17,15,16,0,4,-2,-3,2,-1,-2,1,3,3,2,4
231,229,224,224,14,14,13,13,2,5,0,0,1,0,1,2,1,1,1,4
553,543,543,543,14,17,15,16,10,0,0,-3,2,-1,-2,1,1,1,1,4
393,382,377,382,13,14,12,13,11,5,-5,-1,2,-1,0,1,2,2,2,4
241,234,234,241,18,19,18,18,7,0,-7,-1,1,0,0,2,1,3,2,4
736,736,736,736,20,19,20,21,0,0,0,1,-1,-1,-1,1,1,3,1,4
300,293,286,286,14,14,13,13,7,7,0,0,1,0,1,1,2,1,1,4
965,960,953,956,17,16,15,16,5,7,-3,1,1,-1,1,3,3,2,1,4
543,543,543,539,18,17,18,18,0,0,4,1,-1,0,0,1,3,1,1,4
267,269,267,271,14,14,15,16,-2,2,-4,0,-1,-1,-2,3,2,1,1,4
473,457,454,452,13,14,12,13,16,3,2,-1,2,-1,0,3,2,1,2,4
827,820,817,815,18,19,18,19,7,3,2,-1,1,-1,-1,2,1,2,1,4
318,318,314,314,14,14,15,16,0,4,0,0,-1,-1,-2,1,1,1,3,4
714,712,707,710,13,14,15,13,2,5,-3,-1,-1,2,0,2,1,1,2,4
597,597,595,593,18,19,18,19,0,2,2,-1,1,-1,-1,2,2,1,2,4
234,239,234,234,21,19,20,21,-5,5,0,2,-1,-1,0,1,1,1,1,4
623,614,611,609,18,19,18,19,9,3,2,-1,1,-1,-1,1,3,2,1,4
468,466,459,461,13,14,15,16,2,7,-2,-1,-1,-1,-3,1,2,1,2,4
464,459,461,457,17,16,18,18,5,-2,4,1,-2,0,-1,3,3,2,2,4
1064,1054,1045,1045,13,14,12,13,10,9,0,-1,2,-1,0,1,3,1,1,4
857,862,857,855,18,19,18,21,-5,5,2,-1,1,-3,-3,3,1,1,2,4
339,335,335,332,13,14,15,16,4,0,3,-1,-1,-1,-3,2,2,2,1,4
429,426,426,424,17,16,18,16,3,0,2,1,-2,2,1,2,3,1,2,4
981,982,977,979,13,14,15,13,-1,5,-2,-1,-1,2,0,2,2,2,3,4
281,278,276,276,21,19,20,18,3,2,0,2,-1,2,3,1,2,1,1,4
820,810,808,808,14,17,15,16,10,2,0,-3,2,-1,-2,1,1,2,2,4
813,808,810,806,14,14,13,13,5,-2,4,0,1,0,1,2,2,1,1,4
993,993,984,984,17,16,18,16,0,9,0,1,-2,2,1,1,1,1,1,4
482,473,471,473,18,19,18,18,9,2,-2,-1,1,0,0,1,1,2,3,4
581,586,581,581,21,19,20,21,-5,5,0,2,-1,-1,0,1,1,3,3,4
494,487,485,482,18,17,18,16,7,2,3,1,-1,2,2,2,3,2,1,4
1017,1012,1012,1010,17,16,18,16,5,0,2,1,-2,2,1,3,3,1,2,4
712,710,707,707,20,19,20,18,2,3,0,1,-1,2,2,3,2,1,1,4
883,883,886,888,18,17,18,19,0,-3,-2,1,-1,-1,-1,2,2,1,2,4
1017,1014,1017,1012,13,14,15,13,3,-3,5,-1,-1,2,0,3,2,1,1,4
1073,1068,1073,1071,20,19,20,18,5,-5,2,1,-1,2,2,1,1,1,2,4
452,452,447,450,13,14,12,13,0,5,-3,-1,2,-1,0,2,2,2,1,4
736,731,731,733,13,14,15,13,5,0,-2,-1,-1,2,0,1,3,1,2,4
328,325,323,325,21,19,21,21,3,2,-2,2,-2,0,0,1,2,1,2,4
944,942,937,942,20,19,20,18,2,5,-5,1,-1,2,2,2,1,3,3,4
222,210,201,210,14,14,13,13,12,9,-9,0,1,0,1,2,3,3,1,4
836,834,832,836,18,17,18,18,2,2,-4,1,-1,0,0,2,3,2,2,4
932,928,928,928,13,17,15,16,4,0,0,-4,2,-1,-3,1,1,1,1,4
283,276,271,274,14,14,13,13,7,5,-3,0,1,0,1,2,3,1,2,4
464,461,464,464,20,19,18,18,3,-3,0,1,1,0,2,3,2,1,1,4
194,187,185,182,18,17,18,19,7,2,3,1,-1,-1,-1,2,1,2,1,4
445,440,440,445,17,16,18,18,5,0,-5,1,-2,0,-1,1,3,3,1,4
398,398,398,398,20,19,20,21,0,0,0,1,-1,-1,-1,1,1,1,3,4
194,185,1078,1075,14,14,13,13,9,-893,3,0,1,0,1,2,2,1,2,4
407,407,403,403,20,19,20,21,0,4,0,1,-1,-1,-1,3,1,1,1,4
660,656,651,651,20,19,18,18,4,5,0,1,1,0,2,1,1,3,1,4
1029,1028,1019,1017,13,14,12,13,1,9,2,-1,2,-1,0,2,2,2,1,4
953,951,946,946,20,19,20,18,2,5,0,1,-1,2,2,2,1,1,1,4
616,609,607,614,21,19,20,21,7,2,-7,2,-1,-1,0,2,1,2,3,4
881,867,867,867,14,17,15,16,14,0,0,-3,2,-1,-2,1,1,1,3,4
813,813,806,810,14,14,13,13,0,7,-4,0,1,0,1,2,2,1,3,4
895,897,890,888,14,14,13,13,-2,7,2,0,1,0,1,1,2,1,2,4
660,656,653,656,17,16,18,18,4,3,-3,1,-2,0,-1,1,1,2,1,4
468,459,461,466,20,19,18,18,9,-2,-5,1,1,0,2,1,1,2,2,4
506,499,492,492,14,14,15,13,7,7,0,0,-1,2,1,1,2,1,1,4
1031,1031,1028,1028,13,14,15,13,0,3,0,-1,-1,2,0,1,3,2,2,4
736,731,731,731,13,14,12,13,5,0,0,-1,2,-1,0,3,3,3,1,4
658,656,651,653,17,16,18,16,2,5,-2,1,-2,2,1,2,1,1,2,4
384,377,377,374,20,19,20,18,7,0,3,1,-1,2,2,1,2,2,1,4
440,440,445,443,20,19,18,18,0,-5,2,1,1,0,2,1,3,1,2,4
660,653,649,644,13,14,15,13,7,4,5,-1,-1,2,0,1,2,2,2,4
520,520,517,517,14,17,15,16,0,3,0,-3,2,-1,-2,3,1,2,2,4
600,593,602,595,14,14,15,13,7,-9,7,0,-1,2,1,1,2,2,3,4
1068,1068,1071,1068,13,14,12,13,0,-3,3,-1,2,-1,0,1,1,2,1,4
452,454,454,454,17,19,18,18,-2,0,0,-2,1,0,-1,2,1,1,1,4
546,546,539,539,18,19,18,18,0,7,0,-1,1,0,0,2,2,3,1,4
646,642,646,646,17,16,18,16,4,-4,0,1,-2,2,1,1,1,1,1,4
466,466,461,461,17,16,18,18,0,5,0,1,-2,0,-1,2,2,2,2,4
736,733,731,731,17,16,18,18,3,2,0,1,-2,0,-1,1,2,1,1,4
560,553,555,553,14,14,15,13,7,-2,2,0,-1,2,1,2,3,2,1,4
628,618,618,614,14,14,13,13,10,0,4,0,1,0,1,1,3,1,1,4
733,731,731,733,20,19,20,21,2,0,-2,1,-1,-1,-1,2,1,1,2,4
653,651,651,651,13,14,12,13,2,0,0,-1,2,-1,0,2,1,1,1,4
564,562,557,555,18,17,18,16,2,5,2,1,-1,2,2,2,1,3,2,4
618,618,616,607,14,14,15,13,0,2,9,0,-1,2,1,3,3,2,2,4
731,733,731,731,17,19,18,18,-2,2,0,-2,1,0,-1,1,2,1,1,4
510,506,503,501,14,14,15,13,4,3,2,0,-1,2,1,3,1,2,3,4
365,367,360,360,20,19,20,21,-2,7,0,1,-1,-1,-1,3,2,1,1,4
984,982,979,979,17,16,18,18,2,3,0,1,-2,0,-1,1,2,3,1,4
192,192,189,189,14,17,15,16,0,3,0,-3,2,-1,-2,1,3,2,2,4
403,400,396,398,20,19,18,18,3,4,-2,1,1,0,2,1,2,2,1,4
958,956,953,951,20,19,20,21,2,3,2,1,-1,-1,-1,2,3,2,1,4
506,501,499,503,14,14,13,13,5,2,-4,0,1,0,1,1,3,2,2,4
550,536,529,529,14,17,15,16,14,7,0,-3,2,-1,-2,2,2,1,1,4
609,600,588,586,18,19,18,19,9,12,2,-1,1,-1,-1,3,1,2,1,4
717,714,705,703,17,16,18,18,3,9,2,1,-2,0,-1,3,2,2,1,4
773,771,768,768,20,19,20,21,2,3,0,1,-1,-1,-1,1,2,1,1,4
384,377,374,374,13,14,15,13,7,3,0,-1,-1,2,0,3,2,1,3,4
827,824,817,824,18,19,18,19,3,7,-7,-1,1,-1,-1,2,3,2,1,4
553,546,548,543,14,17,15,16,7,-2,5,-3,2,-1,-2,1,2,1,1,4
679,677,674,674,13,14,12,13,2,3,0,-1,2,-1,0,3,2,3,3,4
529,520,520,520,21,19,20,19,9,0,0,2,-1,1,2,1,3,1,1,4
304,304,300,297,18,19,18,19,0,4,3,-1,1,-1,-1,3,1,3,2,4
900,897,900,897,14,17,15,16,3,-3,3,-3,2,-1,-2,1,2,1,2,4
1064,1068,1064,1064,20,19,20,18,-4,4,0,1,-1,2,2,1,1,1,1,4
667,660,656,656,20,19,18,18,7,4,0,1,1,0,2,2,1,3,1,4
595,588,583,586,18,19,18,19,7,5,-3,-1,1,-1,-1,1,2,2,1,4
1012,1007,1005,1007,13,14,15,13,5,2,-2,-1,-1,2,0,3,1,2,1,4
213,208,203,206,14,14,15,13,5,5,-3,0,-1,2,1,2,2,2,3,4
452,447,445,447,20,19,20,21,5,2,-2,1,-1,-1,-1,2,2,1,2,4
447,447,443,445,13,14,12,13,0,4,-2,-1,2,-1,0,2,2,2,3,4
1031,1026,1021,1019,20,19,20,18,5,5,2,1,-1,2,2,1,1,1,2,4
757,759,750,761,20,19,20,18,-2,9,-11,1,-1,2,2,2,1,1,2,4
201,196,194,196,18,17,18,16,5,2,-2,1,-1,2,2,3,3,2,1,4
792,787,787,785,14,14,15,13,5,0,2,0,-1,2,1,1,3,3,2,4
325,321,309,311,18,17,18,16,4,12,-2,1,-1,2,2,2,2,1,2,4
501,496,494,492,18,17,18,16,5,2,2,1,-1,2,2,1,1,2,1,4
799,796,792,794,18,19,18,19,3,4,-2,-1,1,-1,-1,2,1,3,2,4
304,307,304,304,18,17,18,16,-3,3,0,1,-1,2,2,1,2,1,1,4
489,494,487,489,14,14,15,13,-5,7,-2,0,-1,2,1,2,2,1,2,4
309,300,304,307,18,17,18,16,9,-4,-3,1,-1,2,2,1,3,1,2,4
670,660,653,653,13,14,15,13,10,7,0,-1,-1,2,0,3,1,2,2,4
360,356,353,358,13,14,12,13,4,3,-5,-1,2,-1,0,1,3,2,2,4
445,450,450,450,20,19,20,21,-5,0,0,1,-1,-1,-1,1,1,1,1,4
187,182,185,185,14,17,15,16,5,-3,0,-3,2,-1,-2,1,1,2,2,4
224,227,224,224,14,14,15,13,-3,3,0,0,-1,2,1,3,2,3,3,4
412,403,400,407,13,16,15,16,9,3,-7,-3,1,-1,-3,3,1,2,1,4
993,989,984,977,13,14,12,13,4,5,7,-1,2,-1,0,1,1,1,2,4
771,761,759,764,20,19,18,18,10,2,-5,1,1,0,2,2,2,1,1,4
370,360,353,365,17,16,18,18,10,7,-12,1,-2,0,-1,3,1,2,1,4
185,187,185,182,14,17,15,16,-2,2,3,-3,2,-1,-2,2,3,2,1,4
264,260,262,262,18,17,18,18,4,-2,0,1,-1,0,0,2,2,3,1,4
567,562,560,562,18,17,18,18,5,2,-2,1,-1,0,0,1,1,2,3,4
311,309,309,307,18,17,18,19,2,0,2,1,-1,-1,-1,2,3,1,2,4
461,459,454,457,13,14,15,16,2,5,-3,-1,-1,-1,-3,2,3,1,2,4
745,738,733,736,13,14,12,13,7,5,-3,-1,2,-1,0,1,2,2,1,4
300,297,293,295,18,17,18,16,3,4,-2,1,-1,2,2,1,2,2,3,4
381,379,374,379,13,14,15,13,2,5,-5,-1,-1,2,0,2,1,1,1,4
454,454,447,454,20,19,20,21,0,7,-7,1,-1,-1,-1,1,1,2,3,4
674,674,674,674,20,19,20,21,0,0,0,1,-1,-1,-1,1,1,1,1,4
853,839,839,834,18,19,18,18,14,0,5,-1,1,0,0,3,3,1,1,4
600,597,597,595,18,19,18,19,3,0,2,-1,1,-1,-1,3,2,2,1,4
653,651,651,649,13,16,15,16,2,0,2,-3,1,-1,-3,2,1,1,2,4
670,665,663,660,20,19,20,21,5,2,3,1,-1,-1,-1,1,1,2,3,4
1052,1050,1050,1047,20,19,18,18,2,0,3,1,1,0,2,2,1,3,2,4
546,543,539,539,18,19,18,18,3,4,0,-1,1,0,0,2,1,1,1,4
189,189,192,189,14,17,15,16,0,-3,3,-3,2,-1,-2,2,2,1,2,4
977,979,974,974,20,19,18,18,-2,5,0,1,1,0,2,2,1,3,1,4
1029,1028,1026,1026,20,19,20,21,1,2,0,1,-1,-1,-1,2,2,1,1,4
965,965,960,960,20,19,20,21,0,5,0,1,-1,-1,-1,3,1,1,1,4
194,192,194,194,18,19,18,19,2,-2,0,-1,1,-1,-1,2,1,2,2,4
960,958,956,958,13,14,12,13,2,2,-2,-1,2,-1,0,1,2,3,2,4
452,443,440,440,13,14,12,13,9,3,0,-1,2,-1,0,2,2,1,1,4
1078,1073,1073,1071,17,16,18,16,5,0,2,1,-2,2,1,1,3,1,2,4
944,942,939,939,13,14,12,13,2,3,0,-1,2,-1,0,2,3,2,2,4
508,501,501,499,18,17,18,16,7,0,2,1,-1,2,2,2,1,1,2,4
562,548,548,548,14,17,15,16,14,0,0,-3,2,-1,-2,3,3,3,1,4
295,293,290,290,21,19,20,21,2,3,0,2,-1,-1,0,3,2,1,1,4
595,590,593,600,14,17,15,16,5,-3,-7,-3,2,-1,-2,1,1,2,1,4
550,546,543,543,18,19,18,18,4,3,0,-1,1,0,0,2,2,3,3,4
1064,1064,1064,1066,20,19,20,18,0,0,-2,1,-1,2,2,1,1,1,2,4
543,546,539,539,21,19,20,21,-3,7,0,2,-1,-1,0,3,2,1,1,4
189,196,192,189,14,17,15,16,-7,4,3,-3,2,-1,-2,2,1,3,2,4
520,513,515,513,21,19,20,21,7,-2,2,2,-1,-1,0,3,2,1,2,4
960,958,956,958,13,14,12,13,2,2,-2,-1,2,-1,0,3,2,1,2,4
391,384,382,382,13,14,12,13,7,2,0,-1,2,-1,0,2,1,2,2,4
1059,1054,1050,1050,13,16,15,16,5,4,0,-3,1,-1,-3,1,3,3,1,4
300,293,288,295,14,14,13,13,7,5,-7,0,1,0,1,1,2,2,1,4
1075,1068,1073,1073,17,16,18,18,7,-5,0,1,-2,0,-1,2,1,1,3,4
229,222,220,220,14,17,15,16,7,2,0,-3,2,-1,-2,1,2,1,1,4
543,546,539,541,21,19,20,18,-3,7,-2,2,-1,2,3,1,2,1,2,4
243,241,239,239,14,14,13,13,2,2,0,0,1,0,1,3,2,3,1,4
302,304,300,307,14,14,15,13,-2,4,-7,0,-1,2,1,2,3,1,2,4
501,494,494,496,14,14,13,13,7,0,-2,0,1,0,1,3,2,2,1,4
632,625,621,623,13,17,15,16,7,4,-2,-4,2,-1,-3,1,2,2,3,4
951,951,949,946,17,19,18,18,0,2,3,-2,1,0,-1,1,1,2,1,4
679,677,677,674,20,19,20,21,2,0,3,1,-1,-1,-1,1,2,2,1,4
628,623,623,623,21,19,21,19,5,0,0,2,-2,2,2,1,1,1,1,4
267,257,260,257,18,19,18,18,10,-3,3,-1,1,0,0,3,1,2,1,4
787,771,766,768,14,16,15,16,16,5,-2,-2,1,-1,-2,1,2,2,1,4
963,960,958,951,17,16,15,16,3,2,7,1,1,-1,1,2,3,2,1,4
754,747,745,743,20,19,18,18,7,2,2,1,1,0,2,1,2,1,2,4
998,993,993,993,20,19,20,18,5,0,0,1,-1,2,2,1,1,1,1,4
426,419,417,414,13,14,15,13,7,2,3,-1,-1,2,0,1,2,3,2,4
590,576,578,583,14,14,15,13,14,-2,-5,0,-1,2,1,1,3,2,2,4
665,663,660,658,13,14,15,13,2,3,2,-1,-1,2,0,1,2,1,2,4
464,464,459,459,17,16,15,16,0,5,0,1,1,-1,1,1,1,1,1,4
527,515,508,506,14,14,15,13,12,7,2,0,-1,2,1,2,3,2,3,4
853,850,843,843,14,17,15,16,3,7,0,-3,2,-1,-2,3,2,1,3,4
374,367,372,374,20,19,18,18,7,-5,-2,1,1,0,2,1,2,2,1,4
600,597,586,586,21,19,20,21,3,11,0,2,-1,-1,0,1,2,3,1,4
1024,1019,1014,1014,20,19,18,18,5,5,0,1,1,0,2,2,2,2,2,4
998,1000,993,993,13,14,15,16,-2,7,0,-1,-1,-1,-3,3,2,1,1,4
890,888,886,895,21,19,20,21,2,2,-9,2,-1,-1,0,1,2,3,1,4
325,318,318,316,21,19,21,19,7,0,2,2,-2,2,2,2,1,1,2,4
588,576,576,581,14,17,15,16,12,0,-5,-3,2,-1,-2,2,1,3,1,4
939,937,935,932,13,14,15,16,2,2,3,-1,-1,-1,-3,2,1,2,1,4
581,574,569,567,14,14,15,16,7,5,2,0,-1,-1,-2,3,2,2,1,4
220,208,213,215,18,17,15,16,12,-5,-2,1,2,-1,2,1,2,2,1,4
1021,1019,1012,1012,17,19,18,18,2,7,0,-2,1,0,-1,3,2,1,3,4
208,196,196,187,14,14,15,13,12,0,9,0,-1,2,1,2,3,1,3,4
445,438,436,436,20,19,20,18,7,2,0,1,-1,2,2,1,2,1,1,4
269,257,248,248,14,14,13,13,12,9,0,0,1,0,1,2,3,1,1,4
546,541,536,534,18,17,18,18,5,5,2,1,-1,0,0,2,2,2,1,4
937,925,925,923,13,14,13,13,12,0,2,-1,1,0,0,3,2,2,1,4
318,309,309,304,18,17,18,19,9,0,5,1,-1,-1,-1,3,1,3,1,4
597,595,595,590,18,19,18,19,2,0,5,-1,1,-1,-1,2,1,3,1,4
879,869,867,867,14,14,15,16,10,2,0,0,-1,-1,-2,2,2,1,1,4
560,557,548,550,18,19,18,18,3,9,-2,-1,1,0,0,2,3,1,2,4
391,391,389,391,17,16,18,16,0,2,-2,1,-2,2,1,2,2,1,2,4
489,487,482,482,21,19,21,21,2,5,0,2,-2,0,0,2,1,1,1,4
646,644,644,637,13,14,12,13,2,0,7,-1,2,-1,0,1,2,2,1,4
571,560,546,553,14,14,15,13,11,14,-7,0,-1,2,1,3,2,2,1,4
457,452,445,450,13,14,12,13,5,7,-5,-1,2,-1,0,2,2,3,1,4
393,393,389,389,13,14,15,16,0,4,0,-1,-1,-1,-3,3,3,1,1,4
501,496,496,496,21,19,21,21,5,0,0,2,-2,0,0,3,1,1,1,4
642,637,632,632,20,19,20,18,5,5,0,1,-1,2,2,3,1,1,1,4
461,454,450,450,17,16,18,16,7,4,0,1,-2,2,1,2,1,3,1,4
766,768,759,759,13,14,12,13,-2,9,0,-1,2,-1,0,2,3,1,1,4
918,916,911,914,21,19,21,19,2,5,-3,2,-2,2,2,1,2,2,1,4
972,974,974,970,20,19,18,18,-2,0,4,1,1,0,2,2,1,3,1,4
1052,1050,1050,1054,20,19,20,18,2,0,-4,1,-1,2,2,2,1,1,1,4
895,883,883,881,14,14,15,16,12,0,2,0,-1,-1,-2,1,2,2,3,4
712,712,710,714,13,14,12,13,0,2,-4,-1,2,-1,0,1,3,2,2,4
614,600,590,593,18,17,18,19,14,10,-3,1,-1,-1,-1,1,3,1,2,4
243,246,246,243,14,17,15,16,-3,0,3,-3,2,-1,-2,3,2,2,1,4
464,454,454,457,13,14,15,13,10,0,-3,-1,-1,2,0,3,1,1,2,4
271,264,260,257,14,17,15,16,7,4,3,-3,2,-1,-2,1,2,2,1,4
217,215,215,215,18,19,18,19,2,0,0,-1,1,-1,-1,2,1,1,1,4
745,745,740,740,17,16,18,16,0,5,0,1,-2,2,1,1,1,1,1,4
778,773,773,775,20,19,20,18,5,0,-2,1,-1,2,2,1,1,1,2,4
822,815,815,810,18,17,18,16,7,0,5,1,-1,2,2,2,1,3,3,4
738,728,724,731,13,14,12,13,10,4,-7,-1,2,-1,0,2,2,2,1,4
295,293,290,288,21,19,20,21,2,3,2,2,-1,-1,0,1,2,1,2,4
918,923,918,921,14,17,15,16,-5,5,-3,-3,2,-1,-2,1,1,1,2,4
381,374,377,384,13,14,15,13,7,-3,-7,-1,-1,2,0,2,3,2,1,4
848,839,839,839,18,17,18,16,9,0,0,1,-1,2,2,1,1,3,3,4
194,196,192,189,14,17,15,16,-2,4,3,-3,2,-1,-2,2,1,3,2,4
684,684,679,684,13,14,12,13,0,5,-5,-1,2,-1,0,3,3,1,1,4
224,220,215,220,21,19,20,21,4,5,-5,2,-1,-1,0,1,1,3,1,4
182,1052,1047,1047,18,16,18,16,-870,5,0,2,-2,2,2,1,2,2,2,4
370,370,370,365,13,14,12,13,0,0,5,-1,2,-1,0,1,3,1,1,4
879,874,871,876,14,14,15,16,5,3,-5,0,-1,-1,-2,2,2,3,3,4
914,904,902,902,18,19,18,19,10,2,0,-1,1,-1,-1,3,1,2,2,4
342,335,335,337,13,14,15,13,7,0,-2,-1,-1,2,0,1,2,2,1,4
656,658,653,656,17,19,18,18,-2,5,-3,-2,1,0,-1,3,2,2,1,4
567,567,562,562,18,17,18,16,0,5,0,1,-1,2,2,1,1,3,3,4
210,206,206,206,14,14,15,13,4,0,0,0,-1,2,1,3,1,1,1,4
623,618,618,621,18,19,18,19,5,0,-3,-1,1,-1,-1,1,1,1,2,4
771,766,768,773,13,14,15,13,5,-2,-5,-1,-1,2,0,2,2,1,3,4
527,524,524,517,14,14,13,13,3,0,7,0,1,0,1,2,1,3,2,4
222,220,215,217,14,14,15,13,2,5,-2,0,-1,2,1,2,1,1,2,4
309,382,377,374,18,19,18,18,-73,5,3,-1,1,0,0,1,2,2,1,4
674,674,674,672,13,16,15,16,0,0,2,-3,1,-1,-3,3,1,1,2,4
1026,1021,1021,1021,17,16,18,16,5,0,0,1,-2,2,1,3,1,1,1,4
881,874,876,869,14,14,13,13,7,-2,7,0,1,0,1,1,2,3,2,4
262,257,260,257,14,14,15,13,5,-3,3,0,-1,2,1,1,1,2,1,4
335,337,335,337,13,16,15,16,-2,2,-2,-3,1,-1,-3,2,1,2,1,4
939,937,935,932,17,16,15,16,2,2,3,1,1,-1,1,2,1,2,1,4
618,614,611,609,21,19,21,19,4,3,2,2,-2,2,2,1,1,2,1,4
820,810,810,810,21,19,20,21,10,0,0,2,-1,-1,0,1,1,1,3,4
365,353,356,356,13,14,15,13,12,-3,0,-1,-1,2,0,1,2,1,3,4
276,271,269,267,14,17,15,16,5,2,2,-3,2,-1,-2,1,1,2,1,4
628,625,623,621,14,14,13,13,3,2,2,0,1,0,1,1,2,1,2,4
286,283,281,281,21,19,20,21,3,2,0,2,-1,-1,0,1,2,1,1,4
271,274,274,271,14,17,15,16,-3,0,3,-3,2,-1,-2,1,2,2,1,4
623,604,604,604,18,17,18,19,19,0,0,1,-1,-1,-1,1,1,3,1,4
824,827,824,824,14,14,15,13,-3,3,0,0,-1,2,1,1,2,1,3,4
998,989,989,986,13,16,15,16,9,0,3,-3,1,-1,-3,1,3,1,2,4
869,864,862,862,18,17,18,18,5,2,0,1,-1,0,0,2,2,3,1,4
492,487,478,478,18,19,18,18,5,9,0,-1,1,0,0,3,1,1,1,4
949,942,937,935,20,19,20,21,7,5,2,1,-1,-1,-1,2,1,1,2,4
789,787,782,778,14,14,15,13,2,5,4,0,-1,2,1,2,1,1,1,4
206,201,201,203,18,17,18,19,5,0,-2,1,-1,-1,-1,3,3,1,2,4
956,951,946,949,17,16,18,18,5,5,-3,1,-2,0,-1,1,1,1,2,4
586,583,581,586,18,17,18,16,3,2,-5,1,-1,2,2,1,2,3,1,4
1017,1019,1017,1019,13,14,12,13,-2,2,-2,-1,2,-1,0,1,2,3,2,4
914,904,897,895,14,14,13,13,10,7,2,0,1,0,1,1,3,2,1,4
792,785,787,792,18,17,18,19,7,-2,-5,1,-1,-1,-1,3,2,1,1,4
951,949,949,946,20,19,20,18,2,0,3,1,-1,2,2,1,2,2,1,4
810,801,799,796,14,17,15,16,9,2,3,-3,2,-1,-2,3,3,2,3,4
691,693,686,698,13,14,15,16,-2,7,-12,-1,-1,-1,-3,2,1,2,1,4
417,410,410,410,13,14,15,13,7,0,0,-1,-1,2,0,3,2,2,2,4
925,923,916,918,14,14,15,13,2,7,-2,0,-1,2,1,2,3,2,3,4
431,431,431,431,20,19,20,21,0,0,0,1,-1,-1,-1,1,1,1,3,4
736,731,731,724,20,19,20,21,5,0,7,1,-1,-1,-1,1,1,1,2,4
1045,1033,1036,1031,13,14,15,13,12,-3,5,-1,-1,2,0,1,2,1,1,4
822,820,815,815,18,19,18,19,2,5,0,-1,1,-1,-1,2,1,3,3,4
841,834,834,832,14,17,15,16,7,0,2,-3,2,-1,-2,2,1,1,2,4
557,553,548,553,14,14,15,13,4,5,-5,0,-1,2,1,1,3,3,1,4
794,787,785,782,14,14,15,13,7,2,3,0,-1,2,1,2,3,2,1,4
754,757,754,754,20,19,20,18,-3,3,0,1,-1,2,2,1,2,1,1,4
681,679,674,670,13,16,15,16,2,5,4,-3,1,-1,-3,2,1,1,1,4
886,876,871,867,18,19,18,18,10,5,4,-1,1,0,0,3,3,3,1,4
925,918,914,914,18,17,18,16,7,4,0,1,-1,2,2,2,1,1,3,4
989,986,982,984,20,19,20,21,3,4,-2,1,-1,-1,-1,1,2,2,1,4
817,820,815,815,18,17,18,19,-3,5,0,1,-1,-1,-1,2,1,1,1,4
1017,1014,1012,1012,17,19,18,18,3,2,0,-2,1,0,-1,3,2,1,1,4
464,459,461,454,13,14,15,16,5,-2,7,-1,-1,-1,-3,1,3,2,1,4
1003,1003,993,998,20,19,20,21,0,10,-5,1,-1,-1,-1,3,1,1,1,4
431,428,428,431,20,19,18,18,3,0,-3,1,1,0,2,1,2,2,1,4
1064,1064,1064,1057,20,19,18,18,0,0,7,1,1,0,2,1,3,1,2,4
696,691,684,689,13,14,15,13,5,7,-5,-1,-1,2,0,2,2,3,1,4
792,787,782,782,21,19,21,21,5,5,0,2,-2,0,0,1,3,1,1,4
656,646,644,646,20,19,20,21,10,2,-2,1,-1,-1,-1,1,1,2,1,4
900,888,886,893,21,19,20,19,12,2,-7,2,-1,1,2,1,2,3,2,4
478,473,473,468,13,14,12,13,5,0,5,-1,2,-1,0,1,1,1,1,4
658,653,653,660,17,16,15,16,5,0,-7,1,1,-1,1,2,2,2,1,4
353,349,339,337,20,19,20,18,4,10,2,1,-1,2,2,2,2,2,3,4
761,750,745,752,13,16,15,16,11,5,-7,-3,1,-1,-3,2,1,3,2,4
269,262,260,264,14,14,13,13,7,2,-4,0,1,0,1,2,3,2,2,4
271,267,262,267,18,19,18,18,4,5,-5,-1,1,0,0,1,3,3,1,4
337,337,335,332,17,16,15,16,0,2,3,1,1,-1,1,3,1,2,1,4
911,907,907,904,14,14,13,13,4,0,3,0,1,0,1,2,2,2,1,4
928,916,911,907,21,19,21,19,12,5,4,2,-2,2,2,1,2,2,2,4
586,578,571,571,14,14,15,13,8,7,0,0,-1,2,1,1,2,3,1,4
607,600,600,595,14,14,13,13,7,0,5,0,1,0,1,2,3,1,3,4
808,806,801,803,18,19,18,19,2,5,-2,-1,1,-1,-1,2,1,1,2,4
785,775,775,778,14,14,15,16,10,0,-3,0,-1,-1,-2,2,2,2,1,4
524,517,515,515,18,17,18,16,7,2,0,1,-1,2,2,1,2,1,1,4
524,520,520,520,21,19,20,21,4,0,0,2,-1,-1,0,1,1,1,1,4
907,902,895,895,21,19,20,21,5,7,0,2,-1,-1,0,2,2,1,3,4
1045,1036,1024,1017,13,14,12,13,9,12,7,-1,2,-1,0,3,3,2,1,4
208,203,203,201,14,17,15,16,5,0,2,-3,2,-1,-2,2,2,2,1,4
461,457,459,461,20,19,18,18,4,-2,-2,1,1,0,2,2,2,1,2,4
487,478,473,478,18,16,18,16,9,5,-5,2,-2,2,2,1,1,1,1,4
1017,1014,1012,1012,13,14,12,13,3,2,0,-1,2,-1,0,1,2,1,3,4
904,904,900,900,18,17,18,19,0,4,0,1,-1,-1,-1,1,3,1,1,4
1047,1050,1045,1045,20,19,20,21,-3,5,0,1,-1,-1,-1,2,3,1,3,4
803,801,796,794,18,19,18,19,2,5,2,-1,1,-1,-1,2,1,3,2,4
689,726,726,726,20,19,20,21,-37,0,0,1,-1,-1,-1,3,1,1,1,4
234,222,227,224,18,19,18,19,12,-5,3,-1,1,-1,-1,3,2,2,3,4
557,550,543,560,21,19,20,21,7,7,-17,2,-1,-1,0,1,2,1,2,4
506,503,501,501,21,19,21,19,3,2,0,2,-2,2,2,1,2,3,1,4
524,520,515,520,14,17,15,16,4,5,-5,-3,2,-1,-2,1,1,3,3,4
321,318,314,311,14,14,13,13,3,4,3,0,1,0,1,2,3,3,2,4
876,869,857,860,14,14,15,13,7,12,-3,0,-1,2,1,3,2,1,2,4
618,609,614,616,18,19,18,19,9,-5,-2,-1,1,-1,-1,1,3,1,2,4
1007,1000,998,998,13,16,15,16,7,2,0,-3,1,-1,-3,3,2,1,1,4
590,595,590,593,14,17,15,16,-5,5,-3,-3,2,-1,-2,1,3,1,2,4
750,752,745,750,20,19,18,18,-2,7,-5,1,1,0,2,1,2,1,1,4
801,792,789,792,18,19,18,19,9,3,-3,-1,1,-1,-1,1,3,2,3,4
581,583,581,581,18,19,18,19,-2,2,0,-1,1,-1,-1,3,2,1,1,4
827,820,813,815,21,19,20,19,7,7,-2,2,-1,1,2,2,3,2,1,4
541,529,527,529,14,17,15,16,12,2,-2,-3,2,-1,-2,2,1,2,1,4
977,977,970,970,13,16,15,16,0,7,0,-3,1,-1,-3,2,2,3,1,4
199,199,194,192,18,19,18,19,0,5,2,-1,1,-1,-1,2,2,2,1,4
914,907,956,904,14,17,15,16,7,-49,52,-3,2,-1,-2,1,2,1,3,4
1031,1026,1026,243,17,16,18,18,5,0,783,1,-2,0,-1,3,1,1,1,4
693,689,689,689,13,14,12,13,4,0,0,-1,2,-1,0,1,1,3,1,4
311,307,304,309,21,19,20,21,4,3,-5,2,-1,-1,0,2,2,1,1,4
609,611,609,607,14,14,15,16,-2,2,2,0,-1,-1,-2,3,2,1,2,4
597,590,588,593,14,14,13,13,7,2,-5,0,1,0,1,2,3,2,2,4
752,752,750,747,13,14,12,13,0,2,3,-1,2,-1,0,2,2,3,2,4
187,182,185,182,21,19,21,21,5,-3,3,2,-2,0,0,1,1,2,1,4
583,586,586,583,14,17,15,16,-3,0,3,-3,2,-1,-2,2,1,1,2,4
405,400,398,398,13,14,15,16,5,2,0,-1,-1,-1,-3,2,2,1,3,4
956,958,958,956,13,14,15,16,-2,0,2,-1,-1,-1,-3,1,2,2,1,4
792,792,785,782,18,17,18,16,0,7,3,1,-1,2,2,1,3,2,1,4
1038,1036,1031,1031,17,19,18,18,2,5,0,-2,1,0,-1,2,3,1,1,4
1066,1066,1064,1068,20,19,20,18,0,2,-4,1,-1,2,2,2,2,1,1,4
438,440,436,433,13,14,15,13,-2,4,3,-1,-1,2,0,2,3,1,2,4
867,860,853,862,14,14,15,13,7,7,-9,0,-1,2,1,1,2,1,1,4
691,686,684,682,13,14,15,13,5,2,2,-1,-1,2,0,2,2,1,2,4
517,515,515,515,14,17,15,16,2,0,0,-3,2,-1,-2,2,1,1,1,4
206,199,199,196,14,14,15,13,7,0,3,0,-1,2,1,3,2,2,1,4
335,325,323,325,13,14,13,13,10,2,-2,-1,1,0,0,2,2,1,2,4
325,316,323,321,18,19,18,19,9,-7,2,-1,1,-1,-1,2,2,1,2,4
192,187,189,185,18,17,15,16,5,-2,4,1,2,-1,2,3,1,2,2,4
712,710,712,707,20,19,18,18,2,-2,5,1,1,0,2,1,2,1,1,4
731,731,728,726,13,16,15,16,0,3,2,-3,1,-1,-3,3,3,2,1,4
787,782,778,775,18,19,18,18,5,4,3,-1,1,0,0,3,1,1,2,4
850,841,843,848,18,19,18,18,9,-2,-5,-1,1,0,0,2,2,1,1,4
792,773,778,771,14,16,15,16,19,-5,7,-2,1,-1,-2,3,1,1,2,4
831,832,834,832,21,19,20,21,-1,-2,2,2,-1,-1,0,2,2,1,2,4
841,841,839,839,18,17,18,18,0,2,0,1,-1,0,0,2,2,1,1,4
867,853,853,860,14,14,15,13,14,0,-7,0,-1,2,1,1,1,1,2,4
1000,1003,1003,1003,20,19,20,21,-3,0,0,1,-1,-1,-1,2,1,1,3,4
548,539,541,543,18,19,18,18,9,-2,-2,-1,1,0,0,3,1,2,1,4
764,761,761,757,17,16,18,18,3,0,4,1,-2,0,-1,3,2,2,2,4
579,576,571,576,18,17,18,18,3,5,-5,1,-1,0,0,2,1,1,1,4
250,257,257,255,18,19,20,21,-7,0,2,-1,-1,-1,-3,2,1,1,2,4
379,379,379,374,13,14,12,13,0,0,5,-1,2,-1,0,1,1,1,1,4
792,787,782,782,14,17,15,16,5,5,0,-3,2,-1,-2,3,1,1,1,4
939,935,932,935,20,19,20,18,4,3,-3,1,-1,2,2,2,2,1,2,4
721,721,689,717,17,16,15,16,0,32,-28,1,1,-1,1,1,1,1,1,4
813,813,813,815,14,14,13,13,0,0,-2,0,1,0,1,2,2,2,3,4
250,243,239,239,14,17,15,16,7,4,0,-3,2,-1,-2,2,1,1,1,4
485,482,482,482,21,19,21,21,3,0,0,2,-2,0,0,2,1,1,1,4
436,433,433,431,13,14,12,13,3,0,2,-1,2,-1,0,1,2,2,1,4
918,918,914,911,14,14,13,13,0,4,3,0,1,0,1,1,3,1,2,4
1066,1066,1064,1066,13,14,12,13,0,2,-2,-1,2,-1,0,2,2,1,2,4
447,438,431,436,13,14,12,13,9,7,-5,-1,2,-1,0,2,2,3,1,4
813,813,813,810,14,14,15,13,0,0,3,0,-1,2,1,2,2,2,1,4
876,871,871,869,14,14,13,13,5,0,2,0,1,0,1,1,1,1,2,4
494,492,487,487,18,19,18,19,2,5,0,-1,1,-1,-1,2,1,1,1,4
773,766,764,766,20,19,20,18,7,2,-2,1,-1,2,2,3,2,1,2,4
487,475,473,475,21,19,20,21,12,2,-2,2,-1,-1,0,1,2,1,2,4
1021,1024,1012,1012,17,16,18,16,-3,12,0,1,-2,2,1,1,2,1,1,4
958,956,956,956,17,19,18,18,2,0,0,-2,1,0,-1,2,1,3,1,4
796,794,792,796,18,19,18,19,2,2,-4,-1,1,-1,-1,3,2,1,1,4
789,785,782,787,18,17,18,16,4,3,-5,1,-1,2,2,2,2,1,1,4
651,644,644,642,17,16,15,16,7,0,2,1,1,-1,1,1,2,2,1,4
989,991,984,984,20,19,20,18,-2,7,0,1,-1,2,2,3,2,3,1,4
600,588,586,590,14,14,13,13,12,2,-4,0,1,0,1,1,2,3,1,4
400,398,393,398,13,16,15,16,2,5,-5,-3,1,-1,-3,2,1,1,1,4
834,824,829,832,21,19,20,21,10,-5,-3,2,-1,-1,0,1,1,1,2,4
942,935,942,932,20,19,20,21,7,-7,10,1,-1,-1,-1,1,2,1,1,4
876,864,855,862,14,14,15,13,12,9,-7,0,-1,2,1,1,2,2,3,4
239,236,229,224,14,14,15,16,3,7,5,0,-1,-1,-2,1,2,3,1,4
487,487,485,478,18,17,18,18,0,2,7,1,-1,0,0,3,1,2,1,4
932,937,925,925,17,16,18,19,-5,12,0,1,-2,-1,-2,1,1,2,2,4
609,604,600,604,18,17,18,19,5,4,-4,1,-1,-1,-1,1,1,3,1,4
897,900,895,895,14,17,15,16,-3,5,0,-3,2,-1,-2,2,3,1,3,4
827,817,820,820,18,19,18,19,10,-3,0,-1,1,-1,-1,2,2,3,1,4
782,785,785,782,14,14,15,13,-3,0,3,0,-1,2,1,1,2,2,1,4
543,534,532,532,18,19,18,19,9,2,0,-1,1,-1,-1,1,3,2,2,4
506,499,496,496,14,17,15,16,7,3,0,-3,2,-1,-2,1,2,1,1,4
928,925,921,918,14,17,15,16,3,4,3,-3,2,-1,-2,1,2,2,1,4
499,494,492,489,18,17,18,16,5,2,3,1,-1,2,2,2,2,3,2,4
314,309,304,302,14,17,15,16,5,5,2,-3,2,-1,-2,1,3,3,2,4
639,637,632,637,13,14,15,13,2,5,-5,-1,-1,2,0,2,3,1,1,4
639,632,628,628,17,16,18,16,7,4,0,1,-2,2,1,2,1,1,1,4
639,632,623,628,17,19,18,19,7,9,-5,-2,1,-1,-2,2,1,1,1,4
965,960,960,963,17,16,18,16,5,0,-3,1,-2,2,1,1,1,1,2,4
515,510,501,506,14,14,13,13,5,9,-5,0,1,0,1,1,3,3,3,4
290,288,288,286,18,17,18,19,2,0,2,1,-1,-1,-1,1,2,2,1,4
937,925,925,923,13,14,15,13,12,0,2,-1,-1,2,0,3,2,2,1,4
681,674,665,665,13,16,15,16,7,9,0,-3,1,-1,-3,2,1,3,1,4
576,576,571,574,21,19,20,21,0,5,-3,2,-1,-1,0,1,1,1,2,4
253,253,250,248,14,14,13,13,0,3,2,0,1,0,1,1,3,2,1,4
557,553,546,548,21,19,20,18,4,7,-2,2,-1,2,3,1,1,2,1,4
731,728,726,724,20,19,20,21,3,2,2,1,-1,-1,-1,3,2,1,2,4
571,562,553,548,14,14,13,13,9,9,5,0,1,0,1,1,1,1,1,4
579,567,560,560,14,17,15,16,12,7,0,-3,2,-1,-2,2,3,2,2,4
351,344,342,337,13,14,12,13,7,2,5,-1,2,-1,0,1,2,1,3,4
981,982,979,982,13,14,12,13,-1,3,-3,-1,2,-1,0,2,2,1,2,4
754,754,750,747,17,19,18,18,0,4,3,-2,1,0,-1,3,1,1,2,4
279,271,335,271,14,17,15,16,8,-64,64,-3,2,-1,-2,2,3,2,1,4
864,862,857,857,14,17,15,16,2,5,0,-3,2,-1,-2,2,3,1,1,4
255,255,250,257,14,14,15,13,0,5,-7,0,-1,2,1,2,2,2,1,4
386,384,379,393,13,14,15,16,2,5,-14,-1,-1,-1,-3,2,3,1,3,4
524,517,508,517,21,19,20,21,7,9,-9,2,-1,-1,0,1,2,2,2,4
403,400,398,398,20,19,20,21,3,2,0,1,-1,-1,-1,1,2,1,1,4
539,529,527,524,18,19,18,19,10,2,3,-1,1,-1,-1,1,1,2,1,4
991,986,982,986,13,14,12,13,5,4,-4,-1,2,-1,0,2,2,2,2,4
667,663,660,663,20,19,18,18,4,3,-3,1,1,0,2,2,2,1,2,4
431,421,417,419,20,19,20,21,10,4,-2,1,-1,-1,-1,1,3,1,2,4
862,860,857,855,14,17,15,16,2,3,2,-3,2,-1,-2,1,2,3,2,4
201,201,199,201,14,14,13,13,0,2,-2,0,1,0,1,1,3,2,1,4
445,438,440,438,13,14,12,13,7,-2,2,-1,2,-1,0,3,2,1,2,4
365,358,353,351,13,14,12,13,7,5,2,-1,2,-1,0,3,2,2,1,4
979,974,974,972,13,14,12,13,5,0,2,-1,2,-1,0,1,1,3,2,4
604,600,604,602,14,14,15,13,4,-4,2,0,-1,2,1,1,3,1,2,4
290,286,278,278,14,17,15,16,4,8,0,-3,2,-1,-2,1,1,2,2,4
611,607,602,609,18,19,18,19,4,5,-7,-1,1,-1,-1,2,2,2,1,4
581,576,571,576,18,17,18,18,5,5,-5,1,-1,0,0,1,3,1,1,4
520,517,515,515,14,14,13,13,3,2,0,0,1,0,1,3,2,1,3,4
1026,1028,1024,1026,17,16,15,16,-2,4,-2,1,1,-1,1,3,2,2,1,4
935,932,932,932,17,16,15,16,3,0,0,1,1,-1,1,2,1,1,1,4
916,911,914,916,18,17,18,19,5,-3,-2,1,-1,-1,-1,2,2,1,2,4
485,485,478,475,14,17,15,16,0,7,3,-3,2,-1,-2,2,2,1,2,4
189,1075,1068,1066,14,14,15,13,-886,7,2,0,-1,2,1,2,2,1,2,4
414,407,407,407,20,19,20,21,7,0,0,1,-1,-1,-1,2,1,3,3,4
468,464,461,459,13,14,15,13,4,3,2,-1,-1,2,0,1,3,2,1,4
977,972,970,970,20,19,18,18,5,2,0,1,1,0,2,2,2,1,1,4
250,248,248,243,18,19,18,18,2,0,5,-1,1,0,0,2,1,1,3,4
241,234,229,229,18,19,18,19,7,5,0,-1,1,-1,-1,2,1,1,1,4
555,553,548,548,18,17,18,16,2,5,0,1,-1,2,2,2,3,1,1,4
309,302,300,300,14,14,13,13,7,2,0,0,1,0,1,1,2,1,1,4
328,321,316,321,14,17,15,16,7,5,-5,-3,2,-1,-2,1,2,2,2,4
839,836,834,832,18,17,18,19,3,2,2,1,-1,-1,-1,1,2,3,2,4
210,210,210,208,21,19,20,19,0,0,2,2,-1,1,2,1,1,1,2,4
328,323,321,323,18,19,18,19,5,2,-2,-1,1,-1,-1,1,3,2,1,4
726,724,721,721,17,16,18,18,2,3,0,1,-2,0,-1,3,2,1,1,4
1066,1066,1064,1064,20,19,20,18,0,2,0,1,-1,2,2,2,2,1,1,4
1007,1007,1000,1003,17,16,18,18,0,7,-3,1,-2,0,-1,1,1,2,1,4
979,979,974,970,13,14,15,13,0,5,4,-1,-1,2,0,3,1,3,1,4
736,731,728,726,17,16,15,16,5,3,2,1,1,-1,1,1,1,2,1,4
351,346,346,346,17,16,15,16,5,0,0,1,1,-1,1,1,1,1,1,4
316,314,314,316,18,19,18,19,2,0,-2,-1,1,-1,-1,2,1,1,2,4
281,241,239,239,14,14,15,13,40,2,0,0,-1,2,1,1,2,1,1,4
717,717,712,712,17,16,18,16,0,5,0,1,-2,2,1,3,3,1,1,4
400,393,393,391,13,14,12,13,7,0,2,-1,2,-1,0,2,1,3,2,4
196,192,192,194,18,17,18,19,4,0,-2,1,-1,-1,-1,1,3,1,2,4
820,808,796,799,18,19,18,19,12,12,-3,-1,1,-1,-1,1,2,1,2,4
879,876,876,876,18,17,18,18,3,0,0,1,-1,0,0,2,3,1,3,4
494,492,464,485,14,14,12,13,2,28,-21,0,2,-1,1,2,3,1,2,4
271,271,269,269,21,19,20,18,0,2,0,2,-1,2,3,1,1,2,2,4
806,792,796,801,14,14,15,16,14,-4,-5,0,-1,-1,-2,3,1,3,1,4
914,911,904,904,18,17,18,19,3,7,0,1,-1,-1,-1,3,2,1,3,4
407,400,400,396,13,14,15,13,7,0,4,-1,-1,2,0,1,2,2,2,4
637,625,628,628,17,17,18,16,12,-3,0,0,-1,2,1,1,2,1,1,4
384,384,379,384,17,19,18,18,0,5,-5,-2,1,0,-1,3,3,1,1,4
939,937,935,937,13,14,15,13,2,2,-2,-1,-1,2,0,2,3,2,1,4
471,464,461,466,20,19,20,18,7,3,-5,1,-1,2,2,2,3,2,2,4
860,860,853,853,21,19,20,21,0,7,0,2,-1,-1,0,2,2,1,1,4
904,904,904,904,18,19,18,19,0,0,0,-1,1,-1,-1,1,1,1,1,4
1045,1045,1045,1045,17,16,18,18,0,0,0,1,-2,0,-1,1,1,1,1,4
679,677,672,672,13,14,12,13,2,5,0,-1,2,-1,0,1,2,2,2,4
993,993,991,991,17,19,18,18,0,2,0,-2,1,0,-1,1,1,2,2,4
886,878,878,881,21,19,20,21,8,0,-3,2,-1,-1,0,1,2,2,1,4
707,698,693,698,20,19,20,18,9,5,-5,1,-1,2,2,1,1,1,1,4
879,874,871,871,18,19,20,18,5,3,0,-1,-1,2,0,2,2,1,1,4
820,815,815,815,21,19,20,21,5,0,0,2,-1,-1,0,1,1,1,1,4
1021,1012,1010,1012,13,14,12,13,9,2,-2,-1,2,-1,0,1,3,2,1,4
895,888,883,886,21,19,20,21,7,5,-3,2,-1,-1,0,1,2,2,3,4
939,932,928,923,13,14,13,13,7,4,5,-1,1,0,0,2,1,1,1,4
541,534,515,532,14,14,15,13,7,19,-17,0,-1,2,1,2,3,3,2,4
501,494,492,492,18,19,18,19,7,2,0,-1,1,-1,-1,1,2,1,1,4
595,597,593,595,21,19,20,19,-2,4,-2,2,-1,1,2,1,2,2,1,4
276,262,262,262,18,19,18,18,14,0,0,-1,1,0,0,1,3,1,1,4
679,677,679,682,20,19,18,18,2,-2,-3,1,1,0,2,1,2,3,2,4
290,286,281,281,18,19,18,19,4,5,0,-1,1,-1,-1,3,1,3,1,4
360,360,356,353,17,16,18,16,0,4,3,1,-2,2,1,1,1,1,2,4
904,900,900,897,14,14,15,13,4,0,3,0,-1,2,1,1,1,1,2,4
407,393,391,393,13,14,12,13,14,2,-2,-1,2,-1,0,3,3,2,1,4
276,269,260,255,18,19,18,21,7,9,5,-1,1,-3,-3,3,2,2,2,4
276,274,274,271,21,19,20,18,2,0,3,2,-1,2,3,1,2,2,1,4
607,604,604,604,21,19,20,19,3,0,0,2,-1,1,2,2,1,1,1,4
524,520,527,529,18,19,18,19,4,-7,-2,-1,1,-1,-1,1,1,2,1,4
895,886,886,883,14,14,15,16,9,0,3,0,-1,-1,-2,1,3,3,2,4
325,318,332,325,14,14,15,13,7,-14,7,0,-1,2,1,2,1,1,2,4
773,768,768,768,20,19,20,18,5,0,0,1,-1,2,2,1,1,1,1,4
496,489,489,482,21,19,21,21,7,0,7,2,-2,0,0,3,2,2,1,4
745,745,740,773,17,16,18,16,0,5,-33,1,-2,2,1,1,1,1,1,4
1038,1036,1036,1036,17,16,15,16,2,0,0,1,1,-1,1,2,1,1,1,4
543,539,534,543,14,17,15,16,4,5,-9,-3,2,-1,-2,1,1,1,1,4
778,768,773,773,20,19,20,18,10,-5,0,1,-1,2,2,1,1,1,1,4
888,876,871,869,14,14,15,13,12,5,2,0,-1,2,1,2,3,3,2,4
625,625,621,618,14,14,13,13,0,4,3,0,1,0,1,2,2,2,1,4
438,443,436,433,13,14,12,13,-5,7,3,-1,2,-1,0,2,2,3,2,4
998,989,984,989,13,14,12,13,9,5,-5,-1,2,-1,0,3,3,1,1,4
974,970,970,970,17,16,18,18,4,0,0,1,-2,0,-1,3,1,3,1,4
879,871,867,867,21,19,20,18,8,4,0,2,-1,2,3,2,1,1,1,4
960,956,956,956,20,19,20,21,4,0,0,1,-1,-1,-1,1,1,1,1,4
609,600,600,600,18,17,18,19,9,0,0,1,-1,-1,-1,3,1,3,1,4
1071,1068,1068,1066,20,19,20,21,3,0,2,1,-1,-1,-1,2,1,1,2,4
461,457,454,454,17,16,15,16,4,3,0,1,1,-1,1,2,2,3,3,4
946,939,935,937,13,14,13,13,7,4,-2,-1,1,0,0,1,2,2,1,4
803,799,796,796,14,14,15,13,4,3,0,0,-1,2,1,2,2,1,3,4
536,524,529,524,14,14,15,16,12,-5,5,0,-1,-1,-2,2,1,3,3,4
928,918,914,916,18,19,18,19,10,4,-2,-1,1,-1,-1,1,1,1,2,4
196,203,194,196,14,17,15,16,-7,9,-2,-3,2,-1,-2,1,2,2,1,4
400,398,393,391,20,19,20,18,2,5,2,1,-1,2,2,2,1,1,2,4
958,963,951,942,20,19,20,18,-5,12,9,1,-1,2,2,2,2,1,1,4
848,843,843,846,14,14,15,13,5,0,-3,0,-1,2,1,1,3,1,2,4
925,921,923,923,21,19,21,21,4,-2,0,2,-2,0,0,2,2,1,1,4
1050,1050,1047,1045,17,16,15,16,0,3,2,1,1,-1,1,1,3,2,1,4
745,740,736,740,13,14,15,13,5,4,-4,-1,-1,2,0,3,3,1,1,4
349,344,351,353,20,19,20,21,5,-7,-2,1,-1,-1,-1,2,2,1,2,4
759,759,759,757,13,14,15,13,0,0,2,-1,-1,2,0,1,3,3,2,4
250,243,241,241,18,17,18,18,7,2,0,1,-1,0,0,2,1,2,2,4
288,278,276,276,18,19,18,18,10,2,0,-1,1,0,0,2,2,3,1,4
457,450,447,445,17,16,18,18,7,3,2,1,-2,0,-1,2,1,2,1,4
466,468,464,461,20,19,20,18,-2,4,3,1,-1,2,2,2,3,3,2,4
764,757,757,757,20,19,20,18,7,0,0,1,-1,2,2,3,2,2,2,4
1057,1054,1052,1054,17,16,18,18,3,2,-2,1,-2,0,-1,2,1,2,3,4
597,590,581,586,18,19,18,19,7,9,-5,-1,1,-1,-1,2,3,1,1,4
787,778,775,775,14,14,13,13,9,3,0,0,1,0,1,1,1,2,2,4
867,867,867,867,18,19,18,18,0,0,0,-1,1,0,0,1,1,3,1,4
893,881,869,867,14,14,13,13,12,12,2,0,1,0,1,2,3,2,1,4
1054,1052,1047,1064,13,14,12,13,2,5,-17,-1,2,-1,0,1,2,2,1,4
970,965,965,965,17,16,15,16,5,0,0,1,1,-1,1,1,3,3,1,4
412,407,400,407,13,14,15,13,5,7,-7,-1,-1,2,0,3,3,2,1,4
499,492,487,496,21,19,21,21,7,5,-9,2,-2,0,0,2,3,1,1,4
986,982,979,984,13,16,15,16,4,3,-5,-3,1,-1,-3,2,2,3,1,4
215,210,210,210,14,14,13,13,5,0,0,0,1,0,1,3,1,3,1,4
222,217,217,213,14,14,15,13,5,0,4,0,-1,2,1,2,2,2,2,4
787,782,778,782,18,17,18,16,5,4,-4,1,-1,2,2,1,1,1,1,4
311,304,304,304,14,14,13,13,7,0,0,0,1,0,1,2,1,3,1,4
279,276,276,278,18,17,18,16,3,0,-2,1,-1,2,2,2,3,1,2,4
932,937,925,928,17,16,15,16,-5,12,-3,1,1,-1,1,1,1,2,1,4
494,482,482,478,21,19,21,21,12,0,4,2,-2,0,0,2,1,1,1,4
773,771,771,768,17,16,15,16,2,0,3,1,1,-1,1,1,2,2,1,4
279,281,281,276,14,17,15,16,-2,0,5,-3,2,-1,-2,2,3,1,1,4
379,377,374,379,13,16,15,16,2,3,-5,-3,1,-1,-3,1,2,1,1,4
492,475,466,464,14,16,15,16,17,9,2,-2,1,-1,-2,1,2,2,1,4
888,881,883,886,14,14,15,16,7,-2,-3,0,-1,-1,-2,2,3,2,1,4
243,243,241,243,18,19,18,18,0,2,-2,-1,1,0,0,3,1,2,1,4
494,487,487,487,18,17,18,19,7,0,0,1,-1,-1,-1,2,1,1,1,4
787,787,778,778,21,19,20,18,0,9,0,2,-1,2,3,1,1,1,1,4
785,782,778,778,18,17,18,18,3,4,0,1,-1,0,0,2,1,1,1,4
607,595,595,593,14,17,15,16,12,0,2,-3,2,-1,-2,2,1,3,2,4
417,414,412,412,20,19,20,21,3,2,0,1,-1,-1,-1,1,2,1,1,4
597,590,588,588,14,14,13,13,7,2,0,0,1,0,1,2,3,2,2,4
358,356,356,356,20,19,20,18,2,0,0,1,-1,2,2,2,1,1,1,4
710,705,703,710,13,14,15,13,5,2,-7,-1,-1,2,0,2,2,3,2,4
440,438,433,431,20,19,20,18,2,5,2,1,-1,2,2,1,2,2,1,4
656,656,651,649,20,19,18,18,0,5,2,1,1,0,2,1,1,3,2,4
431,424,414,412,17,16,18,16,7,10,2,1,-2,2,1,3,2,2,3,4
365,358,360,363,17,16,18,18,7,-2,-3,1,-2,0,-1,1,2,1,2,4
318,314,309,309,21,19,21,19,4,5,0,2,-2,2,2,1,3,1,1,4
792,787,778,775,14,14,13,13,5,9,3,0,1,0,1,1,1,1,2,4
569,536,532,529,14,14,13,13,33,4,3,0,1,0,1,2,2,2,1,4
764,764,761,761,13,16,15,16,0,3,0,-3,1,-1,-3,1,3,2,2,4
234,224,227,222,14,17,15,16,10,-3,5,-3,2,-1,-2,3,1,2,2,4
536,529,524,520,14,14,13,13,7,5,4,0,1,0,1,2,1,1,1,4
907,904,893,895,14,14,15,13,3,11,-2,0,-1,2,1,2,3,2,1,4
970,970,965,965,13,14,15,13,0,5,0,-1,-1,2,0,1,3,1,3,4
1031,1026,1024,1026,17,16,18,18,5,2,-2,1,-2,0,-1,1,3,2,1,4
806,799,799,796,21,19,21,19,7,0,3,2,-2,2,2,1,2,2,1,4
1059,1054,1054,1050,20,19,20,21,5,0,4,1,-1,-1,-1,1,1,1,1,4
307,307,309,307,14,14,13,13,0,-2,2,0,1,0,1,2,2,3,2,4
817,810,815,815,14,14,15,13,7,-5,0,0,-1,2,1,2,3,1,1,4
562,560,557,562,14,17,15,16,2,3,-5,-3,2,-1,-2,1,2,1,3,4
196,192,189,192,21,19,21,19,4,3,-3,2,-2,2,2,1,1,2,3,4
656,656,651,651,20,19,20,18,0,5,0,1,-1,2,2,1,1,1,1,4
297,300,300,300,21,19,20,21,-3,0,0,2,-1,-1,0,2,1,1,1,4
824,824,820,820,18,19,18,19,0,4,0,-1,1,-1,-1,1,1,1,1,4
937,937,935,932,17,16,18,16,0,2,3,1,-2,2,1,3,1,2,1,4
227,220,215,215,18,19,18,19,7,5,0,-1,1,-1,-1,2,1,1,1,4
679,684,674,674,17,16,18,18,-5,10,0,1,-2,0,-1,1,1,1,1,4
1038,1036,1043,1040,20,19,20,18,2,-7,3,1,-1,2,2,2,1,2,1,4
421,417,412,417,13,16,15,16,4,5,-5,-3,1,-1,-3,3,3,1,1,4
314,309,300,304,18,19,18,19,5,9,-4,-1,1,-1,-1,1,1,1,1,4
909,900,895,900,14,17,15,16,9,5,-5,-3,2,-1,-2,1,3,1,1,4
925,921,916,914,21,19,21,21,4,5,2,2,-2,0,0,2,2,2,1,4
478,473,468,466,13,14,12,13,5,5,2,-1,2,-1,0,1,3,1,2,4
478,471,473,473,17,16,18,16,7,-2,0,1,-2,2,1,1,2,1,1,4
740,733,731,738,13,14,12,13,7,2,-7,-1,2,-1,0,1,2,1,2,4
703,698,698,693,20,19,20,21,5,0,5,1,-1,-1,-1,1,3,1,1,4
1038,1031,1031,1028,17,16,15,16,7,0,3,1,1,-1,1,2,1,1,2,4
1007,1007,1005,1007,20,19,23,21,0,2,-2,1,-4,2,-1,1,3,2,1,4
283,276,281,276,14,17,15,16,7,-5,5,-3,2,-1,-2,2,3,3,1,4
576,555,546,548,14,14,15,13,21,9,-2,0,-1,2,1,1,2,2,1,4
550,546,541,510,18,17,18,16,4,5,31,1,-1,2,2,2,2,2,1,4
513,510,506,506,14,14,13,13,3,4,0,0,1,0,1,2,3,1,1,4
311,304,304,304,14,14,13,13,7,0,0,0,1,0,1,2,1,1,3,4
677,677,677,674,13,14,15,13,0,0,3,-1,-1,2,0,2,2,2,1,4
574,567,567,569,21,19,20,18,7,0,-2,2,-1,2,3,2,1,1,2,4
248,243,241,241,14,14,13,13,5,2,0,0,1,0,1,3,3,2,2,4
553,550,548,550,18,17,18,18,3,2,-2,1,-1,0,0,3,2,1,2,4
253,248,243,241,21,19,20,18,5,5,2,2,-1,2,3,1,3,1,2,4
262,260,257,253,18,17,18,18,2,3,4,1,-1,0,0,1,2,3,1,4
665,658,663,665,17,19,18,18,7,-5,-2,-2,1,0,-1,3,2,2,1,4
307,297,300,302,18,19,18,19,10,-3,-2,-1,1,-1,-1,2,2,1,2,4
946,944,935,935,13,14,13,13,2,9,0,-1,1,0,0,3,2,2,2,4
501,496,494,494,14,14,13,13,5,2,0,0,1,0,1,3,3,2,2,4
384,379,379,379,17,16,18,18,5,0,0,1,-2,0,-1,3,3,1,1,4
900,895,890,893,14,17,15,16,5,5,-3,-3,2,-1,-2,1,1,1,2,4
576,576,571,571,14,17,15,16,0,5,0,-3,2,-1,-2,3,3,1,1,4
984,984,984,984,20,19,20,21,0,0,0,1,-1,-1,-1,3,3,1,1,4
625,618,618,618,14,17,15,16,7,0,0,-3,2,-1,-2,2,1,1,3,4
323,323,316,318,18,17,18,16,0,7,-2,1,-1,2,2,3,1,2,3,4
810,806,806,806,14,14,15,13,4,0,0,0,-1,2,1,1,3,1,1,4
700,691,689,684,13,14,12,13,9,2,5,-1,2,-1,0,2,2,1,3,4
1038,1028,1019,1012,17,16,15,16,10,9,7,1,1,-1,1,2,2,2,1,4
897,893,895,897,14,14,13,13,4,-2,-2,0,1,0,1,2,2,1,2,4
276,274,269,264,14,17,15,16,2,5,5,-3,2,-1,-2,3,2,2,2,4
775,773,766,768,20,19,20,18,2,7,-2,1,-1,2,2,2,1,2,1,4
1019,1010,1012,1012,13,14,12,13,9,-2,0,-1,2,-1,0,2,2,1,3,4
602,600,600,600,14,14,15,13,2,0,0,0,-1,2,1,2,3,1,1,4
703,698,698,691,20,19,20,18,5,0,7,1,-1,2,2,1,3,1,2,4
398,393,400,398,20,19,20,21,5,-7,2,1,-1,-1,-1,1,1,2,1,4
588,588,586,586,21,19,20,19,0,2,0,2,-1,1,2,2,2,1,1,4
998,998,1000,1003,17,16,15,16,0,-2,-3,1,1,-1,1,1,1,2,1,4
1050,1043,1036,1043,13,16,15,16,7,7,-7,-3,1,-1,-3,1,2,1,2,4
201,196,194,194,14,14,13,13,5,2,0,0,1,0,1,1,3,2,2,4
1031,1026,1026,1026,20,19,18,18,5,0,0,1,1,0,2,3,1,1,1,4
1045,1036,1040,1040,13,14,15,16,9,-4,0,-1,-1,-1,-3,1,3,3,1,4
787,787,785,787,14,14,13,13,0,2,-2,0,1,0,1,1,3,2,1,4
853,848,839,846,14,17,15,16,5,9,-7,-3,2,-1,-2,1,3,1,2,4
607,602,754,600,21,19,20,21,5,-152,154,2,-1,-1,0,2,2,1,1,4
370,365,363,363,13,14,15,16,5,2,0,-1,-1,-1,-3,1,3,2,2,4
1031,1024,1019,1017,17,16,18,18,7,5,2,1,-2,0,-1,1,2,2,1,4
295,295,295,293,21,19,20,21,0,0,2,2,-1,-1,0,1,3,1,2,4
546,539,529,534,18,19,18,18,7,10,-5,-1,1,0,0,2,3,1,1,4
1050,1050,1045,1047,20,19,18,18,0,5,-2,1,1,0,2,1,1,3,2,4
